Source,Location ID,City,State,Country,Latitude,Longitude,Time Zone,Elevation,Local Time Zone,Clearsky DHI Units,Clearsky DNI Units,Clearsky GHI Units,Dew Point Units,DHI Units,DNI Units,GHI Units,Solar Zenith Angle Units,Temperature Units,Pressure Units,Relative Humidity Units,Precipitable Water Units,Wind Direction Units,Wind Speed Units,Cloud Type -15,Cloud Type 0,Cloud Type 1,Cloud Type 2,Cloud Type 3,Cloud Type 4,Cloud Type 5,Cloud Type 6,Cloud Type 7,Cloud Type 8,Cloud Type 9,Cloud Type 10,Cloud Type 11,Cloud Type 12,Fill Flag 0,Fill Flag 1,Fill Flag 2,Fill Flag 3,Fill Flag 4,Fill Flag 5,Surface Albedo Units,Version
NSRDB,1040473,-,-,-,33.97,-81.06,-5,60,-5,w/m2,w/m2,w/m2,c,w/m2,w/m2,w/m2,Degree,c,mbar,%,cm,Degrees,m/s,N/A,Clear,Probably Clear,Fog,Water,Super-Cooled Water,Mixed,Opaque Ice,Cirrus,Overlapping,Overshooting,Unknown,Dust,Smoke,N/A,Missing Image,Low Irradiance,Exceeds Clearsky,Missing CLoud Properties,Rayleigh Violation,N/A,v3.2.2
Year,Month,Day,Hour,Minute,Temperature,Clearsky DHI,Clearsky DNI,Clearsky GHI,Cloud Type,Dew Point,DHI,DNI,Fill Flag,GHI,Relative Humidity,Solar Zenith Angle,Surface Albedo,Pressure,Precipitable Water,Wind Direction,Wind Speed,Global Horizontal UV Irradiance (280-400nm),Global Horizontal UV Irradiance (295-385nm)
2022,1,1,0,30,18.6,0,0,0,0,18.6,0,0,0,0,100,169.03,0.14,1007,3.8000000000000003,208,1.4000000000000001,0.0000,0.0000
2022,1,1,1,30,18.7,0,0,0,0,18.7,0,0,0,0,100,162.5,0.14,1007,3.8000000000000003,210,1.4000000000000001,0.0000,0.0000
2022,1,1,2,30,18.900000000000002,0,0,0,0,18.900000000000002,0,0,0,0,99.95,151.12,0.14,1007,3.7,215,1.6,0.0000,0.0000
2022,1,1,3,30,18.900000000000002,0,0,0,0,18.900000000000002,0,0,0,0,100,138.83,0.14,1007,3.6,218,1.6,0.0000,0.0000
2022,1,1,4,30,19,0,0,0,0,19,0,0,0,0,99.79,126.41,0.14,1007,3.5,217,1.7000000000000002,0.0000,0.0000
2022,1,1,5,30,19.1,0,0,0,3,19,0,0,0,0,99.68,114.12,0.14,1006,3.4000000000000004,217,1.8,0.0000,0.0000
2022,1,1,6,30,19,0,0,0,0,19,0,0,0,0,99.99000000000001,102.17,0.14,1006,3.3000000000000003,215,1.9000000000000001,0.0000,0.0000
2022,1,1,7,30,19.400000000000002,5,41,5,3,19,2,0,43,2,97.25,90.19,0.14,1007,3.1,214,2,0.0000,0.0000
2022,1,1,8,30,20.5,44,505,131,3,19.400000000000002,53,173,21,83,93.39,80.13,0.14,1007,3.1,214,2.3000000000000003,0.0000,0.0000
2022,1,1,9,30,22.1,59,727,297,0,20,112,386,4,238,88.06,70.87,0.14,1007,3,217,2.6,12.0885,9.3507
2022,1,1,10,30,23.8,62,831,434,8,20.200000000000003,190,163,46,263,80.52,63.43,0.14,1007,3,221,3.1,14.1863,11.0557
2022,1,1,11,30,24.900000000000002,64,874,520,3,19.700000000000003,209,204,0,315,73.06,58.54,0.14,1006,3.1,221,3.4000000000000004,17.5106,13.6870
2022,1,1,12,30,25.400000000000002,67,877,546,0,19.200000000000003,128,622,0,468,68.45,56.9,0.14,1005,3.3000000000000003,220,3.5,26.2414,20.5273
2022,1,1,13,30,25.400000000000002,70,853,512,3,18.8,198,328,0,368,66.99,58.77,0.14,1004,3.4000000000000004,220,3.5,20.4309,15.9678
2022,1,1,14,30,25,65,811,422,3,18.6,166,105,0,212,67.73,63.85,0.14,1004,3.4000000000000004,220,3.4000000000000004,11.4019,8.8830
2022,1,1,15,30,24,56,719,285,0,18.6,86,528,0,254,71.76,71.44,0.14,1003,3.4000000000000004,217,3,12.8338,9.9194
2022,1,1,16,30,22.700000000000003,39,511,121,0,18.7,39,511,0,121,77.95,80.8,0.14,1003,3.3000000000000003,214,2.5,0.0000,0.0000
2022,1,1,17,30,21.700000000000003,3,23,2,0,18.400000000000002,3,23,0,2,81.29,91.52,0.14,1003,3.2,212,2.4000000000000004,0.0000,0.0000
2022,1,1,18,30,21.1,0,0,0,0,18,0,0,0,0,82.56,102.96000000000001,0.14,1004,3.1,212,2.5,0.0000,0.0000
2022,1,1,19,30,20.5,0,0,0,0,17.5,0,0,0,0,83.14,114.94,0.14,1004,3,211,2.6,0.0000,0.0000
2022,1,1,20,30,20.1,0,0,0,0,17,0,0,0,0,82.42,127.24000000000001,0.14,1004,3.1,210,2.7,0.0000,0.0000
2022,1,1,21,30,19.700000000000003,0,0,0,0,16.6,0,0,0,0,82.36,139.66,0.14,1003,3.2,209,2.7,0.0000,0.0000
2022,1,1,22,30,19.6,0,0,0,3,16.5,0,0,0,0,82.48,151.92000000000002,0.14,1003,3.2,210,2.7,0.0000,0.0000
2022,1,1,23,30,19.5,0,0,0,0,16.7,0,0,0,0,84.10000000000001,163.15,0.14,1003,3.2,211,3,0.0000,0.0000
2022,1,2,0,30,19.400000000000002,0,0,0,0,17.2,0,0,0,0,87.05,168.95000000000002,0.14,1002,3.1,212,3.2,0.0000,0.0000
2022,1,2,1,30,19.3,0,0,0,3,17.7,0,0,0,0,90.60000000000001,162.52,0.14,1002,2.9000000000000004,212,3.4000000000000004,0.0000,0.0000
2022,1,2,2,30,19.400000000000002,0,0,0,3,18.2,0,0,0,0,92.76,151.17000000000002,0.14,1001,2.8000000000000003,213,3.6,0.0000,0.0000
2022,1,2,3,30,19.6,0,0,0,0,18.6,0,0,0,0,93.83,138.89000000000001,0.14,1001,2.7,214,3.7,0.0000,0.0000
2022,1,2,4,30,19.6,0,0,0,0,18.8,0,0,0,0,95.15,126.47,0.14,1001,2.8000000000000003,216,3.7,0.0000,0.0000
2022,1,2,5,30,19.6,0,0,0,0,18.900000000000002,0,0,0,0,95.52,114.17,0.14,1001,3,217,3.7,0.0000,0.0000
2022,1,2,6,30,19.6,0,0,0,0,18.900000000000002,0,0,0,0,95.65,102.22,0.14,1002,3.2,217,3.6,0.0000,0.0000
2022,1,2,7,30,19.8,5,40,5,0,18.900000000000002,5,40,0,5,94.61,90.22,0.14,1002,3.5,217,3.4000000000000004,0.0000,0.0000
2022,1,2,8,30,20.5,45,491,129,3,19.200000000000003,31,56,32,41,92.13,80.14,0.14,1003,3.7,218,3.3000000000000003,0.0000,0.0000
2022,1,2,9,30,21.5,67,672,287,5,19.6,51,5,4,53,89.07000000000001,70.87,0.14,1003,4,221,3.3000000000000003,2.6920,2.0823
2022,1,2,10,30,22.3,85,740,416,4,19.8,40,0,0,40,85.59,63.4,0.14,1004,4.1000000000000005,227,3.3000000000000003,2.1581,1.6819
2022,1,2,11,30,22.400000000000002,90,788,502,4,19.900000000000002,58,0,0,58,85.55,58.480000000000004,0.14,1004,4.2,240,3,3.2252,2.5210
2022,1,2,12,30,22.1,90,809,533,4,20,69,1,0,70,87.92,56.81,0.14,1003,4.1000000000000005,263,2.5,3.9268,3.0718
2022,1,2,13,30,21.1,87,800,503,4,19.6,80,2,0,81,90.97,58.660000000000004,0.14,1003,3.9000000000000004,295,2,4.4998,3.5170
2022,1,2,14,30,19.700000000000003,79,759,415,4,18.2,99,14,0,105,90.98,63.72,0.14,1004,3.8000000000000003,323,1.6,5.6523,4.4040
2022,1,2,15,30,18.5,69,652,278,8,17.1,38,3,7,39,91.46000000000001,71.3,0.14,1004,3.9000000000000004,344,1.4000000000000001,1.9731,1.5253
2022,1,2,16,30,17.400000000000002,50,409,116,7,16.400000000000002,12,0,43,12,93.71000000000001,80.66,0.14,1004,4,185,1.2000000000000002,0.0000,0.0000
2022,1,2,17,30,16.7,2,11,2,6,15.9,1,0,43,1,95.13,91.38,0.14,1004,4.2,36,1.1,0.0000,0.0000
2022,1,2,18,30,16.5,0,0,0,6,15.700000000000001,0,0,0,0,95.16,102.82000000000001,0.14,1004,4.3,69,1,0.0000,0.0000
2022,1,2,19,30,16.7,0,0,0,6,16,0,0,0,0,95.87,114.8,0.14,1003,4.3,101,0.9,0.0000,0.0000
2022,1,2,20,30,17.2,0,0,0,6,16.6,0,0,0,0,96.53,127.10000000000001,0.14,1001,4.2,133,1.1,0.0000,0.0000
2022,1,2,21,30,18.1,0,0,0,6,17.3,0,0,0,0,94.85000000000001,139.53,0.14,1000,4,161,2.1,0.0000,0.0000
2022,1,2,22,30,19.1,0,0,0,6,18.400000000000002,0,0,0,0,95.49,151.78,0.14,999,4,177,3.1,0.0000,0.0000
2022,1,2,23,30,19.5,0,0,0,6,18.900000000000002,0,0,0,0,96.4,163,0.14,997,4.1000000000000005,180,3.8000000000000003,0.0000,0.0000
2022,1,3,0,30,19.6,0,0,0,6,18.900000000000002,0,0,0,0,95.89,168.86,0.14,996,3.9000000000000004,177,4.1000000000000005,0.0000,0.0000
2022,1,3,1,30,19.400000000000002,0,0,0,7,18.7,0,0,0,0,95.87,162.54,0.14,993,3.9000000000000004,169,4.2,0.0000,0.0000
2022,1,3,2,30,19.200000000000003,0,0,0,8,18.5,0,0,0,0,95.73,151.22,0.14,991,4,181,4.7,0.0000,0.0000
2022,1,3,3,30,17.2,0,0,0,3,17.2,0,0,0,0,100,138.95000000000002,0.14,992,3.3000000000000003,216,5.5,0.0000,0.0000
2022,1,3,4,30,12.4,0,0,0,0,12.4,0,0,0,0,100,126.52,0.14,993,2,232,5.6000000000000005,0.0000,0.0000
2022,1,3,5,30,8.8,0,0,0,0,7.300000000000001,0,0,0,0,90.58,114.22,0.14,995,1.5,238,5.300000000000001,0.0000,0.0000
2022,1,3,6,30,7.9,0,0,0,4,5.6000000000000005,0,0,0,0,85.16,102.26,0.14,997,1.6,264,5.300000000000001,0.0000,0.0000
2022,1,3,7,30,7.4,4,11,4,4,5.300000000000001,2,0,43,2,86.26,90.83,0.14,1001,1.7000000000000002,297,5.4,0.0000,0.0000
2022,1,3,8,30,7.1000000000000005,64,366,127,4,4.1000000000000005,32,29,14,37,80.99,80.15,0.14,1004,1.6,318,5.2,0.0000,0.0000
2022,1,3,9,30,8.1,77,685,302,4,3.1,57,0,0,57,70.89,70.85000000000001,0.14,1007,1.5,323,4.6000000000000005,2.8957,2.2399
2022,1,3,10,30,9.5,81,819,448,4,2.7,126,1,0,126,62.75,63.36,0.14,1009,1.4000000000000001,326,4.4,6.7997,5.2995
2022,1,3,11,30,10.3,79,897,549,4,2,238,134,0,308,56.27,58.410000000000004,0.14,1011,1.1,332,4,17.1336,13.3932
2022,1,3,12,30,10.9,75,941,591,4,1.3,286,150,0,368,51.51,56.71,0.14,1011,0.8,333,3.5,20.6540,16.1579
2022,1,3,13,30,11.100000000000001,67,952,564,4,0.7000000000000001,182,58,0,212,48.64,58.54,0.14,1012,0.6000000000000001,332,3.1,11.7849,9.2116
2022,1,3,14,30,10.8,60,925,471,0,-0.2,168,410,0,350,46.6,63.59,0.14,1013,0.5,333,2.8000000000000003,18.8582,14.6949
2022,1,3,15,30,9.9,50,851,325,0,-0.9,50,851,0,325,46.92,71.16,0.14,1014,0.5,338,2.3000000000000003,16.4636,12.7299
2022,1,3,16,30,7.800000000000001,36,666,146,0,-0.8,36,666,0,146,54.730000000000004,80.51,0.14,1015,0.5,342,1.5,0.0000,0.0000
2022,1,3,17,30,5.7,7,73,5,0,0.9,7,73,0,5,71.3,91.23,0.14,1016,0.5,348,1.2000000000000002,0.0000,0.0000
2022,1,3,18,30,4.7,0,0,0,0,0.9,0,0,0,0,76.21000000000001,102.68,0.14,1017,0.5,353,1.1,0.0000,0.0000
2022,1,3,19,30,4,0,0,0,0,0.9,0,0,0,0,80.08,114.66,0.14,1018,0.5,179,1,0.0000,0.0000
2022,1,3,20,30,3.4000000000000004,0,0,0,0,0.7000000000000001,0,0,0,0,82.76,126.96000000000001,0.14,1019,0.5,5,0.9,0.0000,0.0000
2022,1,3,21,30,2.8000000000000003,0,0,0,0,0.5,0,0,0,0,85.10000000000001,139.39000000000001,0.14,1019,0.5,11,0.9,0.0000,0.0000
2022,1,3,22,30,2.4000000000000004,0,0,0,0,0.4,0,0,0,0,86.8,151.64000000000001,0.14,1020,0.5,18,1.1,0.0000,0.0000
2022,1,3,23,30,2.2,0,0,0,0,0.2,0,0,0,0,86.91,162.86,0.14,1019,0.5,27,1.2000000000000002,0.0000,0.0000
2022,1,4,0,30,1.8,0,0,0,0,0.1,0,0,0,0,88.46000000000001,168.76,0.14,1019,0.4,35,1.2000000000000002,0.0000,0.0000
2022,1,4,1,30,1.2000000000000002,0,0,0,0,0,0,0,0,0,91.95,162.55,0.14,1019,0.4,43,1.1,0.0000,0.0000
2022,1,4,2,30,0.4,0,0,0,0,0,0,0,0,0,96.87,151.26,0.14,1020,0.4,50,1,0.0000,0.0000
2022,1,4,3,30,-0.1,0,0,0,0,-0.2,0,0,0,0,99.51,139,0.14,1020,0.4,58,1,0.0000,0.0000
2022,1,4,4,30,-0.5,0,0,0,0,-0.5,0,0,0,0,100,126.57000000000001,0.14,1021,0.4,64,1,0.0000,0.0000
2022,1,4,5,30,-0.8,0,0,0,0,-0.8,0,0,0,0,100,114.27,0.14,1022,0.4,69,1.1,0.0000,0.0000
2022,1,4,6,30,-1,0,0,0,0,-1,0,0,0,0,100,102.29,0.14,1022,0.4,71,1.2000000000000002,0.0000,0.0000
2022,1,4,7,30,0,8,91,7,0,-1.2000000000000002,8,91,0,7,91.86,90.86,0.14,1023,0.4,73,1.7000000000000002,0.0000,0.0000
2022,1,4,8,30,2,37,686,154,0,-1.8,37,686,0,154,75.92,80.15,0.14,1024,0.4,78,2.3000000000000003,0.0000,0.0000
2022,1,4,9,30,4,51,865,335,0,-3.7,51,865,0,335,57.35,70.84,0.14,1024,0.4,82,2.5,17.0200,13.1658
2022,1,4,10,30,5.7,61,933,480,0,-4.4,61,933,0,480,48.39,63.31,0.14,1024,0.5,82,2.3000000000000003,25.9126,20.1960
2022,1,4,11,30,7.2,67,962,572,0,-4.4,67,962,0,572,43.47,58.34,0.14,1023,0.5,82,2.1,31.8317,24.8834
2022,1,4,12,30,8.3,72,967,604,0,-4.1000000000000005,72,967,0,604,41.39,56.6,0.14,1021,0.5,86,1.9000000000000001,33.9182,26.5360
2022,1,4,13,30,8.9,72,948,569,0,-3.6,72,948,0,569,41.1,58.410000000000004,0.14,1020,0.5,93,1.8,31.6527,24.7426
2022,1,4,14,30,9,70,899,472,0,-3.2,70,899,0,472,42.050000000000004,63.440000000000005,0.14,1019,0.5,101,1.7000000000000002,25.4580,19.8398
2022,1,4,15,30,8.1,62,796,321,0,-3,62,796,0,321,45.6,71.01,0.14,1018,0.6000000000000001,107,1.4000000000000001,16.2834,12.5931
2022,1,4,16,30,5.7,44,593,143,0,-0.7000000000000001,44,593,0,143,63.67,80.36,0.14,1018,0.6000000000000001,104,1,0.0000,0.0000
2022,1,4,17,30,3.5,6,59,5,0,-0.4,6,59,0,5,75.38,91.08,0.14,1018,0.6000000000000001,96,1,0.0000,0.0000
2022,1,4,18,30,3,0,0,0,0,-1.1,0,0,0,0,74.33,102.53,0.14,1017,0.6000000000000001,90,1.2000000000000002,0.0000,0.0000
2022,1,4,19,30,2.7,0,0,0,0,-1.4000000000000001,0,0,0,0,74.56,114.52,0.14,1017,0.8,85,1.3,0.0000,0.0000
2022,1,4,20,30,2.5,0,0,0,0,-1.4000000000000001,0,0,0,0,75.5,126.82000000000001,0.14,1017,0.9,79,1.2000000000000002,0.0000,0.0000
2022,1,4,21,30,2.4000000000000004,0,0,0,0,-1.4000000000000001,0,0,0,0,76.24,139.24,0.14,1017,1.1,81,1.1,0.0000,0.0000
2022,1,4,22,30,2.5,0,0,0,0,-1.4000000000000001,0,0,0,0,75.67,151.49,0.14,1016,1.2000000000000002,96,0.9,0.0000,0.0000
2022,1,4,23,30,2.4000000000000004,0,0,0,0,-0.8,0,0,0,0,79.19,162.71,0.14,1016,1.3,113,0.7000000000000001,0.0000,0.0000
2022,1,5,0,30,2.3000000000000003,0,0,0,0,-0.5,0,0,0,0,81.95,168.65,0.14,1015,1.4000000000000001,125,0.6000000000000001,0.0000,0.0000
2022,1,5,1,30,2.6,0,0,0,0,-0.2,0,0,0,0,81.86,162.55,0.14,1014,1.5,134,0.6000000000000001,0.0000,0.0000
2022,1,5,2,30,3,0,0,0,7,0.30000000000000004,0,0,0,0,82.3,151.3,0.14,1014,1.5,176,0.4,0.0000,0.0000
2022,1,5,3,30,3.4000000000000004,0,0,0,4,-0.2,0,0,0,0,77.21000000000001,139.04,0.14,1013,1.6,246,0.30000000000000004,0.0000,0.0000
2022,1,5,4,30,3.8000000000000003,0,0,0,4,0.30000000000000004,0,0,0,0,78.08,126.61,0.14,1012,1.6,282,0.30000000000000004,0.0000,0.0000
2022,1,5,5,30,4.2,0,0,0,4,0.6000000000000001,0,0,0,0,77.24,114.31,0.14,1012,1.6,288,0.30000000000000004,0.0000,0.0000
2022,1,5,6,30,4.5,0,0,0,4,1.2000000000000002,0,0,0,0,79.3,102.32000000000001,0.14,1012,1.7000000000000002,280,0.30000000000000004,0.0000,0.0000
2022,1,5,7,30,5.1000000000000005,6,33,5,4,1.9000000000000001,2,0,43,2,79.78,90.87,0.14,1011,1.6,265,0.30000000000000004,0.0000,0.0000
2022,1,5,8,30,6.300000000000001,50,492,134,0,1.5,29,295,0,79,71.17,80.16,0.14,1011,1.6,255,0.4,0.0000,0.0000
2022,1,5,9,30,8.3,70,714,305,0,1.9000000000000001,57,295,0,154,64.05,70.81,0.14,1011,1.6,246,0.6000000000000001,7.8263,6.0543
2022,1,5,10,30,10.8,79,823,449,0,3.6,89,766,0,434,61.01,63.26,0.14,1010,1.5,242,1,23.4374,18.2675
2022,1,5,11,30,13.3,81,878,543,0,5.9,99,788,0,514,60.800000000000004,58.25,0.14,1009,1.5,244,1.5,28.6179,22.3721
2022,1,5,12,30,14.9,78,906,578,0,8.1,86,877,0,570,63.58,56.49,0.14,1007,1.4000000000000001,244,2,32.0264,25.0572
2022,1,5,13,30,15.600000000000001,72,907,549,0,9,72,907,0,549,64.6,58.27,0.14,1006,1.3,245,2.2,30.5633,23.8927
2022,1,5,14,30,15.5,66,873,458,0,8.9,66,873,0,458,64.79,63.300000000000004,0.14,1006,1.3,249,2.2,24.7267,19.2719
2022,1,5,15,30,14.4,55,792,315,0,8.5,55,792,0,315,67.55,70.86,0.14,1006,1.3,255,1.8,16.0010,12.3772
2022,1,5,16,30,11.600000000000001,40,606,143,0,8.3,40,606,0,143,80.07000000000001,80.21000000000001,0.14,1006,1.2000000000000002,262,1.4000000000000001,0.0000,0.0000
2022,1,5,17,30,9,7,67,6,0,7.2,7,67,0,6,88.2,90.93,0.14,1007,1.2000000000000002,267,1.2000000000000002,0.0000,0.0000
2022,1,5,18,30,7.9,0,0,0,0,6.4,0,0,0,0,89.96000000000001,102.38,0.14,1007,1.1,267,1.2000000000000002,0.0000,0.0000
2022,1,5,19,30,7.2,0,0,0,0,5.9,0,0,0,0,91.24,114.37,0.14,1008,1.1,264,1.2000000000000002,0.0000,0.0000
2022,1,5,20,30,6.800000000000001,0,0,0,0,5.6000000000000005,0,0,0,0,92.13,126.68,0.14,1008,1.1,262,1.2000000000000002,0.0000,0.0000
2022,1,5,21,30,6.5,0,0,0,0,5.6000000000000005,0,0,0,0,93.74,139.1,0.14,1008,1,262,1.1,0.0000,0.0000
2022,1,5,22,30,5.9,0,0,0,0,5.6000000000000005,0,0,0,0,97.94,151.35,0.14,1008,1,263,1.1,0.0000,0.0000
2022,1,5,23,30,5.300000000000001,0,0,0,0,5.300000000000001,0,0,0,0,100,162.55,0.14,1008,1,267,1,0.0000,0.0000
2022,1,6,0,30,5,0,0,0,0,5,0,0,0,0,100,168.54,0.14,1008,1,274,1,0.0000,0.0000
2022,1,6,1,30,5,0,0,0,0,5,0,0,0,0,100,162.54,0.14,1008,1,285,0.9,0.0000,0.0000
2022,1,6,2,30,5,0,0,0,0,5,0,0,0,0,100,151.33,0.14,1008,1,298,0.9,0.0000,0.0000
2022,1,6,3,30,5,0,0,0,0,5,0,0,0,0,100,139.08,0.14,1008,1,309,0.9,0.0000,0.0000
2022,1,6,4,30,5.300000000000001,0,0,0,4,5.300000000000001,0,0,0,0,100,126.65,0.14,1008,1,315,0.8,0.0000,0.0000
2022,1,6,5,30,5.300000000000001,0,0,0,0,5.1000000000000005,0,0,0,0,98.62,114.34,0.14,1008,1,319,0.8,0.0000,0.0000
2022,1,6,6,30,5.1000000000000005,0,0,0,0,4.9,0,0,0,0,98.36,102.35000000000001,0.14,1009,1,323,0.8,0.0000,0.0000
2022,1,6,7,30,5.5,7,58,6,7,4.6000000000000005,3,0,43,3,94.10000000000001,90.88,0.14,1009,1,331,0.7000000000000001,0.0000,0.0000
2022,1,6,8,30,7.1000000000000005,43,584,143,0,4.800000000000001,43,584,0,143,85.18,80.15,0.14,1010,1,184,0.5,0.0000,0.0000
2022,1,6,9,30,9.5,59,791,319,8,5.300000000000001,126,438,0,270,75.05,70.78,0.14,1009,1,62,0.6000000000000001,13.7252,10.6179
2022,1,6,10,30,12.100000000000001,65,884,464,0,6,65,884,0,464,66.26,63.2,0.14,1009,1,105,1.1,25.0677,19.5391
2022,1,6,11,30,13.9,69,926,558,0,5.7,69,926,0,558,57.54,58.160000000000004,0.14,1007,1,129,1.8,31.0828,24.3001
2022,1,6,12,30,15,71,935,589,0,5.2,71,935,0,589,51.84,56.370000000000005,0.14,1006,1.1,154,2,33.1136,25.9091
2022,1,6,13,30,15.4,70,920,556,0,5.300000000000001,70,920,0,556,51.120000000000005,58.13,0.14,1005,1.1,179,2,30.9763,24.2173
2022,1,6,14,30,15.3,66,874,461,0,5.800000000000001,66,874,14,461,53.01,63.14,0.14,1004,1.2000000000000002,194,2,24.9158,19.4215
2022,1,6,15,30,14.4,59,772,314,0,6.300000000000001,59,772,0,314,58.17,70.7,0.14,1003,1.4000000000000001,200,1.8,15.9735,12.3586
2022,1,6,16,30,12.4,44,547,138,4,7.4,62,46,29,70,71.57000000000001,80.06,0.14,1003,1.8,199,1.5,0.0000,0.0000
2022,1,6,17,30,11.200000000000001,5,48,5,4,7.4,2,0,43,2,77.38,90.18,0.14,1003,2.1,199,1.5,0.0000,0.0000
2022,1,6,18,30,11.600000000000001,0,0,0,4,7.800000000000001,0,0,0,0,77.45,102.23,0.14,1003,2.3000000000000003,205,1.9000000000000001,0.0000,0.0000
2022,1,6,19,30,12.3,0,0,0,0,8.3,0,0,0,0,76.37,114.22,0.14,1002,2.4000000000000004,213,2.5,0.0000,0.0000
2022,1,6,20,30,12.8,0,0,0,4,8.9,0,0,0,0,77,126.53,0.14,1002,2.5,223,2.8000000000000003,0.0000,0.0000
2022,1,6,21,30,12.9,0,0,0,3,9.9,0,0,0,0,82.23,138.96,0.14,1002,2.5,238,2.7,0.0000,0.0000
2022,1,6,22,30,12.9,0,0,0,0,11.100000000000001,0,0,0,0,88.69,151.20000000000002,0.14,1003,2.3000000000000003,261,2.8000000000000003,0.0000,0.0000
2022,1,6,23,30,11.9,0,0,0,4,10.700000000000001,0,0,0,0,92.41,162.39000000000001,0.14,1004,1.9000000000000001,284,3.1,0.0000,0.0000
2022,1,7,0,30,9.5,0,0,0,3,7.2,0,0,0,0,85.55,168.41,0.14,1005,1.5,297,3.1,0.0000,0.0000
2022,1,7,1,30,7.2,0,0,0,0,3.7,0,0,0,0,78.49,162.52,0.14,1007,1.2000000000000002,304,2.6,0.0000,0.0000
2022,1,7,2,30,5.5,0,0,0,0,1.4000000000000001,0,0,0,0,74.98,151.35,0.14,1008,1,310,2.1,0.0000,0.0000
2022,1,7,3,30,4.3,0,0,0,0,0.1,0,0,0,0,74.15,139.11,0.14,1009,0.9,314,1.7000000000000002,0.0000,0.0000
2022,1,7,4,30,3.3000000000000003,0,0,0,0,-0.7000000000000001,0,0,0,0,74.93,126.69,0.14,1010,0.8,317,1.4000000000000001,0.0000,0.0000
2022,1,7,5,30,2.3000000000000003,0,0,0,0,-1.1,0,0,0,0,78.33,114.37,0.14,1011,0.8,317,1.1,0.0000,0.0000
2022,1,7,6,30,1.6,0,0,0,0,-1.1,0,0,0,0,82.05,102.36,0.14,1012,0.7000000000000001,317,1,0.0000,0.0000
2022,1,7,7,30,2.4000000000000004,7,81,6,0,-1.2000000000000002,7,81,0,6,77.29,90.89,0.14,1014,0.7000000000000001,318,1.4000000000000001,0.0000,0.0000
2022,1,7,8,30,4.3,38,650,149,0,-1.6,38,650,0,149,65.71000000000001,80.13,0.14,1015,0.7000000000000001,324,2,0.0000,0.0000
2022,1,7,9,30,6,52,838,328,0,-4,52,838,0,328,48.88,70.75,0.14,1015,0.7000000000000001,325,2.1,16.6781,12.9029
2022,1,7,10,30,7.4,58,915,471,0,-4.7,112,680,0,419,42,63.14,0.14,1016,0.8,317,2,22.6458,17.6521
2022,1,7,11,30,8.5,62,948,563,7,-4.7,188,474,14,439,39,58.07,0.14,1015,0.9,311,2.1,24.4658,19.1279
2022,1,7,12,30,9.3,62,961,596,7,-4.6000000000000005,200,476,0,465,37.29,56.24,0.14,1015,0.9,308,2.1,26.1591,20.4688
2022,1,7,13,30,9.600000000000001,61,945,562,0,-4.6000000000000005,61,945,0,562,36.43,57.980000000000004,0.14,1014,1,311,2.1,31.3357,24.5000
2022,1,7,14,30,9.4,59,901,468,0,-4.7,66,866,0,459,36.53,62.980000000000004,0.14,1014,1.1,316,2.1,24.8346,19.3604
2022,1,7,15,30,8.4,52,813,323,0,-4.7,86,629,0,296,39.34,70.54,0.14,1015,1.2000000000000002,324,1.7000000000000002,15.0797,11.6696
2022,1,7,16,30,6.2,38,631,149,0,-2.6,38,631,0,149,53.17,79.89,0.14,1016,1.2000000000000002,338,1.2000000000000002,7.1034,5.4139
2022,1,7,17,30,4.1000000000000005,7,81,7,0,-0.7000000000000001,7,81,0,7,71.01,90.02,0.14,1017,1.2000000000000002,177,0.9,0.0000,0.0000
2022,1,7,18,30,3.1,0,0,0,0,-1.5,0,0,0,0,71.81,102.08,0.14,1018,1.1,15,1,0.0000,0.0000
2022,1,7,19,30,2.5,0,0,0,0,-2,0,0,0,0,72.28,114.07000000000001,0.13,1019,1.1,30,1,0.0000,0.0000
2022,1,7,20,30,1.9000000000000001,0,0,0,0,-2.5,0,0,0,0,72.66,126.39,0.13,1020,1,40,1.1,0.0000,0.0000
2022,1,7,21,30,1.4000000000000001,0,0,0,0,-3,0,0,0,0,72.73,138.81,0.13,1020,1,44,1.1,0.0000,0.0000
2022,1,7,22,30,0.8,0,0,0,0,-3.4000000000000004,0,0,0,0,73.61,151.04,0.13,1021,1,46,1.1,0.0000,0.0000
2022,1,7,23,30,0.1,0,0,0,0,-3.5,0,0,0,0,76.78,162.23,0.13,1021,1,46,1.1,0.0000,0.0000
2022,1,8,0,30,-0.5,0,0,0,0,-3.4000000000000004,0,0,0,0,80.59,168.28,0.13,1022,1,48,1.1,0.0000,0.0000
2022,1,8,1,30,-1,0,0,0,0,-3.5,0,0,0,0,83.22,162.5,0.13,1022,1,51,1.2000000000000002,0.0000,0.0000
2022,1,8,2,30,-1.5,0,0,0,0,-3.7,0,0,0,0,84.81,151.37,0.13,1023,0.9,56,1.4000000000000001,0.0000,0.0000
2022,1,8,3,30,-2,0,0,0,0,-4.3,0,0,0,0,84.27,139.14000000000001,0.13,1023,0.9,58,1.5,0.0000,0.0000
2022,1,8,4,30,-2.6,0,0,0,0,-5.2,0,0,0,0,82.46000000000001,126.72,0.13,1024,0.9,57,1.5,0.0000,0.0000
2022,1,8,5,30,-3.1,0,0,0,0,-6,0,0,0,0,80.22,114.39,0.13,1025,0.8,53,1.5,0.0000,0.0000
2022,1,8,6,30,-3.4000000000000004,0,0,0,0,-6.7,0,0,0,0,77.83,102.38,0.13,1026,0.8,51,1.5,0.0000,0.0000
2022,1,8,7,30,-2.7,7,74,6,0,-7.2,7,74,0,6,71.28,90.89,0.13,1027,0.8,54,2,0.0000,0.0000
2022,1,8,8,30,-0.8,40,630,148,0,-8,40,630,0,148,58.39,80.11,0.13,1028,0.8,64,2.5,0.0000,0.0000
2022,1,8,9,30,1.4000000000000001,55,820,326,0,-8.9,55,820,0,326,46.15,70.7,0.13,1028,0.8,70,2.6,16.5840,12.8309
2022,1,8,10,30,3.5,63,903,472,0,-8.6,63,903,0,472,40.800000000000004,63.06,0.13,1028,0.8,73,2.4000000000000004,25.5242,19.8969
2022,1,8,11,30,5.300000000000001,68,941,567,0,-7.7,68,941,0,567,38.51,57.96,0.13,1028,0.8,76,2.1,31.6179,24.7209
2022,1,8,12,30,6.7,70,953,601,0,-6.800000000000001,70,953,0,601,37.61,56.11,0.13,1027,0.8,82,1.8,33.8314,26.4737
2022,1,8,13,30,7.5,69,940,569,3,-5.800000000000001,247,135,0,319,38.230000000000004,57.83,0.13,1026,0.8,89,1.7000000000000002,17.8008,13.9187
2022,1,8,14,30,7.800000000000001,65,895,474,0,-5.1000000000000005,127,627,0,413,39.52,62.82,0.13,1026,0.9,95,1.5,22.3698,17.4409
2022,1,8,15,30,7,58,807,329,3,-4.6000000000000005,84,90,0,114,43.58,70.37,0.13,1026,0.9,98,1.3,5.8167,4.5023
2022,1,8,16,30,4.7,43,611,152,3,-2.2,40,207,14,77,61.01,79.73,0.13,1026,1,95,1,3.6703,2.7978
2022,1,8,17,30,2.7,7,71,7,0,-1.8,7,63,4,7,72.31,89.88,0.13,1027,1,91,1.1,0.0000,0.0000
2022,1,8,18,30,2.3000000000000003,0,0,0,0,-2.5,0,0,0,0,70.5,101.93,0.13,1027,1,89,1.3,0.0000,0.0000
2022,1,8,19,30,2.2,0,0,0,0,-3,0,0,0,0,68.64,113.92,0.14,1027,1,90,1.4000000000000001,0.0000,0.0000
2022,1,8,20,30,1.9000000000000001,0,0,0,0,-3.2,0,0,0,0,69.18,126.24000000000001,0.14,1027,1,93,1.3,0.0000,0.0000
2022,1,8,21,30,1.4000000000000001,0,0,0,0,-3.1,0,0,0,0,72,138.66,0.14,1026,1.1,91,1.2000000000000002,0.0000,0.0000
2022,1,8,22,30,1.3,0,0,0,0,-2.8000000000000003,0,0,0,0,74.06,150.89000000000001,0.14,1027,1.2000000000000002,81,1.1,0.0000,0.0000
2022,1,8,23,30,1.6,0,0,0,0,-2.8000000000000003,0,0,0,0,72.51,162.07,0.14,1026,1.2000000000000002,77,1.1,0.0000,0.0000
2022,1,9,0,30,1.8,0,0,0,0,-2.9000000000000004,0,0,0,0,71.15,168.14000000000001,0.14,1026,1.3,84,1.2000000000000002,0.0000,0.0000
2022,1,9,1,30,1.9000000000000001,0,0,0,0,-2.6,0,0,0,0,72.34,162.47,0.14,1025,1.4000000000000001,94,1.2000000000000002,0.0000,0.0000
2022,1,9,2,30,1.9000000000000001,0,0,0,4,-2.1,0,0,0,0,74.66,151.38,0.14,1025,1.5,102,1.2000000000000002,0.0000,0.0000
2022,1,9,3,30,2,0,0,0,0,-1.8,0,0,0,0,76.05,139.17000000000002,0.14,1024,1.6,107,1.2000000000000002,0.0000,0.0000
2022,1,9,4,30,2.3000000000000003,0,0,0,0,-1.1,0,0,0,0,78.01,126.74000000000001,0.14,1023,1.7000000000000002,112,1.1,0.0000,0.0000
2022,1,9,5,30,2.6,0,0,0,0,-0.4,0,0,0,0,80.85000000000001,114.41,0.14,1022,1.8,121,0.9,0.0000,0.0000
2022,1,9,6,30,2.8000000000000003,0,0,0,0,0.4,0,0,0,0,84.38,102.39,0.14,1022,2,133,0.7000000000000001,0.0000,0.0000
2022,1,9,7,30,3.7,5,31,5,0,1.3,5,26,4,5,84.42,90.88,0.14,1023,2.2,151,0.8,0.0000,0.0000
2022,1,9,8,30,5.800000000000001,50,472,131,0,2,51,436,0,126,76.37,80.09,0.14,1023,2.4000000000000004,168,1,0.0000,0.0000
2022,1,9,9,30,8.5,71,686,298,4,3.6,99,138,7,145,71.47,70.65,0.14,1022,2.5,173,1.1,7.3797,5.7100
2022,1,9,10,30,11.5,81,789,439,4,6.2,173,6,0,176,70.09,62.99,0.14,1022,2.5,172,1.3,9.5220,7.4230
2022,1,9,11,30,13.9,86,838,532,4,9,261,139,0,335,72.52,57.85,0.14,1020,2.5,175,1.5,18.6917,14.6151
2022,1,9,12,30,15.8,88,852,565,4,10.700000000000001,254,29,0,270,71.77,55.97,0.14,1019,2.5,185,1.7000000000000002,15.2092,11.9021
2022,1,9,13,30,17.5,87,834,533,4,12.3,232,41,0,254,71.43,57.67,0.14,1017,2.6,198,2.1,14.1857,11.0928
2022,1,9,14,30,18.3,84,773,439,0,13.5,169,428,4,366,73.54,62.65,0.14,1016,2.9000000000000004,205,2.1,19.8466,15.4754
2022,1,9,15,30,17.7,77,649,297,3,14.200000000000001,91,279,0,186,80.11,70.2,0.14,1015,3.3000000000000003,206,1.7000000000000002,9.5050,7.3587
2022,1,9,16,30,16.2,56,420,132,4,14.600000000000001,58,1,21,58,90.51,79.57000000000001,0.14,1015,3.5,203,1.3,2.7644,2.1077
2022,1,9,17,30,15.4,7,31,7,3,14.600000000000001,2,0,57,2,94.8,89.78,0.14,1014,3.6,202,1.6,0.0000,0.0000
2022,1,9,18,30,15.4,0,0,0,3,14.8,0,0,0,0,96.35000000000001,101.77,0.14,1013,3.6,206,1.9000000000000001,0.0000,0.0000
2022,1,9,19,30,15.200000000000001,0,0,0,8,15,0,0,0,0,98.75,113.77,0.14,1013,3.6,214,1.9000000000000001,0.0000,0.0000
2022,1,9,20,30,15.100000000000001,0,0,0,7,15,0,0,0,0,99.21000000000001,126.09,0.14,1013,3.7,229,1.8,0.0000,0.0000
2022,1,9,21,30,14.9,0,0,0,6,14.9,0,0,0,0,100,138.51,0.14,1013,3.8000000000000003,249,1.6,0.0000,0.0000
2022,1,9,22,30,14.4,0,0,0,7,14.4,0,0,0,0,100,150.73,0.14,1014,3.7,282,1.3,0.0000,0.0000
2022,1,9,23,30,13.200000000000001,0,0,0,6,13.200000000000001,0,0,0,0,100,161.9,0.14,1014,3.5,319,1.3,0.0000,0.0000
2022,1,10,0,30,11.8,0,0,0,7,11.8,0,0,0,0,100,167.99,0.14,1014,3.2,340,1.4000000000000001,0.0000,0.0000
2022,1,10,1,30,10.5,0,0,0,7,10.4,0,0,0,0,99.4,162.43,0.14,1014,2.8000000000000003,348,1.5,0.0000,0.0000
2022,1,10,2,30,9.5,0,0,0,7,8.9,0,0,0,0,95.96000000000001,151.39000000000001,0.14,1014,2.5,355,1.7000000000000002,0.0000,0.0000
2022,1,10,3,30,8.9,0,0,0,8,7.4,0,0,0,0,90.19,139.19,0.14,1014,2.2,181,1.8,0.0000,0.0000
2022,1,10,4,30,8.5,0,0,0,4,5.7,0,0,0,0,82.74,126.76,0.14,1015,2,3,1.9000000000000001,0.0000,0.0000
2022,1,10,5,30,7.9,0,0,0,7,4.5,0,0,0,0,79.34,114.42,0.14,1016,1.8,3,2.2,0.0000,0.0000
2022,1,10,6,30,7.2,0,0,0,4,2.5,0,0,0,0,71.96000000000001,102.39,0.14,1017,1.7000000000000002,5,2.4000000000000004,0.0000,0.0000
2022,1,10,7,30,6.7,7,54,6,4,0.30000000000000004,2,0,43,2,63.71,90.87,0.14,1018,1.5,8,2.6,0.0000,0.0000
2022,1,10,8,30,7,44,576,143,0,-1.7000000000000002,21,267,4,67,54.08,80.06,0.14,1019,1.3,13,2.8000000000000003,0.0000,0.0000
2022,1,10,9,30,8.1,58,801,324,4,-3.6,76,0,0,76,43.410000000000004,70.60000000000001,0.14,1020,1,18,2.9000000000000004,3.8697,2.9944
2022,1,10,10,30,9.4,61,914,477,0,-5.2,61,914,0,477,35.22,62.9,0.14,1020,0.8,18,2.6,25.8225,20.1316
2022,1,10,11,30,10.5,60,975,581,0,-5.5,60,975,0,581,32.13,57.730000000000004,0.14,1019,0.5,11,2.3000000000000003,32.4381,25.3649
2022,1,10,12,30,11.200000000000001,59,1003,622,0,-5,59,1003,0,622,31.71,55.82,0.14,1019,0.4,179,2.2,35.0628,27.4406
2022,1,10,13,30,11.4,57,994,591,0,-4.7,57,994,0,591,32.160000000000004,57.5,0.14,1018,0.4,350,2.3000000000000003,33.0362,25.8354
2022,1,10,14,30,11.200000000000001,52,961,496,0,-4.4,52,961,0,496,33.34,62.47,0.14,1018,0.4,346,2.1,26.9280,20.9997
2022,1,10,15,30,10.100000000000001,45,878,345,0,-3.8000000000000003,45,878,0,345,37.32,70.03,0.14,1018,0.5,346,1.6,17.6571,13.6730
2022,1,10,16,30,7.4,34,710,165,0,-0.4,34,710,0,165,57.72,79.39,0.14,1018,0.5,347,1.1,7.8648,5.9978
2022,1,10,17,30,5,10,147,11,0,0.1,10,147,0,11,70.68,89.62,0.14,1019,0.6000000000000001,347,1.1,0.0000,0.0000
2022,1,10,18,30,4.1000000000000005,0,0,0,0,-0.6000000000000001,0,0,0,0,71.24,101.61,0.14,1020,0.6000000000000001,347,1.1,0.0000,0.0000
2022,1,10,19,30,3.5,0,0,0,0,-0.9,0,0,0,0,72.79,113.62,0.14,1020,0.6000000000000001,347,1.1,0.0000,0.0000
2022,1,10,20,30,3,0,0,0,0,-1.2000000000000002,0,0,0,0,73.76,125.94,0.14,1021,0.6000000000000001,345,1.2000000000000002,0.0000,0.0000
2022,1,10,21,30,2.5,0,0,0,0,-1.6,0,0,0,0,74.27,138.36,0.14,1021,0.6000000000000001,341,1.2000000000000002,0.0000,0.0000
2022,1,10,22,30,1.8,0,0,0,0,-2,0,0,0,0,76.07000000000001,150.58,0.14,1022,0.6000000000000001,339,1.2000000000000002,0.0000,0.0000
2022,1,10,23,30,1.2000000000000002,0,0,0,0,-2.3000000000000003,0,0,0,0,77.37,161.72,0.14,1022,0.6000000000000001,339,1.2000000000000002,0.0000,0.0000
2022,1,11,0,30,0.6000000000000001,0,0,0,0,-2.7,0,0,0,0,78.73,167.84,0.14,1022,0.6000000000000001,341,1.1,0.0000,0.0000
2022,1,11,1,30,0,0,0,0,0,-3,0,0,0,0,80.26,162.38,0.14,1022,0.6000000000000001,347,1.1,0.0000,0.0000
2022,1,11,2,30,-0.6000000000000001,0,0,0,0,-3.3000000000000003,0,0,0,0,81.79,151.39000000000001,0.14,1022,0.6000000000000001,353,1.1,0.0000,0.0000
2022,1,11,3,30,-1,0,0,0,0,-3.6,0,0,0,0,82.28,139.20000000000002,0.14,1022,0.5,358,1.1,0.0000,0.0000
2022,1,11,4,30,-1.3,0,0,0,0,-4,0,0,0,0,81.82000000000001,126.77,0.14,1023,0.5,183,1.1,0.0000,0.0000
2022,1,11,5,30,-1.7000000000000002,0,0,0,0,-4.3,0,0,0,0,82.62,114.43,0.14,1024,0.5,10,1.1,0.0000,0.0000
2022,1,11,6,30,-2,0,0,0,0,-4.5,0,0,0,0,83.27,102.39,0.14,1024,0.4,18,1.1,0.0000,0.0000
2022,1,11,7,30,-0.7000000000000001,8,90,7,0,-4.5,8,90,0,7,75.25,90.85000000000001,0.14,1025,0.4,27,1.3,0.0000,0.0000
2022,1,11,8,30,2,37,684,156,0,-4,37,684,0,156,64.36,80.02,0.14,1026,0.4,40,1.9000000000000001,0.0000,0.0000
2022,1,11,9,30,4.5,51,866,340,0,-5,51,866,0,340,50.25,70.53,0.14,1026,0.4,53,2.3000000000000003,17.3229,13.4056
2022,1,11,10,30,6.2,58,947,491,0,-6.2,58,947,0,491,40.800000000000004,62.81,0.14,1026,0.4,55,2.2,26.5964,20.7363
2022,1,11,11,30,7.4,61,985,589,0,-6.800000000000001,61,985,0,589,35.79,57.6,0.14,1026,0.4,53,1.9000000000000001,32.9072,25.7333
2022,1,11,12,30,8.200000000000001,64,995,625,0,-6.9,64,995,0,625,33.51,55.67,0.14,1025,0.4,50,1.5,35.2572,27.5945
2022,1,11,13,30,8.6,65,982,595,0,-7,65,982,0,595,32.51,57.32,0.14,1024,0.4,50,1.3,33.2908,26.0367
2022,1,11,14,30,8.6,61,938,497,0,-6.9,61,938,0,497,32.65,62.29,0.14,1024,0.5,53,1.1,27.0142,21.0695
2022,1,11,15,30,7.800000000000001,53,861,350,0,-6.7,53,861,0,350,34.99,69.85000000000001,0.14,1024,0.5,60,0.9,17.9419,13.8966
2022,1,11,16,30,5.7,40,679,167,0,-3.4000000000000004,40,679,0,167,51.96,79.22,0.14,1024,0.6000000000000001,71,0.9,7.9614,6.0729
2022,1,11,17,30,3.3000000000000003,11,133,12,0,-4.1000000000000005,11,133,0,12,58.27,89.47,0.14,1024,0.6000000000000001,86,1.1,0.0000,0.0000
2022,1,11,18,30,1.8,0,0,0,0,-4.4,0,0,0,0,63.24,101.45,0.14,1025,0.6000000000000001,98,1.2000000000000002,0.0000,0.0000
2022,1,11,19,30,0.9,0,0,0,0,-4.4,0,0,0,0,67.54,113.46000000000001,0.14,1025,0.6000000000000001,107,1.1,0.0000,0.0000
2022,1,11,20,30,0.30000000000000004,0,0,0,0,-4.800000000000001,0,0,0,0,68.8,125.78,0.14,1025,0.6000000000000001,113,1.1,0.0000,0.0000
2022,1,11,21,30,-0.30000000000000004,0,0,0,0,-5.1000000000000005,0,0,0,0,70.21000000000001,138.20000000000002,0.14,1025,0.7000000000000001,117,1.2000000000000002,0.0000,0.0000
2022,1,11,22,30,-0.9,0,0,0,0,-5.4,0,0,0,0,71.58,150.42000000000002,0.14,1025,0.7000000000000001,117,1.1,0.0000,0.0000
2022,1,11,23,30,-1.5,0,0,0,0,-5.7,0,0,0,0,73.12,161.55,0.14,1024,0.7000000000000001,116,1.1,0.0000,0.0000
2022,1,12,0,30,-2.1,0,0,0,0,-5.9,0,0,0,0,75.15,167.67000000000002,0.14,1024,0.7000000000000001,114,1,0.0000,0.0000
2022,1,12,1,30,-2.6,0,0,0,0,-6.1000000000000005,0,0,0,0,76.91,162.33,0.14,1024,0.6000000000000001,110,0.9,0.0000,0.0000
2022,1,12,2,30,-3,0,0,0,0,-6.300000000000001,0,0,0,0,78.10000000000001,151.38,0.14,1023,0.6000000000000001,104,0.9,0.0000,0.0000
2022,1,12,3,30,-3.3000000000000003,0,0,0,0,-6.4,0,0,0,0,79.09,139.20000000000002,0.14,1023,0.6000000000000001,100,0.9,0.0000,0.0000
2022,1,12,4,30,-3.3000000000000003,0,0,0,0,-6.5,0,0,0,0,78.32000000000001,126.78,0.14,1023,0.6000000000000001,99,1,0.0000,0.0000
2022,1,12,5,30,-3.2,0,0,0,0,-6.6000000000000005,0,0,0,0,77.06,114.43,0.14,1022,0.6000000000000001,103,1,0.0000,0.0000
2022,1,12,6,30,-3,0,0,0,0,-6.7,0,0,0,0,75.64,102.38,0.14,1022,0.6000000000000001,111,0.9,0.0000,0.0000
2022,1,12,7,30,-1.4000000000000001,7,86,7,0,-6.5,7,86,0,7,68.46000000000001,90.18,0.14,1022,0.6000000000000001,116,0.8,0.0000,0.0000
2022,1,12,8,30,1.2000000000000002,37,668,153,0,-5.5,37,668,0,153,61.18,79.98,0.14,1022,0.6000000000000001,124,0.6000000000000001,7.2952,5.5595
2022,1,12,9,30,4.6000000000000005,49,852,334,0,-4.7,49,852,0,334,50.85,70.46000000000001,0.14,1021,0.6000000000000001,151,0.5,17.0280,13.1786
2022,1,12,10,30,8.1,56,933,484,0,-5,56,933,0,484,39.11,62.71,0.14,1021,0.6000000000000001,184,0.8,26.2348,20.4558
2022,1,12,11,30,10,60,971,582,0,-6.1000000000000005,60,971,0,582,31.720000000000002,57.47,0.14,1020,0.6000000000000001,206,1,32.5382,25.4463
2022,1,12,12,30,10.8,61,981,617,0,-5.4,61,981,0,617,31.69,55.5,0.14,1018,0.6000000000000001,221,1.1,34.8341,27.2652
2022,1,12,13,30,11.200000000000001,60,966,584,0,-4.6000000000000005,60,966,0,584,32.86,57.14,0.14,1017,0.7000000000000001,229,1.1,32.7056,25.5812
2022,1,12,14,30,11.100000000000001,57,930,492,0,-3.7,57,930,0,492,35.2,62.1,0.14,1016,0.7000000000000001,235,1.1,26.7755,20.8859
2022,1,12,15,30,10,51,853,347,0,-2.6,51,853,0,347,41.15,69.66,0.14,1016,0.7000000000000001,237,0.9,17.8181,13.8040
2022,1,12,16,30,8,38,683,168,0,1.7000000000000002,38,683,0,168,64.48,79.05,0.14,1015,0.7000000000000001,235,0.9,8.0112,6.1123
2022,1,12,17,30,6.4,10,140,12,0,-1.5,9,81,18,10,57.160000000000004,89.33,0.14,1015,0.7000000000000001,233,1.2000000000000002,0.0000,0.0000
2022,1,12,18,30,5.800000000000001,0,0,0,4,-2.2,0,0,0,0,56.65,101.29,0.14,1015,0.8,235,1.2000000000000002,0.0000,0.0000
2022,1,12,19,30,5.4,0,0,0,7,-2,0,0,0,0,58.7,113.3,0.13,1015,0.8,239,1.2000000000000002,0.0000,0.0000
2022,1,12,20,30,5,0,0,0,7,-1.4000000000000001,0,0,0,0,63.07,125.63000000000001,0.13,1014,0.8,243,1.2000000000000002,0.0000,0.0000
2022,1,12,21,30,4.4,0,0,0,8,-1.2000000000000002,0,0,0,0,66.99,138.05,0.13,1014,0.8,245,1.2000000000000002,0.0000,0.0000
2022,1,12,22,30,3.8000000000000003,0,0,0,8,-1.3,0,0,0,0,69.58,150.26,0.13,1014,0.8,246,1.2000000000000002,0.0000,0.0000
2022,1,12,23,30,3.2,0,0,0,8,-1.4000000000000001,0,0,0,0,71.79,161.37,0.13,1014,0.8,254,1.2000000000000002,0.0000,0.0000
2022,1,13,0,30,2.5,0,0,0,4,-1.5,0,0,0,0,74.65,167.5,0.13,1013,0.8,265,1.3,0.0000,0.0000
2022,1,13,1,30,2,0,0,0,0,-1.6,0,0,0,0,77.01,162.27,0.13,1013,0.8,272,1.3,0.0000,0.0000
2022,1,13,2,30,1.9000000000000001,0,0,0,0,-1.6,0,0,0,0,77.83,151.37,0.13,1012,0.8,274,1.2000000000000002,0.0000,0.0000
2022,1,13,3,30,1.7000000000000002,0,0,0,0,-1.5,0,0,0,0,79.48,139.20000000000002,0.13,1011,0.8,278,1.2000000000000002,0.0000,0.0000
2022,1,13,4,30,1.3,0,0,0,0,-1.4000000000000001,0,0,0,0,82.51,126.78,0.13,1011,0.9,285,1.1,0.0000,0.0000
2022,1,13,5,30,0.8,0,0,0,0,-1.2000000000000002,0,0,0,0,86.45,114.43,0.13,1011,0.9,289,1.1,0.0000,0.0000
2022,1,13,6,30,0.7000000000000001,0,0,0,4,-1,0,0,0,0,88.18,102.36,0.13,1011,0.9,284,1,0.0000,0.0000
2022,1,13,7,30,1.7000000000000002,6,62,6,4,-0.8,3,0,43,3,83.24,90.17,0.13,1010,1,274,0.8,0.0000,0.0000
2022,1,13,8,30,3.3000000000000003,44,579,145,4,0.30000000000000004,77,145,14,102,80.97,79.93,0.13,1010,1.1,262,0.7000000000000001,4.8630,3.7062
2022,1,13,9,30,4.7,64,762,320,8,0.5,157,61,0,177,74.11,70.39,0.13,1010,1.2000000000000002,244,0.8,9.0295,6.9889
2022,1,13,10,30,6.300000000000001,76,846,465,7,1.2000000000000002,212,98,0,257,69.64,62.6,0.13,1009,1.2000000000000002,225,0.8,13.9406,10.8706
2022,1,13,11,30,9.4,79,898,564,8,2.2,205,452,0,449,60.86,57.33,0.13,1007,1.2000000000000002,228,1.2000000000000002,25.1207,19.6468
2022,1,13,12,30,12.5,78,922,602,0,2.9000000000000004,142,688,0,533,52.15,55.34,0.13,1005,1.1,240,1.8,30.1144,23.5726
2022,1,13,13,30,13.8,76,914,574,0,3.1,76,914,0,574,48.42,56.96,0.13,1004,1.1,241,1.9000000000000001,32.1751,25.1683
2022,1,13,14,30,13.100000000000001,73,865,480,0,3.4000000000000004,134,572,0,403,51.74,61.910000000000004,0.13,1003,1.2000000000000002,243,1.5,21.9589,17.1309
2022,1,13,15,30,11,64,772,335,7,5.4,141,364,0,269,68.37,69.48,0.13,1002,1.3,243,1,13.8349,10.7205
2022,1,13,16,30,9,48,581,160,7,5.7,49,27,14,54,79.54,78.87,0.13,1002,1.4000000000000001,243,0.8,2.5760,1.9660
2022,1,13,17,30,7.9,11,94,12,6,4.7,4,0,64,4,80.4,89.19,0.13,1002,1.4000000000000001,248,0.9,0.0000,0.0000
2022,1,13,18,30,7.5,0,0,0,6,4.6000000000000005,0,0,0,0,81.61,101.12,0.13,1002,1.5,254,0.9,0.0000,0.0000
2022,1,13,19,30,7.1000000000000005,0,0,0,4,4.5,0,0,0,0,83.61,113.14,0.13,1002,1.5,262,0.9,0.0000,0.0000
2022,1,13,20,30,6.5,0,0,0,6,4.4,0,0,0,0,86.33,125.47,0.13,1002,1.5,274,0.9,0.0000,0.0000
2022,1,13,21,30,5.800000000000001,0,0,0,6,4.3,0,0,0,0,90.33,137.89000000000001,0.13,1002,1.4000000000000001,291,1.1,0.0000,0.0000
2022,1,13,22,30,5.300000000000001,0,0,0,4,4.7,0,0,0,0,95.97,150.09,0.13,1002,1.4000000000000001,306,1.2000000000000002,0.0000,0.0000
2022,1,13,23,30,4.7,0,0,0,4,4.7,0,0,0,0,100,161.18,0.13,1002,1.3,317,1.2000000000000002,0.0000,0.0000
2022,1,14,0,30,4.3,0,0,0,0,4.3,0,0,0,0,100,167.33,0.13,1002,1.3,320,1.2000000000000002,0.0000,0.0000
2022,1,14,1,30,4.2,0,0,0,0,4.2,0,0,0,0,100,162.19,0.13,1002,1.3,321,1.3,0.0000,0.0000
2022,1,14,2,30,4.3,0,0,0,0,4.3,0,0,0,0,100,151.35,0.13,1003,1.2000000000000002,322,1.4000000000000001,0.0000,0.0000
2022,1,14,3,30,4,0,0,0,0,4,0,0,0,0,100,139.20000000000002,0.13,1003,1.1,322,1.5,0.0000,0.0000
2022,1,14,4,30,3.4000000000000004,0,0,0,0,3.4000000000000004,0,0,0,0,100,126.78,0.13,1003,1.1,318,1.4000000000000001,0.0000,0.0000
2022,1,14,5,30,3.4000000000000004,0,0,0,0,3.4000000000000004,0,0,0,0,100,114.42,0.13,1004,1.1,314,1.4000000000000001,0.0000,0.0000
2022,1,14,6,30,3.5,0,0,0,0,3.4000000000000004,0,0,0,0,99.60000000000001,102.34,0.13,1005,1.1,313,1.4000000000000001,0.0000,0.0000
2022,1,14,7,30,4.4,6,52,6,0,3.3000000000000003,6,52,0,6,92.4,90.15,0.13,1006,1,317,1.6,0.0000,0.0000
2022,1,14,8,30,6.5,47,555,145,0,3.4000000000000004,47,555,0,145,80.58,79.87,0.13,1006,1,327,1.8,6.9125,5.2685
2022,1,14,9,30,9.3,68,759,324,0,3.7,68,759,0,324,68.08,70.31,0.13,1007,1,344,2,16.5406,12.8039
2022,1,14,10,30,11.600000000000001,79,850,472,0,3.6,79,850,0,472,58.04,62.480000000000004,0.13,1007,1,355,2,25.6233,19.9822
2022,1,14,11,30,12.9,87,892,570,0,3.2,87,892,14,570,51.59,57.18,0.13,1007,1,350,1.8,31.9150,24.9624
2022,1,14,12,30,13.600000000000001,88,904,604,0,3.2,108,833,0,584,49.56,55.160000000000004,0.13,1006,1.1,339,1.6,33.0238,25.8518
2022,1,14,13,30,13.8,85,896,576,0,3.4000000000000004,85,896,0,576,49.410000000000004,56.77,0.13,1005,1.1,331,1.5,32.3183,25.2824
2022,1,14,14,30,13.600000000000001,79,856,485,0,3.5,79,856,0,485,50.43,61.72,0.13,1005,1.1,323,1.3,26.4590,20.6442
2022,1,14,15,30,12.600000000000001,69,770,341,0,3.9000000000000004,69,770,0,341,55.5,69.29,0.13,1006,1.2000000000000002,315,1,17.5673,13.6157
2022,1,14,16,30,10.4,50,585,165,0,6.300000000000001,50,585,0,165,75.96000000000001,78.69,0.13,1006,1.2000000000000002,309,0.9,7.8750,6.0118
2022,1,14,17,30,8.5,11,98,13,0,3.9000000000000004,11,98,0,13,73.01,89.04,0.13,1007,1.2000000000000002,310,1.1,0.0000,0.0000
2022,1,14,18,30,7.9,0,0,0,0,3.1,0,0,0,0,71.64,100.95,0.13,1008,1.3,316,1.2000000000000002,0.0000,0.0000
2022,1,14,19,30,7.4,0,0,0,0,2.8000000000000003,0,0,0,0,72.61,112.98,0.14,1008,1.3,329,1.2000000000000002,0.0000,0.0000
2022,1,14,20,30,6.6000000000000005,0,0,0,0,2.6,0,0,0,0,75.59,125.32000000000001,0.14,1008,1.2000000000000002,169,1.2000000000000002,0.0000,0.0000
2022,1,14,21,30,5.6000000000000005,0,0,0,4,2.4000000000000004,0,0,0,0,80.05,137.74,0.14,1009,1.2000000000000002,11,1.1,0.0000,0.0000
2022,1,14,22,30,4.6000000000000005,0,0,0,8,2.3000000000000003,0,0,0,0,84.74,149.93,0.14,1009,1.3,28,1.1,0.0000,0.0000
2022,1,14,23,30,4,0,0,0,8,2.2,0,0,0,0,88.32000000000001,160.99,0.14,1009,1.3,42,1,0.0000,0.0000
2022,1,15,0,30,3.9000000000000004,0,0,0,0,2.3000000000000003,0,0,0,0,89.32000000000001,167.14000000000001,0.14,1009,1.3,54,1.1,0.0000,0.0000
2022,1,15,1,30,3.7,0,0,0,8,2.3000000000000003,0,0,0,0,90.33,162.11,0.14,1010,1.3,61,1.1,0.0000,0.0000
2022,1,15,2,30,3.3000000000000003,0,0,0,5,2,0,0,0,0,91.35000000000001,151.32,0.14,1010,1.4000000000000001,62,1.1,0.0000,0.0000
2022,1,15,3,30,2.7,0,0,0,5,1.8,0,0,0,0,93.53,139.19,0.14,1011,1.4000000000000001,58,1,0.0000,0.0000
2022,1,15,4,30,2.3000000000000003,0,0,0,4,1.4000000000000001,0,0,0,0,93.77,126.77,0.14,1011,1.4000000000000001,53,1.1,0.0000,0.0000
2022,1,15,5,30,2.3000000000000003,0,0,0,7,1.1,0,0,0,0,91.65,114.4,0.14,1011,1.4000000000000001,49,1.1,0.0000,0.0000
2022,1,15,6,30,2.4000000000000004,0,0,0,4,0.8,0,0,0,0,89.35000000000001,102.32000000000001,0.14,1012,1.4000000000000001,49,1.3,0.0000,0.0000
2022,1,15,7,30,2.8000000000000003,6,43,6,7,0.7000000000000001,3,0,43,3,86.08,90.10000000000001,0.14,1013,1.4000000000000001,50,1.5,0.0000,0.0000
2022,1,15,8,30,3.9000000000000004,52,509,142,8,0.7000000000000001,81,88,0,97,79.87,79.81,0.14,1013,1.5,58,1.9000000000000001,4.6239,3.5244
2022,1,15,9,30,5.300000000000001,75,712,316,7,1.1,144,235,0,224,74.22,70.22,0.14,1014,1.4000000000000001,71,2.2,11.4448,8.8603
2022,1,15,10,30,6.4,90,804,463,7,1.6,201,51,0,225,71.45,62.36,0.14,1014,1.4000000000000001,76,2.2,12.2242,9.5337
2022,1,15,11,30,7.1000000000000005,100,844,559,7,1.9000000000000001,250,59,0,282,69.65,57.03,0.14,1014,1.4000000000000001,77,2.2,15.8017,12.3601
2022,1,15,12,30,7.6000000000000005,104,855,595,7,2,255,100,0,312,67.76,54.980000000000004,0.14,1013,1.4000000000000001,76,2.1,17.6576,13.8238
2022,1,15,13,30,7.800000000000001,102,842,566,7,2,256,77,0,298,66.58,56.57,0.14,1012,1.4000000000000001,74,2.1,16.7370,13.0944
2022,1,15,14,30,7.6000000000000005,97,795,476,7,1.9000000000000001,171,34,0,187,67,61.52,0.14,1012,1.4000000000000001,72,2,10.2147,7.9708
2022,1,15,15,30,7.1000000000000005,84,701,334,7,1.8,80,3,0,81,69.04,69.09,0.14,1012,1.4000000000000001,69,1.8,4.1802,3.2407
2022,1,15,16,30,6.2,60,506,161,7,1.9000000000000001,47,3,0,48,73.96000000000001,78.5,0.14,1012,1.5,68,1.6,2.2923,1.7505
2022,1,15,17,30,5.5,12,80,14,7,1.7000000000000002,6,0,71,6,76.43,88.87,0.14,1013,1.5,66,1.6,0.0000,0.0000
2022,1,15,18,30,5.1000000000000005,0,0,0,7,1.5,0,0,0,0,77.58,100.79,0.14,1013,1.5,64,1.8,0.0000,0.0000
2022,1,15,19,30,4.800000000000001,0,0,0,6,1.2000000000000002,0,0,0,0,77.56,112.82000000000001,0.13,1013,1.6,68,2.3000000000000003,0.0000,0.0000
2022,1,15,20,30,4.3,0,0,0,6,0.6000000000000001,0,0,0,0,76.88,125.16,0.13,1012,1.6,72,2.7,0.0000,0.0000
2022,1,15,21,30,3.7,0,0,0,7,-0.1,0,0,0,0,76,137.58,0.13,1012,1.7000000000000002,72,2.8000000000000003,0.0000,0.0000
2022,1,15,22,30,3.1,0,0,0,6,-1.4000000000000001,0,0,0,0,72.08,149.76,0.13,1012,1.8,67,2.8000000000000003,0.0000,0.0000
2022,1,15,23,30,2.5,0,0,0,6,-2.6,0,0,0,0,69.16,160.8,0.13,1012,1.9000000000000001,65,2.9000000000000004,0.0000,0.0000
2022,1,16,0,30,1.9000000000000001,0,0,0,6,-2.9000000000000004,0,0,0,0,70.60000000000001,166.95000000000002,0.13,1011,2,64,3.2,0.0000,0.0000
2022,1,16,1,30,1.2000000000000002,0,0,0,6,-2.7,0,0,0,0,75.12,162.02,0.13,1010,2.1,65,3.3000000000000003,0.0000,0.0000
2022,1,16,2,30,0.6000000000000001,0,0,0,6,-2.3000000000000003,0,0,0,0,80.84,151.28,0.13,1010,2.2,66,3.5,0.0000,0.0000
2022,1,16,3,30,0,0,0,0,6,-2.1,0,0,0,0,85.54,139.17000000000002,0.13,1008,2.3000000000000003,65,3.9000000000000004,0.0000,0.0000
2022,1,16,4,30,-0.9,0,0,0,9,-2.5,0,0,0,0,88.74,126.75,0.13,1007,2.3000000000000003,62,4,0.0000,0.0000
2022,1,16,5,30,-1.8,0,0,0,6,-3.2,0,0,0,0,90.03,114.38,0.13,1007,2.4000000000000004,59,4.1000000000000005,0.0000,0.0000
2022,1,16,6,30,-2.5,0,0,0,6,-3.9000000000000004,0,0,0,0,90.08,102.28,0.13,1006,2.4000000000000004,59,4.3,0.0000,0.0000
2022,1,16,7,30,-2.9000000000000004,6,28,6,6,-4.3,1,0,43,1,89.82000000000001,90.06,0.13,1004,2.5,60,4.5,0.0000,0.0000
2022,1,16,8,30,-2.7,54,455,135,7,-4.4,24,1,18,24,88.32000000000001,79.74,0.13,1003,2.5,63,4.7,1.1440,0.8720
2022,1,16,9,30,-1.7000000000000002,78,664,304,7,-3.7,26,0,7,26,86.19,70.12,0.13,1000,2.6,67,4.800000000000001,1.3296,1.0295
2022,1,16,10,30,-0.1,93,757,446,7,-2,41,1,36,41,86.79,62.230000000000004,0.13,998,2.7,73,4.3,2.2294,1.7389
2022,1,16,11,30,1.2000000000000002,99,809,541,4,0,34,0,18,34,91.97,56.870000000000005,0.13,995,2.7,80,2.9000000000000004,1.9067,1.4915
2022,1,16,12,30,1.7000000000000002,101,837,584,4,1,51,60,0,86,94.94,54.79,0.13,993,2.2,124,1.1,4.8714,3.8140
2022,1,16,13,30,2.2,101,850,572,8,1.4000000000000001,60,0,14,60,94.60000000000001,56.36,0.13,993,1.3,197,1,3.3734,2.6394
2022,1,16,14,30,2.5,90,843,495,0,1.5,83,427,0,288,93.04,61.31,0.13,992,0.8,232,2.2,15.7524,12.2937
2022,1,16,15,30,2.6,73,778,353,0,1.3,70,749,0,340,91.42,68.89,0.13,993,0.8,238,2.6,17.5769,13.6295
2022,1,16,16,30,2.3000000000000003,55,566,170,0,1.1,55,566,0,170,92.05,78.31,0.13,993,1.1,242,2.5,8.1245,6.2061
2022,1,16,17,30,1.8,14,94,16,4,1,8,27,57,9,94.67,88.72,0.13,993,1.3,243,2.1,0.0000,0.0000
2022,1,16,18,30,1.4000000000000001,0,0,0,4,0.9,0,0,0,0,96.26,100.62,0.13,994,1.3,242,1.7000000000000002,0.0000,0.0000
2022,1,16,19,30,1.4000000000000001,0,0,0,4,0.9,0,0,0,0,96.14,112.66,0.14,994,1.2000000000000002,241,1.8,0.0000,0.0000
2022,1,16,20,30,1.3,0,0,0,8,0.8,0,0,0,0,96.72,125,0.14,994,1.1,242,2.1,0.0000,0.0000
2022,1,16,21,30,1.2000000000000002,0,0,0,5,0.7000000000000001,0,0,0,0,96.8,137.42000000000002,0.14,994,1.1,244,2.4000000000000004,0.0000,0.0000
2022,1,16,22,30,1.2000000000000002,0,0,0,4,0.7000000000000001,0,0,0,0,96.38,149.59,0.14,994,1.2000000000000002,246,2.8000000000000003,0.0000,0.0000
2022,1,16,23,30,1.1,0,0,0,0,0.6000000000000001,0,0,0,0,96.57000000000001,160.61,0.14,994,1.3,247,3,0.0000,0.0000
2022,1,17,0,30,1,0,0,0,4,0.4,0,0,0,0,96.04,166.75,0.14,994,1.2000000000000002,247,3.1,0.0000,0.0000
2022,1,17,1,30,1,0,0,0,0,0.30000000000000004,0,0,0,0,95.39,161.93,0.14,995,1.1,250,3.3000000000000003,0.0000,0.0000
2022,1,17,2,30,0.8,0,0,0,0,0.2,0,0,0,0,96.10000000000001,151.24,0.14,995,1.1,254,3.2,0.0000,0.0000
2022,1,17,3,30,0.6000000000000001,0,0,0,0,0,0,0,0,0,95.93,139.15,0.14,996,1,257,3,0.0000,0.0000
2022,1,17,4,30,0.30000000000000004,0,0,0,0,-0.30000000000000004,0,0,0,0,95.97,126.73,0.14,996,0.9,258,2.8000000000000003,0.0000,0.0000
2022,1,17,5,30,0,0,0,0,0,-0.6000000000000001,0,0,0,0,95.82000000000001,114.36,0.14,997,0.8,260,2.7,0.0000,0.0000
2022,1,17,6,30,-0.4,0,0,0,0,-1,0,0,0,0,95.4,102.25,0.14,998,0.8,262,2.7,0.0000,0.0000
2022,1,17,7,30,-0.2,7,71,7,0,-1.6,7,71,0,7,90.29,90.02,0.14,999,0.8,264,2.9000000000000004,0.0000,0.0000
2022,1,17,8,30,0.9,44,613,154,0,-1.1,44,613,0,154,86.49,79.67,0.14,1000,0.8,267,3.2,7.3403,5.5958
2022,1,17,9,30,1.9000000000000001,62,800,335,0,-0.6000000000000001,62,800,0,335,83.57000000000001,70.02,0.14,1000,0.9,270,3.3000000000000003,17.1468,13.2781
2022,1,17,10,30,2.8000000000000003,69,897,489,0,-0.4,69,897,0,489,79.53,62.1,0.14,1001,0.8,273,3.4000000000000004,26.6122,20.7586
2022,1,17,11,30,3.6,73,940,589,0,-0.4,73,940,0,589,75.23,56.7,0.14,1001,0.8,275,3.5,33.0593,25.8629
2022,1,17,12,30,4.3,77,950,627,0,-0.4,112,853,0,606,71.49,54.59,0.14,1001,0.8,277,3.5,34.3578,26.9021
2022,1,17,13,30,4.800000000000001,79,936,600,0,-0.30000000000000004,79,936,0,600,69.64,56.15,0.14,1001,0.7000000000000001,278,3.5,33.7685,26.4240
2022,1,17,14,30,5,78,887,507,0,-0.1,90,848,0,500,69.5,61.1,0.14,1002,0.7000000000000001,278,3.2,27.3836,21.3738
2022,1,17,15,30,4.6000000000000005,71,799,361,0,0,71,799,0,361,72.12,68.69,0.14,1003,0.7000000000000001,277,2.9000000000000004,18.6947,14.4996
2022,1,17,16,30,3.3000000000000003,52,623,180,0,0.30000000000000004,52,623,0,180,80.60000000000001,78.12,0.14,1004,0.7000000000000001,275,2.3000000000000003,8.6094,6.5787
2022,1,17,17,30,1.8,15,145,19,0,0,15,145,0,19,88.08,88.55,0.14,1005,0.7000000000000001,273,1.9000000000000001,0.0000,0.0000
2022,1,17,18,30,0.8,0,0,0,0,-0.4,0,0,0,0,91.43,100.45,0.14,1006,0.7000000000000001,274,1.7000000000000002,0.0000,0.0000
2022,1,17,19,30,0.1,0,0,0,0,-0.7000000000000001,0,0,0,0,94.44,112.5,0.13,1007,0.6000000000000001,275,1.6,0.0000,0.0000
2022,1,17,20,30,-0.8,0,0,0,0,-1,0,0,0,0,98.63,124.84,0.13,1008,0.6000000000000001,275,1.4000000000000001,0.0000,0.0000
2022,1,17,21,30,-1.4000000000000001,0,0,0,0,-1.4000000000000001,0,0,0,0,99.94,137.26,0.13,1008,0.6000000000000001,272,1.3,0.0000,0.0000
2022,1,17,22,30,-1.7000000000000002,0,0,0,0,-1.7000000000000002,0,0,0,0,100,149.42000000000002,0.13,1009,0.6000000000000001,270,1.3,0.0000,0.0000
2022,1,17,23,30,-1.9000000000000001,0,0,0,0,-1.9000000000000001,0,0,0,0,100,160.41,0.13,1009,0.6000000000000001,271,1.3,0.0000,0.0000
2022,1,18,0,30,-2.1,0,0,0,0,-2.1,0,0,0,0,99.93,166.55,0.13,1010,0.5,273,1.4000000000000001,0.0000,0.0000
2022,1,18,1,30,-2.5,0,0,0,0,-2.5,0,0,0,0,100,161.82,0.13,1010,0.5,276,1.3,0.0000,0.0000
2022,1,18,2,30,-3.3000000000000003,0,0,0,0,-3.3000000000000003,0,0,0,0,100,151.19,0.13,1011,0.5,280,1.2000000000000002,0.0000,0.0000
2022,1,18,3,30,-3.8000000000000003,0,0,0,0,-3.8000000000000003,0,0,0,0,100,139.12,0.13,1011,0.5,285,1.2000000000000002,0.0000,0.0000
2022,1,18,4,30,-3.9000000000000004,0,0,0,0,-3.9000000000000004,0,0,0,0,100,126.7,0.13,1012,0.5,293,1.1,0.0000,0.0000
2022,1,18,5,30,-3.8000000000000003,0,0,0,0,-3.8000000000000003,0,0,0,0,100,114.32000000000001,0.13,1012,0.5,299,1.1,0.0000,0.0000
2022,1,18,6,30,-3.6,0,0,0,0,-4,0,0,0,0,97.06,102.2,0.13,1013,0.5,303,1.2000000000000002,0.0000,0.0000
2022,1,18,7,30,-2.5,8,83,8,0,-4.2,8,83,0,8,88.41,89.96000000000001,0.13,1014,0.5,306,1.2000000000000002,0.0000,0.0000
2022,1,18,8,30,-0.2,42,651,160,0,-3.2,42,651,0,160,80.28,79.58,0.13,1015,0.6000000000000001,309,1.1,7.6261,5.8143
2022,1,18,9,30,2.7,57,842,346,0,-1.9000000000000001,57,842,0,346,71.55,69.91,0.13,1015,0.6000000000000001,321,1,17.7273,13.7294
2022,1,18,10,30,5.2,64,920,496,0,-1.7000000000000002,64,920,0,496,60.94,61.96,0.13,1016,0.7000000000000001,335,1,27.0176,21.0767
2022,1,18,11,30,7.1000000000000005,68,960,597,0,-1.4000000000000001,68,960,0,597,54.89,56.53,0.13,1015,0.7000000000000001,339,0.7000000000000001,33.5368,26.2384
2022,1,18,12,30,8.5,70,966,632,0,-0.8,70,966,0,632,52.17,54.39,0.13,1014,0.8,332,0.5,35.8643,28.0838
2022,1,18,13,30,9.4,70,954,604,0,-0.4,70,954,0,604,50.46,55.94,0.13,1014,0.8,323,0.4,34.0284,26.6297
2022,1,18,14,30,9.8,66,919,513,0,-0.2,66,919,0,513,49.910000000000004,60.88,0.13,1013,0.8,323,0.30000000000000004,28.1336,21.9621
2022,1,18,15,30,9.5,59,837,366,0,0.4,59,837,0,366,52.910000000000004,68.48,0.13,1014,0.9,290,0.2,18.9878,14.7303
2022,1,18,16,30,8.3,46,670,186,0,1.8,46,670,0,186,63.65,77.93,0.13,1014,0.9,231,0.4,8.9043,6.8063
2022,1,18,17,30,6.6000000000000005,15,175,20,0,-1,15,175,0,20,58.370000000000005,88.39,0.13,1015,1,203,0.7000000000000001,0.0000,0.0000
2022,1,18,18,30,5.300000000000001,0,0,0,0,-1,0,0,0,0,63.78,100.27,0.13,1016,1,198,1,0.0000,0.0000
2022,1,18,19,30,4.4,0,0,0,0,-0.8,0,0,0,0,69.17,112.33,0.13,1016,1,195,1.1,0.0000,0.0000
2022,1,18,20,30,3.5,0,0,0,4,-0.4,0,0,0,0,75.87,124.68,0.13,1016,1,190,1.1,0.0000,0.0000
2022,1,18,21,30,2.7,0,0,0,4,-0.30000000000000004,0,0,0,0,80.64,137.09,0.13,1017,1,186,1.1,0.0000,0.0000
2022,1,18,22,30,2.1,0,0,0,8,-0.30000000000000004,0,0,0,0,83.96000000000001,149.25,0.13,1017,0.9,184,1.1,0.0000,0.0000
2022,1,18,23,30,1.4000000000000001,0,0,0,5,-0.5,0,0,0,0,87.01,160.21,0.13,1016,0.8,184,1.2000000000000002,0.0000,0.0000
2022,1,19,0,30,0.5,0,0,0,0,-0.7000000000000001,0,0,0,0,91.51,166.33,0.13,1017,0.7000000000000001,186,1.2000000000000002,0.0000,0.0000
2022,1,19,1,30,-0.1,0,0,0,0,-0.8,0,0,0,0,94.86,161.71,0.13,1017,0.7000000000000001,187,1.2000000000000002,0.0000,0.0000
2022,1,19,2,30,-0.6000000000000001,0,0,0,8,-0.9,0,0,0,0,97.95,151.14000000000001,0.13,1017,0.7000000000000001,189,1.1,0.0000,0.0000
2022,1,19,3,30,-0.8,0,0,0,7,-0.9,0,0,0,0,99.45,139.08,0.13,1017,0.8,191,1,0.0000,0.0000
2022,1,19,4,30,-0.7000000000000001,0,0,0,0,-0.7000000000000001,0,0,0,0,99.77,126.67,0.13,1017,0.8,196,1,0.0000,0.0000
2022,1,19,5,30,-0.4,0,0,0,0,-0.6000000000000001,0,0,0,0,98.57000000000001,114.29,0.13,1017,0.9,201,0.9,0.0000,0.0000
2022,1,19,6,30,-0.30000000000000004,0,0,0,4,-0.30000000000000004,0,0,0,0,99.68,102.15,0.13,1018,1,211,0.9,0.0000,0.0000
2022,1,19,7,30,1.2000000000000002,7,68,7,4,-0.4,3,0,57,3,89.33,89.91,0.13,1018,1,218,1,0.0000,0.0000
2022,1,19,8,30,4.1000000000000005,45,603,155,0,1.3,45,603,0,155,82.12,79.5,0.13,1018,1,215,0.9,7.3878,5.6332
2022,1,19,9,30,6.9,61,800,337,0,2.9000000000000004,105,591,0,309,75.45,69.79,0.13,1018,1,204,0.9,15.8486,12.2762
2022,1,19,10,30,10,68,893,490,0,4.6000000000000005,68,893,0,490,69.32000000000001,61.81,0.13,1018,1,200,1.3,26.7165,20.8438
2022,1,19,11,30,12.100000000000001,72,936,591,0,4.1000000000000005,120,795,0,561,58.04,56.35,0.13,1017,1,204,1.6,31.5426,24.6801
2022,1,19,12,30,13.100000000000001,73,950,629,0,4,106,862,0,610,53.910000000000004,54.18,0.13,1016,1,206,1.7000000000000002,34.6485,27.1339
2022,1,19,13,30,13.600000000000001,72,938,600,0,4.2,72,938,0,600,52.83,55.72,0.13,1015,1.1,204,1.8,33.8388,26.4838
2022,1,19,14,30,13.600000000000001,69,898,509,0,4.3,69,898,0,509,53.44,60.67,0.13,1014,1.1,202,1.7000000000000002,27.9499,21.8214
2022,1,19,15,30,12.5,63,809,363,0,5.1000000000000005,63,809,0,363,60.7,68.27,0.13,1014,1.1,199,1.3,18.8658,14.6391
2022,1,19,16,30,9.700000000000001,51,616,182,0,7,51,616,0,182,83.38,77.73,0.13,1014,1.2000000000000002,197,1,8.7219,6.6692
2022,1,19,17,30,7.7,16,141,20,0,5.2,16,141,0,20,84.39,88.22,0.13,1014,1.3,196,1,0.0000,0.0000
2022,1,19,18,30,7.7,0,0,0,8,4.9,0,0,0,0,82.54,100.10000000000001,0.13,1014,1.3,196,1.1,0.0000,0.0000
2022,1,19,19,30,7.9,0,0,0,8,5.1000000000000005,0,0,0,0,82.38,112.17,0.13,1014,1.4000000000000001,192,1.1,0.0000,0.0000
2022,1,19,20,30,7.9,0,0,0,7,5.1000000000000005,0,0,0,0,82.62,124.52,0.13,1013,1.4000000000000001,186,1.1,0.0000,0.0000
2022,1,19,21,30,7.6000000000000005,0,0,0,8,5.1000000000000005,0,0,0,0,84.29,136.93,0.13,1012,1.2000000000000002,183,1.2000000000000002,0.0000,0.0000
2022,1,19,22,30,7.1000000000000005,0,0,0,8,4.9,0,0,0,0,85.95,149.07,0.13,1012,1.2000000000000002,186,1.2000000000000002,0.0000,0.0000
2022,1,19,23,30,6.5,0,0,0,8,4.7,0,0,0,0,88.33,160.01,0.13,1012,1.2000000000000002,192,1.1,0.0000,0.0000
2022,1,20,0,30,5.800000000000001,0,0,0,7,4.5,0,0,0,0,91.55,166.12,0.13,1012,1.2000000000000002,204,0.9,0.0000,0.0000
2022,1,20,1,30,5.1000000000000005,0,0,0,8,4.4,0,0,0,0,95.51,161.58,0.13,1012,1.3,214,0.9,0.0000,0.0000
2022,1,20,2,30,4.5,0,0,0,0,4.2,0,0,0,0,97.97,151.07,0.13,1012,1.4000000000000001,215,0.9,0.0000,0.0000
2022,1,20,3,30,4.5,0,0,0,8,4.2,0,0,0,0,97.59,139.04,0.13,1012,1.6,209,1,0.0000,0.0000
2022,1,20,4,30,4.800000000000001,0,0,0,7,4.3,0,0,0,0,96.60000000000001,126.63000000000001,0.13,1012,1.7000000000000002,202,1,0.0000,0.0000
2022,1,20,5,30,5,0,0,0,7,4.7,0,0,0,0,97.78,114.24000000000001,0.13,1011,1.8,196,1.1,0.0000,0.0000
2022,1,20,6,30,5.2,0,0,0,7,4.9,0,0,0,0,98.14,102.10000000000001,0.13,1011,1.9000000000000001,199,1.1,0.0000,0.0000
2022,1,20,7,30,6.1000000000000005,6,38,6,7,5.2,2,0,57,2,93.98,89.86,0.13,1012,2.1,210,1.3,0.0000,0.0000
2022,1,20,8,30,7.7,54,482,143,7,6.1000000000000005,40,2,0,40,89.39,79.41,0.13,1012,2.2,225,1.3,1.9066,1.4539
2022,1,20,9,30,9.700000000000001,76,694,317,7,7.2,21,0,0,21,84.23,69.67,0.13,1012,2.2,240,1.3,1.0782,0.8353
2022,1,20,10,30,11.8,90,783,462,7,8.3,31,0,0,31,79.31,61.660000000000004,0.13,1012,2.3000000000000003,253,1.5,1.6918,1.3201
2022,1,20,11,30,13.3,105,807,554,7,9,27,0,0,27,75.13,56.160000000000004,0.13,1011,2.4000000000000004,265,1.6,1.5195,1.1890
2022,1,20,12,30,14.100000000000001,120,789,584,7,9.5,56,0,0,56,73.71000000000001,53.97,0.13,1011,2.6,275,1.5,3.1838,2.4935
2022,1,20,13,30,13.9,132,740,551,7,9.9,25,0,54,25,76.79,55.49,0.13,1010,2.7,292,1.3,1.4115,1.1048
2022,1,20,14,30,13,132,662,459,7,10.200000000000001,104,7,0,107,82.98,60.44,0.13,1010,2.8000000000000003,319,1.1,5.8837,4.5942
2022,1,20,15,30,11.5,119,542,322,7,10.3,49,1,0,49,92.37,68.06,0.13,1010,2.8000000000000003,343,1.2000000000000002,2.5511,1.9800
2022,1,20,16,30,10,83,344,157,7,9.700000000000001,24,0,0,24,98.28,77.53,0.13,1011,2.8000000000000003,354,1.6,1.1514,0.8808
2022,1,20,17,30,8.5,16,43,17,6,8.5,3,0,86,3,100,88.05,0.13,1012,2.7,181,2.3000000000000003,0.0000,0.0000
2022,1,20,18,30,6.7,0,0,0,7,6.7,0,0,0,0,100,99.92,0.13,1013,2.6,8,2.8000000000000003,0.0000,0.0000
2022,1,20,19,30,5.300000000000001,0,0,0,7,4.800000000000001,0,0,0,0,96.82000000000001,112,0.14,1014,2.6,15,2.9000000000000004,0.0000,0.0000
2022,1,20,20,30,4.5,0,0,0,7,3.5,0,0,0,0,93.5,124.35000000000001,0.14,1015,2.5,21,2.9000000000000004,0.0000,0.0000
2022,1,20,21,30,4.1000000000000005,0,0,0,6,3,0,0,0,0,92.52,136.77,0.14,1015,2.4000000000000004,23,2.9000000000000004,0.0000,0.0000
2022,1,20,22,30,3.7,0,0,0,7,2.7,0,0,0,0,93.12,148.89000000000001,0.14,1015,2.3000000000000003,25,2.8000000000000003,0.0000,0.0000
2022,1,20,23,30,3.2,0,0,0,7,2.3000000000000003,0,0,0,0,93.60000000000001,159.8,0.14,1016,2.2,29,2.7,0.0000,0.0000
2022,1,21,0,30,2.8000000000000003,0,0,0,7,1.8,0,0,0,0,93.36,165.89000000000001,0.14,1016,2.1,31,2.6,0.0000,0.0000
2022,1,21,1,30,2.5,0,0,0,7,1.4000000000000001,0,0,0,0,92.63,161.45000000000002,0.14,1016,2,32,2.5,0.0000,0.0000
2022,1,21,2,30,2.4000000000000004,0,0,0,8,1.1,0,0,0,0,91.41,151,0.14,1016,1.9000000000000001,34,2.4000000000000004,0.0000,0.0000
2022,1,21,3,30,2.3000000000000003,0,0,0,4,0.9,0,0,0,0,90.48,138.99,0.14,1016,1.9000000000000001,35,2.3000000000000003,0.0000,0.0000
2022,1,21,4,30,2.2,0,0,0,7,0.7000000000000001,0,0,0,0,89.68,126.59,0.14,1016,1.9000000000000001,36,2.3000000000000003,0.0000,0.0000
2022,1,21,5,30,2.2,0,0,0,7,0.4,0,0,0,0,87.87,114.19,0.14,1017,1.8,37,2.3000000000000003,0.0000,0.0000
2022,1,21,6,30,2.1,0,0,0,7,-0.1,0,0,0,0,85.64,102.04,0.14,1017,1.8,39,2.3000000000000003,0.0000,0.0000
2022,1,21,7,30,2,7,25,7,7,-0.6000000000000001,2,0,57,2,82.9,89.79,0.14,1018,1.8,42,2.5,0.0000,0.0000
2022,1,21,8,30,2.2,68,383,139,7,-1.3,19,0,0,19,77.83,79.3,0.14,1019,1.8,44,2.6,0.9057,0.6908
2022,1,21,9,30,2.5,101,605,312,8,-2.1,23,0,36,23,71.69,69.54,0.14,1019,1.8,43,2.7,1.1823,0.9161
2022,1,21,10,30,2.7,117,719,460,7,-2.8000000000000003,24,0,39,24,67.09,61.5,0.14,1019,1.8,43,2.7,1.3111,1.0231
2022,1,21,11,30,2.9000000000000004,124,776,558,7,-3.3000000000000003,23,0,29,23,63.92,55.96,0.14,1019,1.9000000000000001,43,2.6,1.2957,1.0139
2022,1,21,12,30,2.9000000000000004,128,792,596,7,-3.5,51,0,0,51,62.81,53.75,0.14,1018,1.9000000000000001,42,2.4000000000000004,2.9023,2.2732
2022,1,21,13,30,2.7,128,771,567,7,-3.5,57,0,0,57,63.86,55.26,0.14,1018,2,39,2.2,3.2217,2.5219
2022,1,21,14,30,2.3000000000000003,121,720,479,7,-3.2,43,0,0,43,67.1,60.21,0.14,1018,2,36,2.1,2.3677,1.8490
2022,1,21,15,30,1.8,106,619,339,7,-2.8000000000000003,30,0,0,30,71.5,67.84,0.14,1018,2,34,2.1,1.5648,1.2148
2022,1,21,16,30,1.2000000000000002,76,428,170,6,-2.5,19,0,0,19,76.61,77.33,0.14,1018,2,32,1.9000000000000001,0.9126,0.6984
2022,1,21,17,30,0.8,18,72,21,7,-2,5,0,86,5,81.37,87.87,0.14,1019,2,31,1.8,0.0000,0.0000
2022,1,21,18,30,0.5,0,0,0,7,-1.9000000000000001,0,0,0,0,84.18,99.75,0.14,1019,2,30,1.8,0.0000,0.0000
2022,1,21,19,30,0.2,0,0,0,7,-2,0,0,0,0,85.05,111.83,0.14,1019,2,30,1.8,0.0000,0.0000
2022,1,21,20,30,0,0,0,0,7,-2.2,0,0,0,0,84.87,124.19,0.14,1020,2,29,1.9000000000000001,0.0000,0.0000
2022,1,21,21,30,-0.30000000000000004,0,0,0,7,-2.5,0,0,0,0,85.02,136.6,0.14,1020,1.9000000000000001,26,1.9000000000000001,0.0000,0.0000
2022,1,21,22,30,-0.6000000000000001,0,0,0,7,-2.8000000000000003,0,0,0,0,85.15,148.72,0.14,1020,1.8,26,1.9000000000000001,0.0000,0.0000
2022,1,21,23,30,-1,0,0,0,7,-3.1,0,0,0,0,85.45,159.59,0.14,1020,1.7000000000000002,30,1.7000000000000002,0.0000,0.0000
2022,1,22,0,30,-1.6,0,0,0,4,-3.6,0,0,0,0,86.45,165.66,0.14,1019,1.6,30,1.6,0.0000,0.0000
2022,1,22,1,30,-2.4000000000000004,0,0,0,7,-4.1000000000000005,0,0,0,0,87.96000000000001,161.31,0.14,1019,1.3,25,1.5,0.0000,0.0000
2022,1,22,2,30,-3.2,0,0,0,4,-4.7,0,0,0,0,89.07000000000001,150.93,0.14,1019,1.1,22,1.5,0.0000,0.0000
2022,1,22,3,30,-3.8000000000000003,0,0,0,0,-5.2,0,0,0,0,89.71000000000001,138.93,0.14,1019,0.8,21,1.5,0.0000,0.0000
2022,1,22,4,30,-4.3,0,0,0,0,-5.6000000000000005,0,0,0,0,90.49,126.54,0.14,1019,0.7000000000000001,20,1.4000000000000001,0.0000,0.0000
2022,1,22,5,30,-4.7,0,0,0,0,-6,0,0,0,0,90.59,114.14,0.14,1019,0.6000000000000001,16,1.4000000000000001,0.0000,0.0000
2022,1,22,6,30,-4.9,0,0,0,4,-6.300000000000001,0,0,14,0,89.64,101.97,0.14,1020,0.6000000000000001,13,1.4000000000000001,0.0000,0.0000
2022,1,22,7,30,-3.9000000000000004,10,81,10,0,-6.6000000000000005,8,45,18,8,81.35000000000001,89.71000000000001,0.14,1021,0.5,16,1.8,0.0000,0.0000
2022,1,22,8,30,-1.9000000000000001,52,602,165,4,-6.7,54,79,0,69,69.86,79.2,0.14,1021,0.5,21,2.3000000000000003,3.2895,2.5093
2022,1,22,9,30,0.1,68,825,358,4,-6.9,170,12,0,174,59.300000000000004,69.41,0.14,1022,0.4,22,2.3000000000000003,8.9545,6.9393
2022,1,22,10,30,1.9000000000000001,74,926,518,4,-6.2,286,72,0,321,54.79,61.33,0.14,1021,0.4,18,2,17.5552,13.7004
2022,1,22,11,30,3.3000000000000003,75,981,627,0,-5.1000000000000005,104,898,0,609,54.1,55.76,0.14,1020,0.30000000000000004,12,1.7000000000000002,34.3398,26.8755
2022,1,22,12,30,4.4,73,1005,671,0,-4.2,73,1005,0,671,53.550000000000004,53.52,0.14,1019,0.30000000000000004,5,1.5,38.2238,29.9410
2022,1,22,13,30,5.1000000000000005,71,999,644,0,-3.8000000000000003,71,999,0,644,52.5,55.02,0.14,1018,0.30000000000000004,177,1.4000000000000001,36.4403,28.5279
2022,1,22,14,30,5.300000000000001,66,969,551,0,-3.7,66,969,0,551,52.11,59.980000000000004,0.14,1017,0.30000000000000004,351,1.2000000000000002,30.3808,23.7287
2022,1,22,15,30,4.7,59,902,402,0,-3.7,59,902,0,402,54.52,67.63,0.14,1017,0.30000000000000004,348,1,21.0048,16.3099
2022,1,22,16,30,2.8000000000000003,46,756,214,0,-2.2,46,756,0,214,69.84,77.13,0.14,1017,0.30000000000000004,176,0.9,10.2922,7.8786
2022,1,22,17,30,1,19,287,31,0,-3.6,19,287,0,31,71.3,87.69,0.14,1017,0.30000000000000004,18,1,0.0000,0.0000
2022,1,22,18,30,0.30000000000000004,0,0,0,0,-5.1000000000000005,0,0,0,0,66.93,99.57000000000001,0.14,1017,0.30000000000000004,45,1,0.0000,0.0000
2022,1,22,19,30,-0.1,0,0,0,0,-5.6000000000000005,0,0,0,0,66.49,111.66,0.14,1017,0.30000000000000004,76,0.9,0.0000,0.0000
2022,1,22,20,30,-0.6000000000000001,0,0,0,0,-5.9,0,0,0,0,67.61,124.03,0.14,1017,0.4,109,0.9,0.0000,0.0000
2022,1,22,21,30,-1.3,0,0,0,0,-5.9,0,0,0,0,70.8,136.44,0.14,1017,0.4,138,1,0.0000,0.0000
2022,1,22,22,30,-2.1,0,0,0,0,-5.800000000000001,0,0,0,0,75.73,148.54,0.14,1016,0.4,157,1,0.0000,0.0000
2022,1,22,23,30,-2.4000000000000004,0,0,0,0,-5.6000000000000005,0,0,0,0,78.89,159.38,0.14,1016,0.5,174,1,0.0000,0.0000
2022,1,23,0,30,-2.7,0,0,0,0,-5.300000000000001,0,0,0,0,82.36,165.43,0.14,1015,0.5,190,1,0.0000,0.0000
2022,1,23,1,30,-3,0,0,0,0,-5,0,0,0,0,85.91,161.17000000000002,0.14,1015,0.5,202,0.9,0.0000,0.0000
2022,1,23,2,30,-3.5,0,0,0,0,-4.800000000000001,0,0,0,0,90.68,150.84,0.14,1014,0.6000000000000001,210,0.9,0.0000,0.0000
2022,1,23,3,30,-3.9000000000000004,0,0,0,0,-4.6000000000000005,0,0,0,0,95.2,138.87,0.14,1013,0.6000000000000001,214,0.8,0.0000,0.0000
2022,1,23,4,30,-4,0,0,0,0,-4.3,0,0,0,0,97.96000000000001,126.48,0.14,1013,0.6000000000000001,216,0.8,0.0000,0.0000
2022,1,23,5,30,-4.1000000000000005,0,0,0,0,-4.1000000000000005,0,0,0,0,100,114.08,0.14,1012,0.6000000000000001,218,0.8,0.0000,0.0000
2022,1,23,6,30,-3.7,0,0,0,0,-3.9000000000000004,0,0,0,0,98.78,101.9,0.14,1013,0.6000000000000001,224,1,0.0000,0.0000
2022,1,23,7,30,-2.2,10,107,11,0,-3.7,10,107,0,11,89.77,89.64,0.14,1013,0.6000000000000001,230,1.3,0.0000,0.0000
2022,1,23,8,30,0.1,45,645,167,0,-2.6,45,645,0,167,81.98,79.09,0.14,1012,0.6000000000000001,232,1.5,7.9629,6.0752
2022,1,23,9,30,2.5,60,838,357,0,-1.5,60,838,0,357,74.93,69.27,0.14,1012,0.6000000000000001,227,1.6,18.3948,14.2574
2022,1,23,10,30,4.800000000000001,68,925,514,0,-0.30000000000000004,68,925,0,514,69.39,61.160000000000004,0.14,1011,0.6000000000000001,225,1.7000000000000002,28.1399,21.9633
2022,1,23,11,30,6.7,71,967,618,0,0.1,71,967,0,618,62.550000000000004,55.550000000000004,0.14,1010,0.6000000000000001,229,2,34.8823,27.3024
2022,1,23,12,30,8.200000000000001,70,983,658,0,-0.1,70,983,0,658,55.9,53.29,0.14,1008,0.6000000000000001,234,2.2,37.5203,29.3923
2022,1,23,13,30,8.9,68,976,631,0,-0.30000000000000004,68,976,0,631,52.620000000000005,54.78,0.14,1007,0.6000000000000001,241,2.3000000000000003,35.7442,27.9856
2022,1,23,14,30,9.1,64,938,537,0,-0.30000000000000004,64,938,0,537,51.81,59.74,0.14,1006,0.7000000000000001,246,2.1,29.6503,23.1613
2022,1,23,15,30,8.1,57,861,388,0,0.30000000000000004,57,861,0,388,57.910000000000004,67.4,0.14,1006,0.8,247,1.6,20.3117,15.7754
2022,1,23,16,30,5.300000000000001,44,706,204,0,2.3000000000000003,44,706,0,204,81.05,76.93,0.14,1006,0.9,247,1.1,9.8243,7.5232
2022,1,23,17,30,2.9000000000000004,19,255,30,0,0.7000000000000001,19,255,0,30,85.16,87.52,0.14,1006,0.9,245,1.1,0.0000,0.0000
2022,1,23,18,30,2.4000000000000004,0,0,0,0,0.1,0,0,0,0,84.51,99.39,0.14,1006,0.9,246,1.3,0.0000,0.0000
2022,1,23,19,30,2.4000000000000004,0,0,0,0,0.1,0,0,0,0,84.7,111.49000000000001,0.14,1006,0.9,250,1.4000000000000001,0.0000,0.0000
2022,1,23,20,30,2.3000000000000003,0,0,0,0,0.1,0,0,0,0,85.46000000000001,123.86,0.14,1006,0.9,253,1.4000000000000001,0.0000,0.0000
2022,1,23,21,30,2.2,0,0,0,0,0.4,0,0,0,0,87.7,136.27,0.14,1006,0.9,258,1.3,0.0000,0.0000
2022,1,23,22,30,2.2,0,0,0,0,0.6000000000000001,0,0,0,0,89.14,148.35,0.14,1006,0.9,265,1.4000000000000001,0.0000,0.0000
2022,1,23,23,30,1.8,0,0,0,0,0.8,0,0,0,0,92.76,159.16,0.14,1006,0.9,272,1.4000000000000001,0.0000,0.0000
2022,1,24,0,30,1.1,0,0,0,0,0.7000000000000001,0,0,0,0,96.91,165.18,0.14,1006,1,275,1.3,0.0000,0.0000
2022,1,24,1,30,0.5,0,0,0,4,0.5,0,0,0,0,99.86,161.01,0.14,1006,1,279,1.2000000000000002,0.0000,0.0000
2022,1,24,2,30,-0.1,0,0,0,4,-0.1,0,0,0,0,100,150.75,0.14,1006,1.1,282,1.2000000000000002,0.0000,0.0000
2022,1,24,3,30,-0.7000000000000001,0,0,0,0,-0.7000000000000001,0,0,0,0,100,138.8,0.14,1006,1.2000000000000002,285,1.1,0.0000,0.0000
2022,1,24,4,30,-1,0,0,0,0,-1,0,0,0,0,100,126.42,0.14,1006,1.2000000000000002,289,1,0.0000,0.0000
2022,1,24,5,30,-1.3,0,0,0,0,-1.3,0,0,0,0,100,114.01,0.14,1006,1.2000000000000002,294,0.9,0.0000,0.0000
2022,1,24,6,30,-1.2000000000000002,0,0,0,0,-1.2000000000000002,0,0,0,0,100,101.82000000000001,0.14,1007,1.2000000000000002,299,0.8,0.0000,0.0000
2022,1,24,7,30,0.2,9,85,10,0,-0.5,9,85,0,10,94.78,89.57000000000001,0.14,1007,1.2000000000000002,296,0.7000000000000001,0.0000,0.0000
2022,1,24,8,30,2.6,48,584,160,0,0.1,48,584,0,160,83.56,78.97,0.14,1007,1.2000000000000002,277,0.6000000000000001,7.6309,5.8229
2022,1,24,9,30,5.6000000000000005,65,787,345,0,1.1,65,787,0,345,72.99,69.13,0.14,1008,1.1,223,0.30000000000000004,17.7982,13.7973
2022,1,24,10,30,8.8,73,878,499,0,2,73,878,0,499,62.550000000000004,60.980000000000004,0.14,1007,1.1,186,0.6000000000000001,27.3490,21.3484
2022,1,24,11,30,11.100000000000001,78,920,601,0,2.3000000000000003,78,920,0,601,54.52,55.34,0.14,1007,1.1,196,1.1,33.9564,26.5800
2022,1,24,12,30,12.100000000000001,79,939,643,0,2.5,79,939,0,643,51.800000000000004,53.050000000000004,0.14,1006,1,211,1.4000000000000001,36.7024,28.7540
2022,1,24,13,30,12.5,75,937,619,0,2.7,75,937,0,619,51.410000000000004,54.53,0.14,1005,1,224,1.5,35.1044,27.4873
2022,1,24,14,30,12.4,71,905,530,0,3,71,905,0,530,52.51,59.5,0.14,1005,1,233,1.6,29.3043,22.8940
2022,1,24,15,30,11.5,61,837,386,0,3.2,61,837,0,386,56.77,67.18,0.14,1005,1,234,1.2000000000000002,20.2433,15.7257
2022,1,24,16,30,8.8,47,688,205,0,5.4,56,598,0,193,78.96000000000001,76.72,0.14,1005,1,231,1,9.3082,7.1308
2022,1,24,17,30,6.1000000000000005,20,245,31,0,3.4000000000000004,20,245,0,31,83.07000000000001,87.34,0.14,1005,1,227,1,0.0000,0.0000
2022,1,24,18,30,5,0,0,0,0,2.4000000000000004,0,0,0,0,83.5,99.21000000000001,0.14,1006,1,230,1,0.0000,0.0000
2022,1,24,19,30,4.4,0,0,0,4,2.3000000000000003,0,0,0,0,86.31,111.32000000000001,0.14,1006,1,233,0.9,0.0000,0.0000
2022,1,24,20,30,4.2,0,0,0,4,2.1,0,0,0,0,86.22,123.7,0.14,1006,1.1,234,0.9,0.0000,0.0000
2022,1,24,21,30,4.1000000000000005,0,0,0,4,2,0,0,0,0,86.32000000000001,136.1,0.14,1006,1.1,232,0.9,0.0000,0.0000
2022,1,24,22,30,4.1000000000000005,0,0,0,8,2.2,0,0,0,0,87.16,148.17000000000002,0.14,1006,1.1,231,0.9,0.0000,0.0000
2022,1,24,23,30,4.3,0,0,0,7,2.4000000000000004,0,0,0,0,87.45,158.94,0.14,1006,1.2000000000000002,233,1,0.0000,0.0000
2022,1,25,0,30,4.7,0,0,0,6,2.8000000000000003,0,0,0,0,87.43,164.94,0.14,1006,1.3,235,1.1,0.0000,0.0000
2022,1,25,1,30,4.800000000000001,0,0,0,6,3.2,0,0,0,0,89.34,160.85,0.14,1006,1.4000000000000001,238,1,0.0000,0.0000
2022,1,25,2,30,4.7,0,0,0,6,3.6,0,0,0,0,92.37,150.65,0.14,1006,1.5,243,1,0.0000,0.0000
2022,1,25,3,30,4.7,0,0,0,7,3.8000000000000003,0,0,0,0,94.11,138.73,0.14,1006,1.5,246,1.1,0.0000,0.0000
2022,1,25,4,30,4.800000000000001,0,0,0,6,4,0,0,0,0,94.82000000000001,126.35000000000001,0.14,1007,1.6,246,1,0.0000,0.0000
2022,1,25,5,30,4.7,0,0,0,6,4.1000000000000005,0,0,0,0,96,113.94,0.14,1007,1.7000000000000002,243,1,0.0000,0.0000
2022,1,25,6,30,5,0,0,0,6,4.2,0,0,0,0,94.51,101.74000000000001,0.14,1007,1.8,240,1,0.0000,0.0000
2022,1,25,7,30,5.7,9,76,10,6,4.3,3,0,57,3,90.79,89.49,0.14,1008,1.8,239,1.1,0.0000,0.0000
2022,1,25,8,30,7.1000000000000005,51,547,157,7,4.800000000000001,74,11,0,76,85.29,78.85000000000001,0.14,1009,1.8,236,1.4000000000000001,3.6257,2.7671
2022,1,25,9,30,8.700000000000001,74,726,335,4,5.5,60,1,0,60,80.10000000000001,68.97,0.14,1009,1.8,234,1.4000000000000001,3.0997,2.4033
2022,1,25,10,30,10.8,90,809,485,8,6.4,219,70,29,253,74.36,60.79,0.14,1009,1.8,233,1.4000000000000001,13.8825,10.8377
2022,1,25,11,30,13.3,92,865,587,8,7.300000000000001,224,75,32,267,67.14,55.120000000000005,0.14,1009,1.8,235,1.6,15.1010,11.8216
2022,1,25,12,30,14.9,91,890,629,8,6.800000000000001,174,28,0,191,58.38,52.800000000000004,0.14,1008,1.8,239,1.9000000000000001,10.9137,8.5509
2022,1,25,13,30,15.3,88,886,605,8,6.4,68,1,0,69,55.160000000000004,54.28,0.14,1007,1.8,242,1.8,3.9175,3.0678
2022,1,25,14,30,15.100000000000001,83,851,518,8,6.5,172,11,0,178,56.33,59.26,0.14,1007,1.7000000000000002,246,1.6,9.8553,7.7004
2022,1,25,15,30,14.200000000000001,74,771,376,4,6.9,167,14,0,172,61.660000000000004,66.95,0.14,1007,1.7000000000000002,242,1.2000000000000002,9.0371,7.0219
2022,1,25,16,30,11.700000000000001,57,605,198,8,9.1,114,116,7,141,84.14,76.51,0.14,1008,1.7000000000000002,231,0.8,6.8106,5.2195
2022,1,25,17,30,9.200000000000001,22,197,32,7,7.4,20,5,96,20,88.59,87.16,0.14,1009,1.7000000000000002,225,0.8,0.0000,0.0000
2022,1,25,18,30,8.1,0,0,0,4,6.5,0,0,0,0,89.87,99.03,0.14,1009,1.8,227,0.9,0.0000,0.0000
2022,1,25,19,30,7.4,0,0,0,4,6.2,0,0,0,0,91.94,111.15,0.14,1010,1.8,228,0.9,0.0000,0.0000
2022,1,25,20,30,6.9,0,0,0,0,6,0,0,0,0,93.85000000000001,123.53,0.14,1010,1.8,231,0.9,0.0000,0.0000
2022,1,25,21,30,6.300000000000001,0,0,0,0,5.800000000000001,0,0,0,0,96.62,135.93,0.14,1010,1.8,239,1,0.0000,0.0000
2022,1,25,22,30,5.9,0,0,0,0,5.800000000000001,0,0,0,0,98.99000000000001,147.99,0.14,1010,1.7000000000000002,255,1,0.0000,0.0000
2022,1,25,23,30,5.4,0,0,0,0,5.4,0,0,0,0,100,158.72,0.14,1010,1.7000000000000002,277,0.9,0.0000,0.0000
2022,1,26,0,30,5.2,0,0,0,0,5.2,0,0,0,0,100,164.68,0.14,1010,1.7000000000000002,306,0.8,0.0000,0.0000
2022,1,26,1,30,5.2,0,0,0,0,5.2,0,0,0,0,100,160.67000000000002,0.14,1011,1.6,335,0.8,0.0000,0.0000
2022,1,26,2,30,5.2,0,0,0,0,5.2,0,0,0,0,100,150.54,0.14,1011,1.6,175,1,0.0000,0.0000
2022,1,26,3,30,4.9,0,0,0,0,4.7,0,0,0,0,98.56,138.65,0.14,1012,1.5,6,1.2000000000000002,0.0000,0.0000
2022,1,26,4,30,4.5,0,0,0,0,3.6,0,0,0,0,93.95,126.27,0.14,1013,1.4000000000000001,12,1.4000000000000001,0.0000,0.0000
2022,1,26,5,30,3.9000000000000004,0,0,0,0,2.4000000000000004,0,0,0,0,90.04,113.86,0.14,1014,1.3,19,1.5,0.0000,0.0000
2022,1,26,6,30,3.2,0,0,0,0,1.4000000000000001,0,0,0,0,88.25,101.65,0.14,1015,1.2000000000000002,26,1.6,0.0000,0.0000
2022,1,26,7,30,3.8000000000000003,10,67,11,0,1.1,10,67,0,11,82.38,89.39,0.14,1016,1.2000000000000002,33,1.8,0.0000,0.0000
2022,1,26,8,30,5.6000000000000005,58,529,161,0,1.3,58,529,0,161,73.97,78.72,0.14,1016,1.1,40,2.3000000000000003,7.6834,5.8652
2022,1,26,9,30,7.6000000000000005,79,738,346,0,1,79,738,0,346,63.03,68.82000000000001,0.14,1017,1.1,46,2.7,17.8979,13.8795
2022,1,26,10,30,9.200000000000001,91,834,500,0,0.8,91,834,0,500,55.81,60.6,0.14,1017,1.1,48,2.7,27.4673,21.4456
2022,1,26,11,30,10.3,98,876,602,0,1.3,98,876,0,602,53.57,54.89,0.14,1017,1.1,47,2.4000000000000004,34.0842,26.6848
2022,1,26,12,30,11.100000000000001,101,891,643,0,1.9000000000000001,101,891,0,643,53.050000000000004,52.550000000000004,0.14,1016,1.1,42,2.2,36.7792,28.8190
2022,1,26,13,30,11.5,99,883,618,0,2.3000000000000003,99,883,0,618,53.26,54.02,0.14,1015,1.1,38,2,35.1278,27.5109
2022,1,26,14,30,11.3,94,844,529,0,2.5,94,844,0,529,54.57,59.01,0.14,1015,1,36,1.9000000000000001,29.3303,22.9202
2022,1,26,15,30,10.5,83,767,386,0,2.4000000000000004,83,767,0,386,57.4,66.72,0.14,1015,1,38,1.6,20.3183,15.7911
2022,1,26,16,30,8,61,612,206,0,3,85,385,0,176,70.57000000000001,76.3,0.14,1016,1,43,1.2000000000000002,8.5146,6.5280
2022,1,26,17,30,5.5,22,218,34,0,3,21,109,43,27,84.03,86.97,0.14,1017,1,50,1.1,0.0000,0.0000
2022,1,26,18,30,4.7,0,0,0,0,1.7000000000000002,0,0,0,0,81.15,98.85000000000001,0.14,1018,0.9,58,1.3,0.0000,0.0000
2022,1,26,19,30,3.9000000000000004,0,0,0,0,1.1,0,0,0,0,81.71000000000001,110.98,0.14,1019,0.9,65,1.3,0.0000,0.0000
2022,1,26,20,30,2.9000000000000004,0,0,0,0,0.7000000000000001,0,0,0,0,85.31,123.36,0.14,1019,0.8,70,1.3,0.0000,0.0000
2022,1,26,21,30,2,0,0,0,0,0.2,0,0,0,0,88,135.76,0.14,1020,0.8,73,1.3,0.0000,0.0000
2022,1,26,22,30,1.1,0,0,0,0,-0.30000000000000004,0,0,0,0,90.12,147.8,0.14,1020,0.7000000000000001,74,1.4000000000000001,0.0000,0.0000
2022,1,26,23,30,0.30000000000000004,0,0,0,0,-1,0,0,0,0,90.88,158.5,0.14,1020,0.7000000000000001,73,1.3,0.0000,0.0000
2022,1,27,0,30,-0.5,0,0,0,0,-1.8,0,0,0,0,91.10000000000001,164.42000000000002,0.14,1020,0.6000000000000001,71,1.3,0.0000,0.0000
2022,1,27,1,30,-1.2000000000000002,0,0,0,0,-2.5,0,0,0,0,91,160.49,0.14,1020,0.6000000000000001,67,1.3,0.0000,0.0000
2022,1,27,2,30,-1.7000000000000002,0,0,0,0,-3.1,0,0,0,0,90.19,150.43,0.14,1020,0.6000000000000001,63,1.3,0.0000,0.0000
2022,1,27,3,30,-2.3000000000000003,0,0,0,4,-3.6,0,0,0,0,90.62,138.56,0.14,1020,0.6000000000000001,57,1.3,0.0000,0.0000
2022,1,27,4,30,-2.8000000000000003,0,0,0,0,-4.1000000000000005,0,0,0,0,90.42,126.19,0.14,1020,0.6000000000000001,51,1.3,0.0000,0.0000
2022,1,27,5,30,-3.3000000000000003,0,0,0,0,-4.6000000000000005,0,0,0,0,90.42,113.77,0.14,1021,0.6000000000000001,47,1.3,0.0000,0.0000
2022,1,27,6,30,-3.3000000000000003,0,0,0,0,-5.1000000000000005,0,0,0,0,87.44,101.55,0.14,1021,0.6000000000000001,43,1.3,0.0000,0.0000
2022,1,27,7,30,-2.1,11,130,13,0,-5.4,11,130,0,13,78.23,89.28,0.14,1022,0.6000000000000001,46,1.7000000000000002,0.0000,0.0000
2022,1,27,8,30,0.30000000000000004,44,672,177,0,-6,44,672,0,177,62.5,78.59,0.14,1022,0.6000000000000001,56,2.2,8.4503,6.4520
2022,1,27,9,30,2.9000000000000004,59,840,365,0,-7.1000000000000005,59,840,0,365,47.77,68.65,0.14,1022,0.7000000000000001,62,2.3000000000000003,18.9084,14.6660
2022,1,27,10,30,5.1000000000000005,70,918,523,0,-7.300000000000001,70,918,0,523,40.35,60.4,0.14,1022,0.7000000000000001,58,2.1,28.7654,22.4616
2022,1,27,11,30,6.800000000000001,74,957,628,0,-6.7,74,957,0,628,37.56,54.660000000000004,0.14,1021,0.7000000000000001,51,1.8,35.5938,27.8691
2022,1,27,12,30,8,76,969,669,0,-5.6000000000000005,76,969,0,669,37.61,52.300000000000004,0.14,1019,0.7000000000000001,43,1.5,38.3056,30.0176
2022,1,27,13,30,8.700000000000001,77,954,641,0,-4.6000000000000005,77,954,0,641,38.660000000000004,53.76,0.14,1018,0.8,39,1.4000000000000001,36.4768,28.5701
2022,1,27,14,30,8.9,72,919,549,0,-3.9000000000000004,72,919,0,549,40.15,58.76,0.14,1018,0.8,42,1.2000000000000002,30.4815,23.8229
2022,1,27,15,30,8.4,66,846,403,0,-3.4000000000000004,66,846,0,403,43.09,66.49,0.14,1018,0.8,49,1.1,21.2519,16.5202
2022,1,27,16,30,6.4,52,695,219,0,-1.2000000000000002,52,695,0,219,58.31,76.09,0.14,1017,0.8,60,1,10.6122,8.1393
2022,1,27,17,30,3.9000000000000004,23,282,39,0,-1.4000000000000001,23,282,0,39,68.52,86.78,0.14,1018,0.8,72,1.1,0.0000,0.0000
2022,1,27,18,30,2.3000000000000003,0,0,0,0,-2.5,0,0,0,0,70.76,98.67,0.14,1018,0.9,81,1.2000000000000002,0.0000,0.0000
2022,1,27,19,30,1.6,0,0,0,4,-2.7,0,0,0,0,73.2,110.81,0.14,1017,0.9,85,1.1,0.0000,0.0000
2022,1,27,20,30,1,0,0,0,0,-2.6,0,0,0,0,76.77,123.19,0.14,1017,0.9,88,1,0.0000,0.0000
2022,1,27,21,30,0.30000000000000004,0,0,0,4,-3.2,0,0,0,0,77.49,135.59,0.14,1017,0.9,90,1,0.0000,0.0000
2022,1,27,22,30,0.1,0,0,0,0,-3.7,0,0,0,0,75.62,147.61,0.14,1017,0.9,90,0.9,0.0000,0.0000
2022,1,27,23,30,0.30000000000000004,0,0,0,0,-3.6,0,0,0,0,75.32000000000001,158.27,0.14,1016,0.9,90,0.9,0.0000,0.0000
2022,1,28,0,30,0.30000000000000004,0,0,0,8,-3.4000000000000004,0,0,0,0,76.48,164.16,0.14,1015,0.9,89,0.9,0.0000,0.0000
2022,1,28,1,30,-0.2,0,0,0,8,-3.7,0,0,0,0,77.19,160.3,0.14,1015,0.9,85,0.8,0.0000,0.0000
2022,1,28,2,30,-0.7000000000000001,0,0,0,5,-4.3,0,0,0,0,76.85000000000001,150.31,0.14,1014,0.9,72,0.8,0.0000,0.0000
2022,1,28,3,30,-1,0,0,0,8,-5,0,0,0,0,74.4,138.47,0.14,1014,0.9,58,0.9,0.0000,0.0000
2022,1,28,4,30,-1,0,0,0,8,-4.9,0,0,0,0,75.09,126.11,0.14,1013,0.9,50,0.8,0.0000,0.0000
2022,1,28,5,30,-1.2000000000000002,0,0,0,8,-5,0,0,0,0,75.48,113.68,0.14,1013,0.9,51,0.9,0.0000,0.0000
2022,1,28,6,30,-1.2000000000000002,0,0,0,7,-5.2,0,0,0,0,74.01,101.45,0.14,1013,0.9,58,0.9,0.0000,0.0000
2022,1,28,7,30,-0.2,11,112,13,7,-5.1000000000000005,8,0,64,8,69.31,89.19,0.14,1012,0.9,65,1,0.0000,0.0000
2022,1,28,8,30,1.4000000000000001,47,633,174,7,-6.5,98,27,0,103,55.71,78.45,0.14,1012,0.9,66,1,4.9198,3.7573
2022,1,28,9,30,3.9000000000000004,65,813,363,7,-5.800000000000001,169,49,0,187,49.21,68.48,0.14,1011,0.9,69,0.7000000000000001,9.7014,7.5262
2022,1,28,10,30,6.5,75,893,519,7,-6.4,243,77,0,281,39.17,60.2,0.14,1011,0.9,68,0.4,15.4736,12.0840
2022,1,28,11,30,7.9,84,925,622,7,-6.6000000000000005,189,19,0,200,35.15,54.42,0.14,1009,0.9,161,0.2,11.3479,8.8860
2022,1,28,12,30,8.3,88,931,661,6,-5.6000000000000005,191,7,0,195,36.95,52.04,0.14,1008,1,257,0.2,11.1771,8.7595
2022,1,28,13,30,8.3,87,922,636,6,-5,126,1,0,127,38.72,53.49,0.14,1006,1,261,0.5,7.2355,5.6677
2022,1,28,14,30,8.1,83,889,547,6,-3.7,94,1,0,95,43.15,58.51,0.14,1005,0.9,265,0.6000000000000001,5.2818,4.1286
2022,1,28,15,30,7.6000000000000005,78,798,399,6,-1.7000000000000002,65,1,0,65,51.92,66.26,0.14,1005,0.9,258,0.6000000000000001,3.4339,2.6699
2022,1,28,16,30,6.300000000000001,67,590,211,7,1.3,68,9,0,70,70.15,75.88,0.14,1004,1,251,0.7000000000000001,3.3977,2.6070
2022,1,28,17,30,4.800000000000001,26,156,35,8,-0.1,22,1,100,22,70.8,86.60000000000001,0.14,1004,1.1,257,0.9,0.0000,0.0000
2022,1,28,18,30,4.6000000000000005,0,0,0,7,0.30000000000000004,0,0,0,0,73.82000000000001,98.49000000000001,0.14,1004,1.2000000000000002,272,1.1,0.0000,0.0000
2022,1,28,19,30,4.9,0,0,0,4,1.7000000000000002,0,0,0,0,79.60000000000001,110.64,0.14,1004,1.2000000000000002,291,1.7000000000000002,0.0000,0.0000
2022,1,28,20,30,4.6000000000000005,0,0,0,4,3,0,0,0,0,89.22,123.03,0.14,1004,1.2000000000000002,310,2.5,0.0000,0.0000
2022,1,28,21,30,3.6,0,0,0,4,2.4000000000000004,0,0,0,0,92.17,135.41,0.14,1005,1,320,3,0.0000,0.0000
2022,1,28,22,30,2.5,0,0,0,4,0.7000000000000001,0,0,0,0,87.96000000000001,147.42000000000002,0.14,1005,0.9,319,2.8000000000000003,0.0000,0.0000
2022,1,28,23,30,1.8,0,0,0,7,-0.6000000000000001,0,0,0,0,83.83,158.04,0.14,1004,0.8,312,2.4000000000000004,0.0000,0.0000
2022,1,29,0,30,1.3,0,0,0,6,-1.4000000000000001,0,0,0,0,82.42,163.89000000000001,0.14,1004,0.8,306,2.2,0.0000,0.0000
2022,1,29,1,30,1,0,0,0,8,-1.8,0,0,0,0,81.66,160.11,0.14,1004,0.7000000000000001,302,2.2,0.0000,0.0000
2022,1,29,2,30,0.8,0,0,0,8,-2,0,0,0,0,81.67,150.18,0.14,1005,0.7000000000000001,301,2.3000000000000003,0.0000,0.0000
2022,1,29,3,30,0.7000000000000001,0,0,0,8,-2.1,0,0,0,0,81.27,138.36,0.14,1005,0.7000000000000001,303,2.3000000000000003,0.0000,0.0000
2022,1,29,4,30,0.7000000000000001,0,0,0,7,-2.2,0,0,0,0,80.95,126.01,0.14,1005,0.7000000000000001,309,2.3000000000000003,0.0000,0.0000
2022,1,29,5,30,0.6000000000000001,0,0,0,5,-2.3000000000000003,0,0,0,0,80.73,113.59,0.14,1006,0.7000000000000001,315,2.2,0.0000,0.0000
2022,1,29,6,30,0.5,0,0,0,0,-2.8000000000000003,0,0,0,0,78.75,101.35000000000001,0.14,1008,0.6000000000000001,319,2.1,0.0000,0.0000
2022,1,29,7,30,1,12,87,13,0,-3.3000000000000003,12,87,0,13,73.02,89.09,0.14,1009,0.6000000000000001,321,2.3000000000000003,0.0000,0.0000
2022,1,29,8,30,2,55,601,177,0,-3.6,55,601,0,177,66.35,78.3,0.14,1010,0.5,324,2.9000000000000004,8.4593,6.4620
2022,1,29,9,30,3.1,68,828,374,0,-5.4,68,828,0,374,53.71,68.31,0.14,1011,0.5,326,3.4000000000000004,19.4309,15.0769
2022,1,29,10,30,4,72,937,541,0,-7.4,72,937,0,541,43.35,59.99,0.14,1011,0.4,324,3.5,29.8277,23.2966
2022,1,29,11,30,4.6000000000000005,74,991,654,0,-8.6,179,595,0,527,37.85,54.18,0.14,1011,0.30000000000000004,320,3.5,29.9340,23.4419
2022,1,29,12,30,4.9,73,1012,699,0,-9.600000000000001,82,978,0,687,34.21,51.77,0.14,1010,0.30000000000000004,317,3.6,39.4204,30.8965
2022,1,29,13,30,4.9,69,1010,674,0,-10.8,78,985,0,668,31.01,53.22,0.14,1010,0.30000000000000004,319,3.6,38.1019,29.8487
2022,1,29,14,30,4.6000000000000005,62,987,581,0,-12,62,987,0,581,28.76,58.25,0.14,1010,0.30000000000000004,322,3.5,32.3483,25.2884
2022,1,29,15,30,3.9000000000000004,54,928,431,0,-12.600000000000001,54,928,0,431,28.8,66.02,0.14,1011,0.30000000000000004,324,3.1,22.8121,17.7407
2022,1,29,16,30,2.1,42,801,240,0,-12.4,42,801,0,240,33.25,75.66,0.14,1011,0.30000000000000004,324,2.2,11.6703,8.9579
2022,1,29,17,30,-0.2,23,407,48,0,-10.200000000000001,23,407,0,48,46.74,86.41,0.14,1012,0.30000000000000004,325,1.5,0.0000,0.0000
2022,1,29,18,30,-1.7000000000000002,0,0,0,0,-9.5,0,0,0,0,55.410000000000004,98.31,0.14,1013,0.30000000000000004,328,1.3,0.0000,0.0000
2022,1,29,19,30,-2.8000000000000003,0,0,0,0,-9.3,0,0,0,0,60.97,110.47,0.14,1013,0.30000000000000004,331,1.1,0.0000,0.0000
2022,1,29,20,30,-3.9000000000000004,0,0,0,0,-9.1,0,0,0,0,67.09,122.86,0.14,1014,0.30000000000000004,333,1,0.0000,0.0000
2022,1,29,21,30,-4.5,0,0,0,0,-9.1,0,0,0,0,70.45,135.24,0.14,1014,0.4,332,1,0.0000,0.0000
2022,1,29,22,30,-4.6000000000000005,0,0,0,0,-9.200000000000001,0,0,0,0,70.3,147.23,0.14,1014,0.4,326,1,0.0000,0.0000
2022,1,29,23,30,-4.4,0,0,0,0,-9.3,0,0,0,0,68.87,157.8,0.14,1014,0.5,313,1,0.0000,0.0000
2022,1,30,0,30,-4.3,0,0,0,0,-9.3,0,0,0,0,68.05,163.62,0.14,1014,0.5,291,1,0.0000,0.0000
2022,1,30,1,30,-4.4,0,0,0,0,-9,0,0,0,0,70.39,159.9,0.14,1014,0.6000000000000001,269,0.9,0.0000,0.0000
2022,1,30,2,30,-4.6000000000000005,0,0,0,0,-8.4,0,0,0,0,74.56,150.04,0.14,1014,0.6000000000000001,255,0.9,0.0000,0.0000
2022,1,30,3,30,-4.6000000000000005,0,0,0,0,-7.9,0,0,0,0,77.58,138.26,0.14,1014,0.6000000000000001,247,0.9,0.0000,0.0000
2022,1,30,4,30,-4.6000000000000005,0,0,0,0,-7.5,0,0,0,0,79.85000000000001,125.91,0.14,1014,0.6000000000000001,240,0.9,0.0000,0.0000
2022,1,30,5,30,-4.7,0,0,0,0,-7.5,0,0,0,0,81.07000000000001,113.49000000000001,0.14,1015,0.6000000000000001,231,0.9,0.0000,0.0000
2022,1,30,6,30,-4.3,0,0,0,0,-7.4,0,0,0,0,78.78,101.24000000000001,0.14,1015,0.6000000000000001,220,1.1,0.0000,0.0000
2022,1,30,7,30,-3,13,162,16,0,-7.300000000000001,13,162,0,16,72.02,88.96000000000001,0.14,1015,0.6000000000000001,208,1.3,0.0000,0.0000
2022,1,30,8,30,-0.30000000000000004,46,670,184,0,-6.800000000000001,46,670,0,184,61.5,78.15,0.14,1015,0.6000000000000001,200,1.6,8.7995,6.7236
2022,1,30,9,30,3.2,63,840,376,0,-6.1000000000000005,63,840,0,376,50.4,68.12,0.14,1015,0.6000000000000001,208,2.1,19.5662,15.1850
2022,1,30,10,30,6.1000000000000005,73,911,532,0,-7.300000000000001,73,911,0,532,37.62,59.77,0.14,1014,0.7000000000000001,217,2.7,29.3691,22.9412
2022,1,30,11,30,7.9,80,948,638,0,-6.300000000000001,80,948,0,638,35.92,53.93,0.14,1012,0.7000000000000001,215,2.8000000000000003,36.2790,28.4134
2022,1,30,12,30,9.1,82,956,677,0,-4.9,82,956,0,677,36.79,51.5,0.14,1010,0.8,214,3,38.8882,30.4819
2022,1,30,13,30,9.9,80,945,649,0,-3.4000000000000004,80,945,0,649,38.99,52.95,0.14,1009,0.9,214,3.1,37.0605,29.0356
2022,1,30,14,30,10.200000000000001,76,910,558,0,-2,76,910,0,558,42.35,57.99,0.14,1008,0.9,217,3.1,31.1111,24.3243
2022,1,30,15,30,9.8,68,841,413,0,-0.8,68,841,0,413,47.68,65.78,0.14,1008,0.9,221,2.6,21.8998,17.0349
2022,1,30,16,30,7.7,53,696,228,0,0.7000000000000001,53,696,0,228,61.230000000000004,75.45,0.14,1008,0.9,224,1.8,11.1062,8.5282
2022,1,30,17,30,5.5,25,316,46,0,0.9,25,316,0,46,72.46000000000001,86.22,0.14,1009,1,227,1.5,0.0000,0.0000
2022,1,30,18,30,4.7,0,0,0,0,0.9,0,0,0,0,76.39,98.13,0.14,1010,1,232,1.5,0.0000,0.0000
2022,1,30,19,30,4.2,0,0,0,0,1.2000000000000002,0,0,0,0,81.08,110.29,0.14,1010,1,239,1.4000000000000001,0.0000,0.0000
2022,1,30,20,30,3.6,0,0,0,0,1.7000000000000002,0,0,0,0,87.47,122.69,0.14,1010,0.9,248,1.4000000000000001,0.0000,0.0000
2022,1,30,21,30,2.8000000000000003,0,0,0,0,2.1,0,0,0,0,95.48,135.07,0.14,1011,0.9,257,1.3,0.0000,0.0000
2022,1,30,22,30,1.7000000000000002,0,0,0,0,1.7000000000000002,0,0,0,0,100,147.03,0.14,1011,0.8,267,1.2000000000000002,0.0000,0.0000
2022,1,30,23,30,0.8,0,0,0,0,0.8,0,0,0,0,100,157.56,0.14,1011,0.8,278,1.1,0.0000,0.0000
2022,1,31,0,30,0.2,0,0,0,0,0.2,0,0,0,0,100,163.34,0.14,1011,0.8,293,1,0.0000,0.0000
2022,1,31,1,30,0.2,0,0,0,0,0.2,0,0,0,0,100,159.69,0.14,1011,0.8,314,0.9,0.0000,0.0000
2022,1,31,2,30,0.6000000000000001,0,0,0,0,0.6000000000000001,0,0,0,0,100,149.9,0.14,1012,0.8,339,0.7000000000000001,0.0000,0.0000
2022,1,31,3,30,1.1,0,0,0,0,1.1,0,0,0,0,100,138.14000000000001,0.14,1012,0.9,189,0.5,0.0000,0.0000
2022,1,31,4,30,1.3,0,0,0,8,1.3,0,0,0,0,100,125.81,0.14,1012,0.9,60,0.30000000000000004,0.0000,0.0000
2022,1,31,5,30,1.3,0,0,0,7,1.2000000000000002,0,0,0,0,99.21000000000001,113.38,0.14,1013,0.9,116,0.30000000000000004,0.0000,0.0000
2022,1,31,6,30,1.3,0,0,0,8,0.9,0,0,0,0,97.03,101.12,0.14,1013,0.9,142,0.4,0.0000,0.0000
2022,1,31,7,30,2,13,104,15,7,0.8,8,0,71,8,91.5,88.85000000000001,0.14,1013,0.9,148,0.5,0.0000,0.0000
2022,1,31,8,30,3.8000000000000003,57,566,175,7,1.2000000000000002,79,26,0,84,82.95,78,0.14,1014,1,161,0.5,4.0199,3.0724
2022,1,31,9,30,6.7,78,754,361,8,2.1,177,184,0,246,72.63,67.94,0.14,1014,1.1,172,0.6000000000000001,12.8206,9.9518
2022,1,31,10,30,9.3,91,841,517,0,3.4000000000000004,111,782,0,507,66.5,59.550000000000004,0.14,1014,1.1,181,0.7000000000000001,28.0246,21.8936
2022,1,31,11,30,11.100000000000001,98,881,620,0,4.2,98,881,0,620,62.49,53.68,0.14,1013,1.2000000000000002,203,0.8,35.2941,27.6445
2022,1,31,12,30,12.600000000000001,96,907,664,0,5,184,651,0,592,59.92,51.22,0.14,1012,1.2000000000000002,232,0.9,34.0428,26.6863
2022,1,31,13,30,13.700000000000001,89,914,643,7,5.5,227,459,0,505,57.77,52.67,0.14,1012,1.2000000000000002,252,1.1,28.8713,22.6218
2022,1,31,14,30,14,82,883,554,7,5.300000000000001,170,559,0,469,55.83,57.72,0.14,1012,1.1,259,1.1,26.1863,20.4765
2022,1,31,15,30,13.4,74,812,410,8,5.1000000000000005,189,240,0,288,57.33,65.54,0.14,1012,1.1,265,0.9,15.2995,11.9033
2022,1,31,16,30,11.600000000000001,58,664,227,0,6.7,68,584,21,217,71.91,75.23,0.14,1012,1.1,274,0.8,10.5902,8.1352
2022,1,31,17,30,10.100000000000001,27,296,47,0,4.1000000000000005,29,187,50,42,66.43,86.03,0.14,1013,1.1,283,0.9,0.0000,0.0000
2022,1,31,18,30,9.600000000000001,0,0,0,7,2.9000000000000004,0,0,0,0,62.940000000000005,97.94,0.14,1014,1.1,300,0.8,0.0000,0.0000
2022,1,31,19,30,8.9,0,0,0,0,2.6,0,0,0,0,64.68,110.12,0.14,1015,1.2000000000000002,165,0.6000000000000001,0.0000,0.0000
2022,1,31,20,30,7.5,0,0,0,0,2.4000000000000004,0,0,0,0,70.16,122.52,0.14,1015,1.2000000000000002,37,0.7000000000000001,0.0000,0.0000
2022,1,31,21,30,5.800000000000001,0,0,0,0,2.4000000000000004,0,0,0,0,78.93,134.89000000000001,0.14,1016,1.3,65,0.9,0.0000,0.0000
2022,1,31,22,30,4.1000000000000005,0,0,0,0,2.5,0,0,0,0,89.28,146.84,0.14,1016,1.3,76,1,0.0000,0.0000
2022,1,31,23,30,3.1,0,0,0,0,2.6,0,0,0,0,96.56,157.32,0.14,1016,1.3,83,1.1,0.0000,0.0000
2022,2,1,0,30,2.3000000000000003,0,0,0,0,2.3000000000000003,0,0,0,0,100,163.05,0.14,1016,1.4000000000000001,85,1.2000000000000002,0.0000,0.0000
2022,2,1,1,30,1.6,0,0,0,0,1.6,0,0,0,0,100,159.47,0.14,1017,1.4000000000000001,82,1.1,0.0000,0.0000
2022,2,1,2,30,1.5,0,0,0,0,1.5,0,0,0,0,100,149.74,0.14,1017,1.4000000000000001,76,1.2000000000000002,0.0000,0.0000
2022,2,1,3,30,1.5,0,0,0,0,1.5,0,0,0,0,100,138.02,0.14,1017,1.4000000000000001,68,1.3,0.0000,0.0000
2022,2,1,4,30,1.6,0,0,0,0,1.4000000000000001,0,0,0,0,98.75,125.7,0.14,1018,1.4000000000000001,63,1.3,0.0000,0.0000
2022,2,1,5,30,1.4000000000000001,0,0,0,0,1.2000000000000002,0,0,0,0,98.57000000000001,113.27,0.14,1018,1.3,59,1.4000000000000001,0.0000,0.0000
2022,2,1,6,30,1.1,0,0,0,0,1,0,0,0,0,99.09,100.99000000000001,0.14,1019,1.3,55,1.5,0.0000,0.0000
2022,2,1,7,30,1.9000000000000001,13,114,16,0,0.6000000000000001,13,114,0,16,90.8,88.73,0.14,1020,1.3,56,1.9000000000000001,0.0000,0.0000
2022,2,1,8,30,3.9000000000000004,54,589,178,0,0.6000000000000001,54,589,0,178,78.91,77.83,0.14,1021,1.2000000000000002,57,2,8.5257,6.5180
2022,2,1,9,30,6.4,70,789,369,0,0.9,70,789,0,369,67.9,67.74,0.14,1021,1.2000000000000002,61,2.1,19.2630,14.9557
2022,2,1,10,30,8.8,77,886,529,0,1.2000000000000002,77,886,0,529,58.76,59.32,0.14,1021,1.1,68,2.2,29.2791,22.8765
2022,2,1,11,30,10.600000000000001,82,932,638,0,1.7000000000000002,82,932,0,638,53.97,53.410000000000004,0.14,1021,1,76,2.1,36.3612,28.4831
2022,2,1,12,30,11.9,85,948,682,0,2,85,948,0,682,50.56,50.94,0.14,1020,0.9,83,2.2,39.2607,30.7792
2022,2,1,13,30,12.600000000000001,83,942,658,0,2.3000000000000003,83,942,0,658,49.54,52.38,0.14,1019,0.9,89,2.1,37.6635,29.5136
2022,2,1,14,30,12.8,79,911,569,0,2.7,79,911,0,569,50.35,57.45,0.14,1019,0.9,94,2,31.8147,24.8807
2022,2,1,15,30,12,70,845,423,0,3.1,70,845,0,423,54.36,65.3,0.14,1019,0.9,96,1.6,22.5118,17.5182
2022,2,1,16,30,9.4,55,711,239,0,4.1000000000000005,55,711,0,239,69.39,75.01,0.14,1019,0.8,92,1.2000000000000002,11.6861,8.9806
2022,2,1,17,30,6.5,27,358,53,0,4,27,358,0,53,83.77,85.84,0.14,1020,0.8,88,1.1,0.0000,0.0000
2022,2,1,18,30,5.7,0,0,0,0,2.7,0,0,0,0,81.07000000000001,97.76,0.14,1020,0.8,88,1.3,0.0000,0.0000
2022,2,1,19,30,5.1000000000000005,0,0,0,0,2.2,0,0,0,0,81.61,109.95,0.14,1020,0.7000000000000001,89,1.3,0.0000,0.0000
2022,2,1,20,30,4.2,0,0,0,0,1.9000000000000001,0,0,0,0,84.88,122.35000000000001,0.14,1020,0.7000000000000001,91,1.2000000000000002,0.0000,0.0000
2022,2,1,21,30,3.4000000000000004,0,0,0,0,1.7000000000000002,0,0,0,0,88.61,134.72,0.14,1020,0.7000000000000001,92,1.2000000000000002,0.0000,0.0000
2022,2,1,22,30,2.7,0,0,0,0,1.5,0,0,0,0,91.93,146.64000000000001,0.14,1020,0.7000000000000001,91,1.2000000000000002,0.0000,0.0000
2022,2,1,23,30,2.1,0,0,0,0,1.3,0,0,0,0,94.77,157.08,0.14,1020,0.7000000000000001,88,1.2000000000000002,0.0000,0.0000
2022,2,2,0,30,1.7000000000000002,0,0,0,0,1.2000000000000002,0,0,0,0,96.55,162.77,0.14,1019,0.7000000000000001,86,1.2000000000000002,0.0000,0.0000
2022,2,2,1,30,1.3,0,0,0,0,1.1,0,0,0,0,98.83,159.24,0.14,1019,0.7000000000000001,83,1.3,0.0000,0.0000
2022,2,2,2,30,0.8,0,0,0,0,0.8,0,0,0,0,100,149.59,0.14,1019,0.7000000000000001,81,1.3,0.0000,0.0000
2022,2,2,3,30,0.4,0,0,0,0,0.4,0,0,0,0,100,137.89000000000001,0.14,1019,0.7000000000000001,81,1.3,0.0000,0.0000
2022,2,2,4,30,0.2,0,0,0,0,0.2,0,0,0,0,100,125.58,0.14,1018,0.7000000000000001,81,1.4000000000000001,0.0000,0.0000
2022,2,2,5,30,0.4,0,0,0,0,0.4,0,0,0,0,100,113.15,0.14,1019,0.8,80,1.6,0.0000,0.0000
2022,2,2,6,30,0.5,0,0,0,0,0.2,0,0,0,0,97.91,100.87,0.14,1019,0.8,77,1.5,0.0000,0.0000
2022,2,2,7,30,1.5,14,148,18,8,0.1,12,48,54,13,90.52,88.60000000000001,0.14,1020,0.9,72,1.6,0.0000,0.0000
2022,2,2,8,30,3.9000000000000004,51,638,187,5,0.5,93,59,4,106,78.32000000000001,77.66,0.14,1020,1,74,1.9000000000000001,5.0817,3.8863
2022,2,2,9,30,6.6000000000000005,68,807,376,0,1.5,142,477,0,324,69.93,67.55,0.14,1021,1.1,78,1.9000000000000001,16.9404,13.1550
2022,2,2,10,30,9.3,78,880,530,0,2.9000000000000004,78,880,0,530,64.17,59.09,0.14,1020,1.3,82,2,29.3726,22.9523
2022,2,2,11,30,11.600000000000001,84,910,630,0,4.800000000000001,167,616,0,536,63.11,53.15,0.14,1019,1.5,89,2,30.5819,23.9581
2022,2,2,12,30,13.200000000000001,88,911,666,7,6.7,251,341,18,467,64.65,50.65,0.14,1017,1.7000000000000002,94,2,26.9135,21.1012
2022,2,2,13,30,14.3,91,887,636,8,8.200000000000001,193,571,0,544,66.72,52.09,0.14,1016,2,99,2,31.1750,24.4315
2022,2,2,14,30,14.8,91,835,544,8,9.3,238,157,0,323,69.68,57.18,0.14,1016,2.2,102,1.8,18.0852,14.1453
2022,2,2,15,30,14.100000000000001,84,746,399,7,10.100000000000001,195,222,0,289,76.81,65.05,0.14,1016,2.3000000000000003,98,1.5,15.4091,11.9935
2022,2,2,16,30,12.5,66,587,220,7,10.5,81,7,0,83,87.74,74.79,0.14,1016,2.4000000000000004,90,1.2000000000000002,4.0662,3.1261
2022,2,2,17,30,11.3,31,230,48,7,10,18,0,100,18,91.76,85.65,0.14,1016,2.4000000000000004,86,1.2000000000000002,0.0000,0.0000
2022,2,2,18,30,10.8,0,0,0,7,9.8,0,0,0,0,93.76,97.58,0.14,1016,2.5,92,1.4000000000000001,0.0000,0.0000
2022,2,2,19,30,10.600000000000001,0,0,0,7,9.9,0,0,0,0,95.23,109.77,0.15,1016,2.6,102,1.6,0.0000,0.0000
2022,2,2,20,30,10.100000000000001,0,0,0,7,9.9,0,0,0,0,98.9,122.18,0.15,1016,2.7,109,1.5,0.0000,0.0000
2022,2,2,21,30,9.700000000000001,0,0,0,6,9.700000000000001,0,0,0,0,100,134.54,0.15,1016,2.7,114,1.3,0.0000,0.0000
2022,2,2,22,30,9.4,0,0,0,7,9.4,0,0,0,0,100,146.44,0.15,1016,2.7,118,1.2000000000000002,0.0000,0.0000
2022,2,2,23,30,9.200000000000001,0,0,0,7,9.200000000000001,0,0,0,0,100,156.83,0.15,1015,2.8000000000000003,119,1.1,0.0000,0.0000
2022,2,3,0,30,9.1,0,0,0,7,9.1,0,0,0,0,100,162.47,0.15,1015,2.8000000000000003,118,1,0.0000,0.0000
2022,2,3,1,30,9.1,0,0,0,7,9,0,0,0,0,99.02,159.01,0.15,1015,2.8000000000000003,119,1,0.0000,0.0000
2022,2,3,2,30,9.1,0,0,0,7,9,0,0,0,0,99.38,149.42000000000002,0.15,1014,2.8000000000000003,119,1.1,0.0000,0.0000
2022,2,3,3,30,9,0,0,0,7,9,0,0,0,0,100,137.76,0.15,1014,2.9000000000000004,119,1.1,0.0000,0.0000
2022,2,3,4,30,9.1,0,0,0,7,9.1,0,0,0,0,100,125.46000000000001,0.15,1014,2.9000000000000004,120,1,0.0000,0.0000
2022,2,3,5,30,9.3,0,0,0,7,9.3,0,0,0,0,100,113.02,0.15,1014,2.9000000000000004,121,1,0.0000,0.0000
2022,2,3,6,30,9.600000000000001,0,0,0,7,9.600000000000001,0,0,0,0,100,100.73,0.15,1014,2.9000000000000004,122,1,0.0000,0.0000
2022,2,3,7,30,10.700000000000001,14,96,17,7,10,4,0,71,4,95.37,88.47,0.15,1015,3,123,1.3,0.0000,0.0000
2022,2,3,8,30,12.600000000000001,55,542,172,8,11.100000000000001,25,1,25,25,90.61,77.49,0.15,1015,3,131,1.7000000000000002,1.1997,0.9177
2022,2,3,9,30,15.100000000000001,76,719,353,7,12.8,77,16,0,83,86.37,67.34,0.15,1015,3,147,2.1,4.3472,3.3765
2022,2,3,10,30,17.900000000000002,89,800,503,8,15,217,56,7,246,83.27,58.85,0.15,1014,3,163,2.6,13.6516,10.6689
2022,2,3,11,30,20,92,852,606,8,16.400000000000002,264,139,32,348,79.66,52.88,0.15,1014,3.1,173,3,19.8780,15.5741
2022,2,3,12,30,21,91,871,647,8,16.400000000000002,257,83,18,310,74.8,50.36,0.15,1012,3.2,176,3.2,17.8850,14.0237
2022,2,3,13,30,21.1,92,853,620,8,15.9,160,28,29,177,72.27,51.800000000000004,0.15,1011,3.4000000000000004,178,3,10.1551,7.9592
2022,2,3,14,30,20.700000000000003,93,803,531,8,16,186,56,0,217,74.25,56.910000000000004,0.15,1011,3.5,178,2.6,12.1669,9.5175
2022,2,3,15,30,19.700000000000003,87,711,390,3,16.2,175,85,7,211,80.25,64.81,0.15,1011,3.6,175,2.2,11.2702,8.7738
2022,2,3,16,30,18.400000000000002,70,542,214,3,16.2,110,28,0,117,86.76,74.57000000000001,0.15,1011,3.7,170,1.9000000000000001,5.7431,4.4169
2022,2,3,17,30,17.3,32,190,47,7,15.600000000000001,26,7,96,27,89.99,85.46000000000001,0.15,1011,3.7,166,2,0.0000,0.0000
2022,2,3,18,30,16.7,0,0,0,8,15.3,0,0,0,0,91.57000000000001,97.39,0.15,1011,3.6,166,2.2,0.0000,0.0000
2022,2,3,19,30,16,0,0,0,7,15.200000000000001,0,0,0,0,94.81,109.60000000000001,0.15,1011,3.6,167,2.2,0.0000,0.0000
2022,2,3,20,30,15.200000000000001,0,0,0,7,15,0,0,0,0,98.71000000000001,122.01,0.15,1011,3.5,166,1.9000000000000001,0.0000,0.0000
2022,2,3,21,30,14.700000000000001,0,0,0,7,14.700000000000001,0,0,0,0,99.72,134.36,0.15,1010,3.5,168,1.7000000000000002,0.0000,0.0000
2022,2,3,22,30,14.8,0,0,0,7,14.4,0,0,0,0,97.7,146.24,0.15,1010,3.7,177,1.9000000000000001,0.0000,0.0000
2022,2,3,23,30,15.3,0,0,0,7,14.600000000000001,0,0,0,0,95.4,156.58,0.15,1010,3.8000000000000003,187,2.3000000000000003,0.0000,0.0000
2022,2,4,0,30,15.700000000000001,0,0,0,3,14.8,0,0,0,0,94.57000000000001,162.17000000000002,0.15,1009,3.9000000000000004,192,2.7,0.0000,0.0000
2022,2,4,1,30,15.8,0,0,0,7,15.100000000000001,0,0,0,0,95.74000000000001,158.77,0.15,1009,3.8000000000000003,192,2.7,0.0000,0.0000
2022,2,4,2,30,15.8,0,0,0,4,15.200000000000001,0,0,0,0,96.45,149.25,0.15,1008,3.7,190,2.6,0.0000,0.0000
2022,2,4,3,30,15.600000000000001,0,0,0,7,15.200000000000001,0,0,0,0,97.48,137.62,0.15,1007,3.5,187,2.7,0.0000,0.0000
2022,2,4,4,30,15.4,0,0,0,8,15.100000000000001,0,0,0,0,97.93,125.33,0.15,1007,3.5,189,2.8000000000000003,0.0000,0.0000
2022,2,4,5,30,15.4,0,0,0,7,14.9,0,0,0,0,97.13,112.89,0.15,1008,3.5,196,2.8000000000000003,0.0000,0.0000
2022,2,4,6,30,15.4,0,0,0,7,14.8,0,0,0,0,96.36,100.59,0.15,1008,3.5,201,2.9000000000000004,0.0000,0.0000
2022,2,4,7,30,15.9,14,90,17,7,14.8,3,0,71,3,93.41,88.34,0.15,1009,3.7,205,3.1,0.0000,0.0000
2022,2,4,8,30,16.8,58,513,171,7,15.3,11,0,0,11,90.73,77.32000000000001,0.15,1009,3.8000000000000003,210,3.3000000000000003,0.5284,0.4043
2022,2,4,9,30,17.7,85,671,346,7,15.9,70,2,0,71,89.4,67.14,0.15,1009,3.9000000000000004,218,3.3000000000000003,3.7247,2.8936
2022,2,4,10,30,18.3,111,728,490,5,16.5,59,0,0,59,89.32000000000001,58.61,0.15,1010,3.9000000000000004,233,2.9000000000000004,3.2785,2.5625
2022,2,4,11,30,18.2,114,791,594,7,16.8,35,0,7,35,91.76,52.6,0.15,1010,3.7,252,2.4000000000000004,2.0016,1.5683
2022,2,4,12,30,17.8,104,838,642,8,16.6,50,0,4,50,92.89,50.06,0.15,1009,3.6,268,2.1,2.8879,2.2646
2022,2,4,13,30,17.1,97,844,622,7,15.700000000000001,144,4,0,146,91.69,51.51,0.15,1009,3.6,271,2,8.3862,6.5734
2022,2,4,14,30,16.5,90,815,538,7,14.600000000000001,62,0,0,62,88.75,56.64,0.15,1009,3.5,261,1.9000000000000001,3.4810,2.7233
2022,2,4,15,30,15.9,78,749,400,7,14.200000000000001,58,0,0,58,89.8,64.56,0.15,1009,3.4000000000000004,245,1.7000000000000002,3.1036,2.4166
2022,2,4,16,30,15.3,63,603,226,7,14.100000000000001,23,0,0,23,92.83,74.35000000000001,0.15,1009,3.2,233,1.6,1.1312,0.8703
2022,2,4,17,30,14.5,31,253,52,7,13.9,8,0,100,8,95.88,85.27,0.15,1009,3.1,231,1.6,0.0000,0.0000
2022,2,4,18,30,14,0,0,0,6,13.600000000000001,0,0,0,0,97.55,97.21000000000001,0.15,1010,3,244,2,0.0000,0.0000
2022,2,4,19,30,13.200000000000001,0,0,0,7,13.100000000000001,0,0,0,0,99.17,109.43,0.15,1011,2.9000000000000004,263,2.6,0.0000,0.0000
2022,2,4,20,30,11.700000000000001,0,0,0,7,11.200000000000001,0,0,0,0,96.57000000000001,121.84,0.15,1012,2.7,268,2.3000000000000003,0.0000,0.0000
2022,2,4,21,30,10.3,0,0,0,7,9.3,0,0,0,0,93.54,134.18,0.15,1012,2.4000000000000004,269,1.8,0.0000,0.0000
2022,2,4,22,30,9.600000000000001,0,0,0,7,8.3,0,0,0,0,91.61,146.04,0.15,1012,2.2,274,1.8,0.0000,0.0000
2022,2,4,23,30,9.200000000000001,0,0,0,7,7.6000000000000005,0,0,0,0,89.74,156.33,0.15,1012,2.1,274,1.8,0.0000,0.0000
2022,2,5,0,30,8.8,0,0,0,7,7,0,0,0,0,88.21000000000001,161.87,0.15,1013,1.8,279,1.7000000000000002,0.0000,0.0000
2022,2,5,1,30,8.200000000000001,0,0,0,7,6,0,0,0,0,86.29,158.52,0.15,1013,1.4000000000000001,294,1.9000000000000001,0.0000,0.0000
2022,2,5,2,30,7.300000000000001,0,0,0,7,4.4,0,0,0,0,81.58,149.07,0.15,1014,1.1,311,2.1,0.0000,0.0000
2022,2,5,3,30,6,0,0,0,7,2.2,0,0,0,0,76.73,137.47,0.15,1015,0.9,323,2.3000000000000003,0.0000,0.0000
2022,2,5,4,30,4.6000000000000005,0,0,0,7,0.5,0,0,0,0,74.59,125.19,0.15,1016,0.7000000000000001,329,2.3000000000000003,0.0000,0.0000
2022,2,5,5,30,3.2,0,0,0,7,-1.1,0,0,0,0,73.39,112.76,0.15,1018,0.5,334,2.1,0.0000,0.0000
2022,2,5,6,30,2.2,0,0,0,6,-2,0,0,14,0,73.86,100.45,0.15,1019,0.4,339,1.9000000000000001,0.0000,0.0000
2022,2,5,7,30,2.7,17,213,24,0,-2.3000000000000003,17,188,32,23,69.60000000000001,88.17,0.15,1020,0.4,346,2.2,0.0000,0.0000
2022,2,5,8,30,4.4,48,743,213,0,-3,48,743,0,213,58.730000000000004,77.13,0.15,1020,0.30000000000000004,176,2.8000000000000003,10.2441,7.8418
2022,2,5,9,30,6.1000000000000005,60,897,412,0,-4.3,60,897,0,412,47.37,66.92,0.15,1021,0.30000000000000004,5,2.9000000000000004,21.6523,16.8245
2022,2,5,10,30,7.5,66,968,574,0,-4.800000000000001,66,968,0,574,41.31,58.36,0.15,1021,0.4,11,2.8000000000000003,31.9395,24.9674
2022,2,5,11,30,8.6,70,1004,684,0,-4.800000000000001,70,1004,0,684,38.26,52.32,0.15,1020,0.4,16,2.6,39.1613,30.6880
2022,2,5,12,30,9.4,73,1014,728,0,-4.7,73,1014,0,728,36.71,49.75,0.15,1020,0.4,19,2.3000000000000003,42.0952,33.0129
2022,2,5,13,30,9.8,74,1004,703,0,-4.5,74,1004,0,703,36.230000000000004,51.21,0.15,1019,0.4,22,2.1,40.4274,31.6913
2022,2,5,14,30,9.700000000000001,71,975,611,0,-4.4,71,975,0,611,36.82,56.36,0.15,1019,0.4,25,2,34.3522,26.8783
2022,2,5,15,30,9,64,911,459,0,-4.3,64,911,0,459,38.69,64.31,0.15,1019,0.4,28,1.8,24.6058,19.1631
2022,2,5,16,30,6.800000000000001,52,782,266,0,-3.8000000000000003,52,782,0,266,46.68,74.13,0.15,1020,0.4,32,1.4000000000000001,13.1089,10.0896
2022,2,5,17,30,4.2,28,461,68,0,-1.1,28,461,0,68,68.42,85.06,0.15,1020,0.4,38,1.2000000000000002,0.0000,0.0000
2022,2,5,18,30,3,0,0,0,0,-1.9000000000000001,0,0,0,0,70.21000000000001,97.03,0.15,1021,0.4,45,1.4000000000000001,0.0000,0.0000
2022,2,5,19,30,2.3000000000000003,0,0,0,0,-2.6,0,0,0,0,70.09,109.25,0.15,1022,0.4,51,1.4000000000000001,0.0000,0.0000
2022,2,5,20,30,1.4000000000000001,0,0,0,0,-2.9000000000000004,0,0,0,0,72.98,121.67,0.15,1022,0.4,57,1.3,0.0000,0.0000
2022,2,5,21,30,0.6000000000000001,0,0,0,0,-3.3000000000000003,0,0,0,0,75.29,134.01,0.15,1022,0.4,62,1.3,0.0000,0.0000
2022,2,5,22,30,0,0,0,0,0,-3.6,0,0,0,0,76.7,145.84,0.15,1022,0.4,64,1.4000000000000001,0.0000,0.0000
2022,2,5,23,30,-0.6000000000000001,0,0,0,0,-3.9000000000000004,0,0,0,0,78.25,156.08,0.15,1022,0.4,63,1.5,0.0000,0.0000
2022,2,6,0,30,-1.1,0,0,0,0,-4.2,0,0,0,0,79.19,161.57,0.15,1022,0.4,59,1.5,0.0000,0.0000
2022,2,6,1,30,-1.6,0,0,0,0,-4.6000000000000005,0,0,0,0,80.09,158.26,0.15,1022,0.4,53,1.5,0.0000,0.0000
2022,2,6,2,30,-2,0,0,0,0,-4.9,0,0,0,0,80.63,148.88,0.15,1022,0.4,49,1.5,0.0000,0.0000
2022,2,6,3,30,-2.4000000000000004,0,0,0,0,-5,0,0,0,0,82.06,137.32,0.15,1022,0.5,47,1.5,0.0000,0.0000
2022,2,6,4,30,-2.8000000000000003,0,0,0,0,-5,0,0,0,0,84.49,125.05,0.15,1022,0.5,46,1.5,0.0000,0.0000
2022,2,6,5,30,-3.1,0,0,0,0,-5,0,0,0,0,86.67,112.61,0.15,1022,0.5,46,1.5,0.0000,0.0000
2022,2,6,6,30,-3.1,0,0,0,0,-5.1000000000000005,0,0,0,0,86.2,100.3,0.15,1023,0.5,45,1.7000000000000002,0.0000,0.0000
2022,2,6,7,30,-1.8,19,237,27,0,-5.2,19,237,0,27,77.64,88.01,0.15,1023,0.5,47,2.2,0.0000,0.0000
2022,2,6,8,30,0.7000000000000001,48,712,209,0,-5.5,48,712,0,209,63.2,76.94,0.15,1023,0.5,53,2.7,10.0644,7.7069
2022,2,6,9,30,3.2,64,862,405,0,-6.2,64,862,0,405,50.230000000000004,66.7,0.15,1024,0.6000000000000001,55,2.8000000000000003,21.3219,16.5713
2022,2,6,10,30,5.4,75,928,565,0,-6,75,928,0,565,43.68,58.1,0.15,1023,0.7000000000000001,54,2.7,31.4828,24.6136
2022,2,6,11,30,7.1000000000000005,81,957,670,0,-5.300000000000001,81,957,0,670,40.87,52.03,0.15,1022,0.7000000000000001,53,2.5,38.4049,30.0981
2022,2,6,12,30,8.4,86,960,710,0,-4.4,126,863,0,687,39.980000000000004,49.45,0.15,1021,0.8,54,2.2,39.7675,31.1899
2022,2,6,13,30,9.1,88,942,682,3,-3.7,350,87,0,405,40.32,50.9,0.15,1020,0.9,56,2.1,23.3182,18.2810
2022,2,6,14,30,9.200000000000001,86,899,588,3,-3.2,253,331,0,438,41.72,56.08,0.15,1019,1,56,1.9000000000000001,24.6594,19.2967
2022,2,6,15,30,8.8,80,818,438,4,-2.7,139,92,0,179,44.25,64.06,0.15,1019,1.1,54,1.8,9.6129,7.4880
2022,2,6,16,30,7.6000000000000005,66,665,250,4,-1.9000000000000001,43,69,0,62,51.17,73.91,0.15,1019,1.2000000000000002,50,1.5,3.0616,2.3573
2022,2,6,17,30,6.6000000000000005,34,315,62,4,0.30000000000000004,29,32,93,32,64.02,84.87,0.15,1019,1.3,48,1.4000000000000001,0.0000,0.0000
2022,2,6,18,30,6.2,0,0,0,4,0,0,0,0,0,64.33,96.84,0.15,1019,1.4000000000000001,48,1.5,0.0000,0.0000
2022,2,6,19,30,5.800000000000001,0,0,0,4,-0.30000000000000004,0,0,0,0,65.1,109.08,0.15,1020,1.5,48,1.5,0.0000,0.0000
2022,2,6,20,30,5.2,0,0,0,4,-0.1,0,0,0,0,68.66,121.49000000000001,0.15,1020,1.6,46,1.5,0.0000,0.0000
2022,2,6,21,30,4.5,0,0,0,4,0.2,0,0,0,0,73.79,133.83,0.15,1019,1.7000000000000002,40,1.5,0.0000,0.0000
2022,2,6,22,30,4,0,0,0,4,0.5,0,0,0,0,78.07000000000001,145.63,0.15,1019,1.8,33,1.7000000000000002,0.0000,0.0000
2022,2,6,23,30,3.6,0,0,0,4,0.8,0,0,0,0,81.72,155.82,0.15,1018,1.9000000000000001,29,1.7000000000000002,0.0000,0.0000
2022,2,7,0,30,3.2,0,0,0,4,1.1,0,0,0,0,86.16,161.26,0.15,1018,2,27,1.7000000000000002,0.0000,0.0000
2022,2,7,1,30,3,0,0,0,4,1.4000000000000001,0,0,0,0,89.44,158,0.15,1017,2.2,21,1.7000000000000002,0.0000,0.0000
2022,2,7,2,30,3,0,0,0,4,1.7000000000000002,0,0,0,0,91.36,148.68,0.15,1017,2.3000000000000003,12,1.5,0.0000,0.0000
2022,2,7,3,30,2.9000000000000004,0,0,0,4,1.9000000000000001,0,0,0,0,93.14,137.16,0.15,1016,2.3000000000000003,8,1.5,0.0000,0.0000
2022,2,7,4,30,2.7,0,0,0,4,1.9000000000000001,0,0,0,0,94.58,124.9,0.15,1016,2.3000000000000003,14,1.7000000000000002,0.0000,0.0000
2022,2,7,5,30,2.5,0,0,0,0,1.7000000000000002,0,0,0,0,94.66,112.47,0.15,1016,2.2,17,1.9000000000000001,0.0000,0.0000
2022,2,7,6,30,2.4000000000000004,0,0,0,0,1.6,0,0,0,0,94.68,100.14,0.15,1016,2.2,10,1.9000000000000001,0.0000,0.0000
2022,2,7,7,30,2.5,19,108,23,4,1.6,6,0,86,6,93.85000000000001,87.86,0.15,1016,2.2,4,2,0.0000,0.0000
2022,2,7,8,30,2.9000000000000004,64,534,186,0,1.7000000000000002,40,261,0,100,91.87,76.75,0.15,1016,2.2,5,2.2,4.8219,3.6937
2022,2,7,9,30,3.6,86,719,373,0,2,69,470,0,257,89.42,66.48,0.15,1016,2.2,8,2.2,13.5538,10.5362
2022,2,7,10,30,4.4,99,808,529,0,2.4000000000000004,90,662,0,442,87.12,57.84,0.15,1015,2.1,8,2.2,24.6632,19.2843
2022,2,7,11,30,5.2,108,853,636,7,2.9000000000000004,218,26,57,234,85.29,51.74,0.15,1014,2,5,2.1,13.4287,10.5251
2022,2,7,12,30,6.300000000000001,114,864,679,7,3.5,111,341,0,334,82.27,49.14,0.15,1013,1.9000000000000001,2,2.1,19.3551,15.1817
2022,2,7,13,30,7.300000000000001,116,846,653,8,4,141,10,0,147,79.82000000000001,50.6,0.15,1012,1.9000000000000001,180,1.9000000000000001,8.4733,6.6435
2022,2,7,14,30,8,110,810,565,7,4.4,91,13,18,98,77.98,55.79,0.15,1011,1.9000000000000001,358,1.9000000000000001,5.5252,4.3241
2022,2,7,15,30,8,99,728,420,8,4.6000000000000005,84,2,25,85,79.14,63.81,0.15,1011,2,347,1.6,4.5728,3.5627
2022,2,7,16,30,7.2,81,560,238,6,4.7,26,0,0,26,84.16,73.69,0.15,1012,2.1,327,1.1,1.2865,0.9909
2022,2,7,17,30,6.2,38,224,59,7,5.1000000000000005,10,0,100,10,92.78,84.68,0.15,1012,2.2,312,0.7000000000000001,0.0000,0.0000
2022,2,7,18,30,5.6000000000000005,0,0,0,7,4.7,0,0,0,0,93.95,96.66,0.15,1012,2.2,333,0.7000000000000001,0.0000,0.0000
2022,2,7,19,30,5.300000000000001,0,0,0,7,4.4,0,0,0,0,93.67,108.91,0.15,1012,2.2,180,0.7000000000000001,0.0000,0.0000
2022,2,7,20,30,5,0,0,0,7,4,0,0,0,0,93.2,121.32000000000001,0.15,1012,2.1,162,0.7000000000000001,0.0000,0.0000
2022,2,7,21,30,5,0,0,0,7,4,0,0,0,0,92.93,133.65,0.15,1013,1.9000000000000001,324,0.5,0.0000,0.0000
2022,2,7,22,30,5.1000000000000005,0,0,0,6,4,0,0,0,0,92.92,145.43,0.15,1013,1.7000000000000002,248,0.4,0.0000,0.0000
2022,2,7,23,30,4.9,0,0,0,8,4.1000000000000005,0,0,0,0,94.51,155.56,0.15,1013,1.6,175,0.5,0.0000,0.0000
2022,2,8,0,30,4.5,0,0,0,8,4.1000000000000005,0,0,0,0,97.35000000000001,160.94,0.15,1012,1.4000000000000001,180,0.7000000000000001,0.0000,0.0000
2022,2,8,1,30,4.4,0,0,0,7,4.2,0,0,0,0,98.66,157.73,0.15,1012,1.3,185,0.7000000000000001,0.0000,0.0000
2022,2,8,2,30,4.6000000000000005,0,0,0,8,4.4,0,0,0,0,98.29,148.48,0.15,1011,1.2000000000000002,218,0.5,0.0000,0.0000
2022,2,8,3,30,4.7,0,0,0,8,4.4,0,0,0,0,98.16,136.99,0.15,1011,1.1,270,0.4,0.0000,0.0000
2022,2,8,4,30,4.6000000000000005,0,0,0,7,4.3,0,0,0,0,97.93,124.75,0.15,1011,1.1,315,0.4,0.0000,0.0000
2022,2,8,5,30,4.4,0,0,0,7,4.2,0,0,0,0,98.28,112.31,0.15,1012,1,331,0.5,0.0000,0.0000
2022,2,8,6,30,4.3,0,0,0,7,4.1000000000000005,0,0,0,0,98.37,99.98,0.15,1013,1,335,0.6000000000000001,0.0000,0.0000
2022,2,8,7,30,4.7,20,121,25,6,4.1000000000000005,8,0,86,8,95.81,87.7,0.15,1014,1,348,1,0.0000,0.0000
2022,2,8,8,30,5.300000000000001,68,564,199,6,4.1000000000000005,20,0,0,20,92.11,76.55,0.15,1014,0.9,178,1.3,0.9658,0.7401
2022,2,8,9,30,6.1000000000000005,85,771,396,6,4,90,3,0,91,86.39,66.25,0.15,1014,0.9,6,1.5,4.8079,3.7382
2022,2,8,10,30,7.4,92,879,563,7,3.3000000000000003,224,44,0,248,75.10000000000001,57.58,0.15,1014,0.8,13,1.6,13.8571,10.8363
2022,2,8,11,30,9,92,932,673,7,1.9000000000000001,305,134,0,389,61.27,51.44,0.15,1014,0.8,15,1.5,22.3502,17.5192
2022,2,8,12,30,10.8,93,955,722,6,0.7000000000000001,306,36,0,330,49.85,48.82,0.15,1014,0.7000000000000001,13,1.3,19.1448,15.0180
2022,2,8,13,30,11.8,91,948,697,7,0.7000000000000001,317,183,0,434,46.550000000000004,50.29,0.15,1013,0.7000000000000001,184,1.2000000000000002,25.0455,19.6387
2022,2,8,14,30,11.9,85,928,610,6,0.5,256,114,0,321,45.69,55.51,0.15,1013,0.6000000000000001,357,1.1,18.1219,14.1843
2022,2,8,15,30,11.4,73,874,462,6,0.5,157,21,0,166,47.04,63.550000000000004,0.15,1013,0.6000000000000001,178,0.8,8.9466,6.9717
2022,2,8,16,30,10.4,58,753,272,6,1.7000000000000002,92,27,0,100,54.81,73.46000000000001,0.15,1013,0.6000000000000001,26,0.30000000000000004,4.9586,3.8208
2022,2,8,17,30,9,32,441,74,0,-0.2,36,346,25,69,52.52,84.48,0.15,1013,0.6000000000000001,107,0.4,0.0000,0.0000
2022,2,8,18,30,7.4,0,0,0,0,-1,0,0,0,0,55.18,96.48,0.15,1014,0.6000000000000001,169,0.8,0.0000,0.0000
2022,2,8,19,30,6,0,0,0,7,-0.8,0,0,0,0,61.58,108.73,0.15,1014,0.6000000000000001,180,1.1,0.0000,0.0000
2022,2,8,20,30,5,0,0,0,0,-0.8,0,0,0,0,65.98,121.15,0.15,1014,0.6000000000000001,192,1.2000000000000002,0.0000,0.0000
2022,2,8,21,30,4.1000000000000005,0,0,0,0,-0.7000000000000001,0,0,0,0,70.71000000000001,133.47,0.15,1014,0.6000000000000001,206,1.2000000000000002,0.0000,0.0000
2022,2,8,22,30,3.3000000000000003,0,0,0,0,-0.7000000000000001,0,0,0,0,74.84,145.22,0.15,1013,0.6000000000000001,217,1.2000000000000002,0.0000,0.0000
2022,2,8,23,30,2.5,0,0,0,0,-0.8,0,0,0,0,78.97,155.29,0.15,1013,0.6000000000000001,223,1.2000000000000002,0.0000,0.0000
2022,2,9,0,30,1.7000000000000002,0,0,0,0,-0.8,0,0,0,0,83.4,160.62,0.15,1013,0.6000000000000001,230,1.2000000000000002,0.0000,0.0000
2022,2,9,1,30,0.8,0,0,0,0,-0.8,0,0,0,0,89.13,157.46,0.15,1012,0.6000000000000001,239,1.2000000000000002,0.0000,0.0000
2022,2,9,2,30,0,0,0,0,0,-0.7000000000000001,0,0,0,0,94.97,148.27,0.15,1012,0.6000000000000001,250,1.1,0.0000,0.0000
2022,2,9,3,30,-0.7000000000000001,0,0,0,0,-0.7000000000000001,0,0,0,0,100,136.82,0.15,1012,0.6000000000000001,262,1.1,0.0000,0.0000
2022,2,9,4,30,-1.2000000000000002,0,0,0,0,-1.2000000000000002,0,0,0,0,100,124.59,0.15,1012,0.6000000000000001,274,1.1,0.0000,0.0000
2022,2,9,5,30,-1.5,0,0,0,0,-1.5,0,0,0,0,100,112.15,0.15,1013,0.6000000000000001,283,1.1,0.0000,0.0000
2022,2,9,6,30,-1.1,0,0,0,0,-1.1,0,0,0,0,100,99.81,0.15,1013,0.6000000000000001,287,1,0.0000,0.0000
2022,2,9,7,30,1.3,21,240,31,0,-0.4,21,240,0,31,88.76,87.52,0.15,1013,0.6000000000000001,286,0.8,0.0000,0.0000
2022,2,9,8,30,4.6000000000000005,50,715,219,0,0.5,50,715,0,219,74.8,76.34,0.15,1013,0.6000000000000001,264,0.5,10.5917,8.1198
2022,2,9,9,30,8.700000000000001,64,874,419,0,1.5,64,874,0,419,60.52,66.01,0.15,1013,0.6000000000000001,231,0.5,22.1787,17.2482
2022,2,9,10,30,12,72,947,583,0,0.1,72,947,0,583,43.94,57.31,0.15,1012,0.6000000000000001,227,0.7000000000000001,32.6211,25.5131
2022,2,9,11,30,13.3,76,975,688,0,0.4,76,975,0,688,41.26,51.14,0.15,1012,0.7000000000000001,239,1,39.5756,31.0242
2022,2,9,12,30,13.9,79,987,733,0,1.1,79,987,0,733,41.800000000000004,48.5,0.15,1010,0.7000000000000001,243,1.2000000000000002,42.5717,33.3978
2022,2,9,13,30,14.3,77,975,704,0,1.8,77,975,0,704,42.6,49.97,0.15,1009,0.8,243,1.3,40.6748,31.8969
2022,2,9,14,30,14.200000000000001,73,946,613,0,2.3000000000000003,73,946,0,613,44.46,55.22,0.15,1009,0.8,245,1.4000000000000001,34.6539,27.1273
2022,2,9,15,30,13.5,66,881,462,0,2.9000000000000004,66,881,0,462,48.6,63.300000000000004,0.15,1009,0.9,245,1.3,24.9426,19.4402
2022,2,9,16,30,11.100000000000001,54,756,272,0,5.300000000000001,54,756,0,272,67.35,73.24,0.15,1009,0.9,238,1,13.5150,10.4175
2022,2,9,17,30,8,31,445,75,0,5.2,31,445,0,75,82.35000000000001,84.29,0.15,1009,0.9,232,0.9,0.0000,0.0000
2022,2,9,18,30,6.6000000000000005,0,0,0,0,3.4000000000000004,0,0,0,0,79.85000000000001,96.29,0.15,1009,0.8,232,1,0.0000,0.0000
2022,2,9,19,30,6.1000000000000005,0,0,0,0,3.2,0,0,0,0,81.42,108.56,0.15,1010,0.9,233,1.1,0.0000,0.0000
2022,2,9,20,30,5.800000000000001,0,0,0,0,3,0,0,0,0,82.13,120.98,0.15,1010,0.9,235,1.3,0.0000,0.0000
2022,2,9,21,30,5.7,0,0,0,0,2.9000000000000004,0,0,0,0,82.18,133.28,0.15,1010,0.9,238,1.4000000000000001,0.0000,0.0000
2022,2,9,22,30,5.4,0,0,0,0,2.9000000000000004,0,0,0,0,83.64,145.01,0.15,1010,0.9,242,1.4000000000000001,0.0000,0.0000
2022,2,9,23,30,4.7,0,0,0,0,3,0,0,0,0,88.97,155.03,0.15,1010,0.9,247,1.4000000000000001,0.0000,0.0000
2022,2,10,0,30,4.1000000000000005,0,0,0,0,3.3000000000000003,0,0,0,0,94.43,160.3,0.15,1010,0.9,253,1.3,0.0000,0.0000
2022,2,10,1,30,3.5,0,0,0,0,3.5,0,0,0,0,100,157.18,0.15,1010,1,259,1.3,0.0000,0.0000
2022,2,10,2,30,3.2,0,0,0,0,3.2,0,0,0,0,100,148.06,0.15,1010,1,267,1.2000000000000002,0.0000,0.0000
2022,2,10,3,30,3,0,0,0,0,3,0,0,0,0,100,136.64000000000001,0.15,1010,1,275,1.2000000000000002,0.0000,0.0000
2022,2,10,4,30,2.8000000000000003,0,0,0,0,2.8000000000000003,0,0,0,0,100,124.42,0.15,1011,1,282,1.1,0.0000,0.0000
2022,2,10,5,30,2.5,0,0,0,0,2.5,0,0,0,0,100,111.99000000000001,0.15,1011,0.9,287,1,0.0000,0.0000
2022,2,10,6,30,3,0,0,0,0,3,0,0,0,0,100,99.64,0.15,1012,0.9,290,1.1,0.0000,0.0000
2022,2,10,7,30,5.1000000000000005,21,204,30,0,3.7,21,204,0,30,90.72,87.35000000000001,0.15,1012,0.9,290,1.2000000000000002,0.0000,0.0000
2022,2,10,8,30,8.200000000000001,54,673,215,0,4.4,54,673,0,215,77.09,76.14,0.15,1013,0.9,283,1.2000000000000002,10.4143,7.9867
2022,2,10,9,30,11.700000000000001,68,849,416,0,5.7,68,849,0,416,66.69,65.77,0.15,1013,0.8,271,1.1,22.0606,17.1601
2022,2,10,10,30,15.200000000000001,73,931,580,0,6.800000000000001,73,931,0,580,57.34,57.04,0.15,1012,0.8,263,1.4000000000000001,32.4982,25.4201
2022,2,10,11,30,17.2,78,968,689,0,4.4,78,968,0,689,42.730000000000004,50.83,0.15,1012,0.8,257,1.7000000000000002,39.6803,31.1092
2022,2,10,12,30,17.900000000000002,82,975,732,0,3.5,82,975,0,732,38.35,48.18,0.15,1011,0.8,251,2,42.5600,33.3914
2022,2,10,13,30,18,85,957,704,0,3.4000000000000004,85,957,0,704,37.72,49.660000000000004,0.15,1010,0.8,249,2.1,40.7207,31.9357
2022,2,10,14,30,17.6,82,920,610,0,3.5,82,920,0,610,38.980000000000004,54.94,0.15,1009,0.9,248,2.1,34.5292,27.0326
2022,2,10,15,30,16.5,75,851,461,0,4.1000000000000005,75,851,0,461,43.79,63.050000000000004,0.15,1009,0.9,247,1.7000000000000002,24.9311,19.4346
2022,2,10,16,30,13.600000000000001,61,715,270,0,7.2,61,715,0,270,65.4,73.02,0.15,1009,0.9,243,1.2000000000000002,13.4431,10.3658
2022,2,10,17,30,10.600000000000001,34,393,74,0,6.9,34,393,0,74,78.04,84.09,0.15,1009,1,240,1.1,0.0000,0.0000
2022,2,10,18,30,9.3,0,0,0,0,5.5,0,0,0,0,77.37,96.11,0.15,1010,1,238,1.1,0.0000,0.0000
2022,2,10,19,30,8.8,0,0,0,0,5.300000000000001,0,0,0,0,78.61,108.39,0.15,1010,1,238,1.2000000000000002,0.0000,0.0000
2022,2,10,20,30,8.4,0,0,0,0,5.1000000000000005,0,0,0,0,79.9,120.81,0.15,1010,1,239,1.2000000000000002,0.0000,0.0000
2022,2,10,21,30,7.9,0,0,0,0,5.1000000000000005,0,0,0,0,82.53,133.1,0.15,1010,1,242,1.2000000000000002,0.0000,0.0000
2022,2,10,22,30,7.2,0,0,0,0,5.2,0,0,0,0,86.86,144.8,0.15,1010,1,247,1.2000000000000002,0.0000,0.0000
2022,2,10,23,30,6.300000000000001,0,0,0,0,5.300000000000001,0,0,0,0,93.26,154.76,0.15,1010,1,251,1.2000000000000002,0.0000,0.0000
2022,2,11,0,30,5.4,0,0,0,0,5.4,0,0,0,0,99.79,159.98,0.15,1010,1,253,1.1,0.0000,0.0000
2022,2,11,1,30,4.6000000000000005,0,0,0,0,4.6000000000000005,0,0,0,0,100,156.89000000000001,0.15,1010,1,253,1.1,0.0000,0.0000
2022,2,11,2,30,4,0,0,0,0,4,0,0,0,0,100,147.83,0.15,1010,1,253,1,0.0000,0.0000
2022,2,11,3,30,3.6,0,0,0,0,3.6,0,0,0,0,100,136.45,0.15,1010,1,255,1,0.0000,0.0000
2022,2,11,4,30,3.2,0,0,0,0,3.2,0,0,0,0,100,124.25,0.15,1011,1,258,1,0.0000,0.0000
2022,2,11,5,30,2.9000000000000004,0,0,0,0,2.9000000000000004,0,0,0,0,100,111.82000000000001,0.15,1011,1,263,1,0.0000,0.0000
2022,2,11,6,30,3.3000000000000003,0,0,0,0,3.3000000000000003,0,0,0,0,100,99.46000000000001,0.15,1011,1,267,0.9,0.0000,0.0000
2022,2,11,7,30,5.6000000000000005,22,196,32,0,4.1000000000000005,22,186,4,31,90.21000000000001,87.17,0.15,1012,0.9,267,1,0.0000,0.0000
2022,2,11,8,30,8.5,62,618,212,0,4.800000000000001,62,618,0,212,77.81,75.92,0.15,1012,0.9,253,0.9,10.2869,7.8923
2022,2,11,9,30,11.4,81,790,408,0,5.800000000000001,81,790,0,408,68.64,65.53,0.15,1012,0.9,225,0.7000000000000001,21.6759,16.8644
2022,2,11,10,30,14.9,92,869,568,0,7.5,92,869,0,568,61.300000000000004,56.76,0.15,1012,1,210,1,31.8710,24.9326
2022,2,11,11,30,17.400000000000002,99,907,676,0,6.5,136,816,0,655,48.76,50.52,0.15,1011,1,210,1.5,37.7665,29.6116
2022,2,11,12,30,18.3,98,930,722,8,5.300000000000001,270,450,0,572,42.51,47.85,0.15,1011,1,209,1.8,33.2941,26.1238
2022,2,11,13,30,18.5,91,932,698,8,5.2,241,513,0,575,41.47,49.34,0.15,1010,1.1,208,2,33.2974,26.1162
2022,2,11,14,30,18.2,86,900,607,0,5.300000000000001,155,693,0,556,42.65,54.65,0.15,1009,1.1,209,2,31.5144,24.6752
2022,2,11,15,30,17.1,77,835,459,0,5.800000000000001,77,835,0,459,47.47,62.79,0.15,1009,1.1,209,1.7000000000000002,24.8664,19.3877
2022,2,11,16,30,14.3,64,705,272,0,8.3,64,705,0,272,67.25,72.8,0.15,1009,1,208,1.2000000000000002,13.5705,10.4676
2022,2,11,17,30,11.200000000000001,35,388,76,0,8,35,388,0,76,80.57000000000001,83.9,0.15,1009,1,206,1.1,0.0000,0.0000
2022,2,11,18,30,10,0,0,0,0,6.5,0,0,0,0,78.97,95.93,0.15,1010,0.9,205,1.2000000000000002,0.0000,0.0000
2022,2,11,19,30,9.600000000000001,0,0,0,0,6.2,0,0,0,0,79.57000000000001,108.21000000000001,0.15,1010,0.9,207,1.2000000000000002,0.0000,0.0000
2022,2,11,20,30,9,0,0,0,0,6,0,0,0,0,81.7,120.64,0.15,1010,0.9,211,1.2000000000000002,0.0000,0.0000
2022,2,11,21,30,8.4,0,0,0,0,5.9,0,0,0,0,84.42,132.92000000000002,0.15,1010,0.9,216,1.3,0.0000,0.0000
2022,2,11,22,30,7.800000000000001,0,0,0,0,5.9,0,0,0,0,87.5,144.58,0.15,1010,0.9,220,1.3,0.0000,0.0000
2022,2,11,23,30,7.2,0,0,0,0,5.9,0,0,0,0,91.2,154.49,0.15,1010,0.9,223,1.3,0.0000,0.0000
2022,2,12,0,30,6.6000000000000005,0,0,0,0,5.800000000000001,0,0,0,0,94.91,159.65,0.15,1011,0.9,225,1.3,0.0000,0.0000
2022,2,12,1,30,6.1000000000000005,0,0,0,0,5.7,0,0,0,0,97.52,156.6,0.15,1011,0.9,226,1.3,0.0000,0.0000
2022,2,12,2,30,5.6000000000000005,0,0,0,0,5.6000000000000005,0,0,0,0,99.89,147.61,0.15,1011,1,227,1.3,0.0000,0.0000
2022,2,12,3,30,5,0,0,0,0,5,0,0,0,0,100,136.26,0.15,1011,1,229,1.2000000000000002,0.0000,0.0000
2022,2,12,4,30,4.5,0,0,0,0,4.5,0,0,0,0,100,124.08,0.15,1012,1,232,1.1,0.0000,0.0000
2022,2,12,5,30,4.2,0,0,0,0,4.2,0,0,0,0,100,111.65,0.15,1012,1,236,1,0.0000,0.0000
2022,2,12,6,30,4.7,0,0,0,0,4.7,0,0,0,0,100,99.28,0.15,1012,1.1,241,1,0.0000,0.0000
2022,2,12,7,30,6.800000000000001,23,213,34,0,5.1000000000000005,21,68,46,25,88.87,86.99,0.15,1013,1.1,243,1.2000000000000002,0.0000,0.0000
2022,2,12,8,30,9.700000000000001,60,632,216,7,5.800000000000001,126,101,0,151,76.49,75.71000000000001,0.15,1013,1.1,240,1.2000000000000002,7.3395,5.6332
2022,2,12,9,30,12.9,79,794,411,7,7,200,260,0,309,67.19,65.28,0.15,1013,1.1,235,1,16.4473,12.7991
2022,2,12,10,30,16.5,93,868,572,7,8.6,275,164,0,366,59.72,56.47,0.15,1012,1.1,242,1.2000000000000002,20.5664,16.0911
2022,2,12,11,30,19,100,904,679,6,8.700000000000001,318,137,0,406,51.33,50.2,0.15,1012,1.1,248,1.5,23.4375,18.3783
2022,2,12,12,30,20,104,916,723,7,8.6,309,313,0,520,47.93,47.52,0.15,1011,1.1,240,1.5,30.3004,23.7767
2022,2,12,13,30,20.1,101,910,698,6,8.8,324,208,0,460,48.02,49.02,0.15,1010,1.1,230,1.4000000000000001,26.6681,20.9184
2022,2,12,14,30,19.6,96,875,606,7,8.8,220,462,0,489,49.75,54.36,0.15,1010,1.2000000000000002,219,1.5,27.7532,21.7326
2022,2,12,15,30,18.400000000000002,85,810,459,7,9.5,155,546,0,407,56,62.54,0.15,1010,1.2000000000000002,208,1.3,22.0860,17.2229
2022,2,12,16,30,15.8,67,680,271,0,11.600000000000001,87,565,0,256,75.91,72.57000000000001,0.15,1010,1.3,201,1.1,12.7997,9.8765
2022,2,12,17,30,13.200000000000001,37,374,78,7,10.600000000000001,51,129,75,65,84.02,83.7,0.15,1010,1.3,199,1.1,0.0000,0.0000
2022,2,12,18,30,12.200000000000001,0,0,0,8,9.3,0,0,0,0,82.23,95.75,0.15,1011,1.3,201,1.2000000000000002,0.0000,0.0000
2022,2,12,19,30,11.600000000000001,0,0,0,6,9.1,0,0,0,0,84.67,108.04,0.15,1011,1.4000000000000001,202,1.1,0.0000,0.0000
2022,2,12,20,30,10.9,0,0,0,7,9.1,0,0,0,0,88.74,120.46000000000001,0.15,1011,1.4000000000000001,201,1.1,0.0000,0.0000
2022,2,12,21,30,10.700000000000001,0,0,0,0,9.200000000000001,0,0,0,0,90.28,132.73,0.15,1011,1.5,203,1.1,0.0000,0.0000
2022,2,12,22,30,10.600000000000001,0,0,0,7,9.3,0,0,0,0,91.74,144.37,0.15,1010,1.5,206,1.1,0.0000,0.0000
2022,2,12,23,30,10.4,0,0,0,7,9.5,0,0,0,0,94.02,154.22,0.15,1010,1.6,212,1.1,0.0000,0.0000
2022,2,13,0,30,10,0,0,0,7,9.600000000000001,0,0,0,0,97.25,159.31,0.15,1009,1.6,220,1,0.0000,0.0000
2022,2,13,1,30,9.5,0,0,0,6,9.5,0,0,0,0,100,156.3,0.15,1009,1.6,230,1,0.0000,0.0000
2022,2,13,2,30,9,0,0,0,6,9,0,0,0,0,100,147.37,0.15,1008,1.7000000000000002,244,0.9,0.0000,0.0000
2022,2,13,3,30,8.5,0,0,0,6,8.5,0,0,0,0,100,136.06,0.15,1008,1.8,263,0.8,0.0000,0.0000
2022,2,13,4,30,8.1,0,0,0,6,8.1,0,0,0,0,100,123.89,0.15,1008,1.8,289,0.7000000000000001,0.0000,0.0000
2022,2,13,5,30,7.6000000000000005,0,0,0,6,7.6000000000000005,0,0,0,0,100,111.47,0.15,1008,1.9000000000000001,316,0.7000000000000001,0.0000,0.0000
2022,2,13,6,30,7.7,0,0,0,8,7.7,0,0,0,0,100,99.10000000000001,0.15,1009,1.9000000000000001,332,0.8,0.0000,0.0000
2022,2,13,7,30,8.8,24,145,32,0,7.9,24,145,0,32,93.86,86.8,0.15,1009,2,345,1.2000000000000002,0.0000,0.0000
2022,2,13,8,30,9.9,74,523,205,8,7,117,198,0,167,82.28,75.48,0.15,1009,2,178,1.6,8.1328,6.2446
2022,2,13,9,30,10.8,99,702,395,7,6.1000000000000005,137,17,0,144,72.59,65.03,0.15,1009,2,5,1.7000000000000002,7.6790,5.9770
2022,2,13,10,30,11.700000000000001,105,810,556,8,5.4,131,6,4,134,65.48,56.19,0.15,1009,2,184,1.7000000000000002,7.5402,5.9001
2022,2,13,11,30,12.4,110,860,664,7,5.6000000000000005,111,4,18,114,63.160000000000004,49.88,0.15,1009,2,352,1.7000000000000002,6.5887,5.1670
2022,2,13,12,30,12.9,109,884,710,8,5.800000000000001,190,31,14,211,62.06,47.18,0.15,1008,1.9000000000000001,338,1.9000000000000001,12.3086,9.6594
2022,2,13,13,30,13.100000000000001,103,889,690,8,5.7,296,111,43,369,60.93,48.69,0.15,1007,1.8,330,2,21.4170,16.8010
2022,2,13,14,30,13.200000000000001,96,868,605,0,5.6000000000000005,103,849,0,601,59.82,54.06,0.15,1007,1.6,324,2.2,34.1555,26.7490
2022,2,13,15,30,12.700000000000001,89,802,462,0,5.300000000000001,127,651,7,430,60.67,62.28,0.15,1007,1.3,323,2.1,23.3740,18.2304
2022,2,13,16,30,11.3,76,654,274,8,5,144,60,11,162,65.27,72.35000000000001,0.15,1008,1.2000000000000002,331,1.7000000000000002,8.1164,6.2649
2022,2,13,17,30,9.3,41,343,80,0,5.5,37,249,7,65,77.14,83.51,0.15,1009,1.1,347,1.2000000000000002,0.0000,0.0000
2022,2,13,18,30,7.9,0,0,0,0,5.1000000000000005,0,0,0,0,82.62,95.57000000000001,0.15,1010,1.1,356,1.1,0.0000,0.0000
2022,2,13,19,30,7.1000000000000005,0,0,0,4,4.7,0,0,0,0,84.56,107.87,0.15,1011,1,353,1.2000000000000002,0.0000,0.0000
2022,2,13,20,30,5.9,0,0,0,4,4,0,0,0,0,87.73,120.29,0.15,1013,0.8,345,1.3,0.0000,0.0000
2022,2,13,21,30,4.3,0,0,0,0,3.1,0,0,0,0,92.05,132.55,0.15,1014,0.6000000000000001,340,1.3,0.0000,0.0000
2022,2,13,22,30,2.9000000000000004,0,0,0,0,1.8,0,0,0,0,92.79,144.15,0.15,1014,0.5,333,1.2000000000000002,0.0000,0.0000
2022,2,13,23,30,1.5,0,0,0,0,0.4,0,0,0,0,92.31,153.94,0.15,1014,0.4,325,1,0.0000,0.0000
2022,2,14,0,30,0.5,0,0,0,0,-0.7000000000000001,0,0,0,0,91.49,158.98,0.15,1015,0.5,317,0.9,0.0000,0.0000
2022,2,14,1,30,-0.2,0,0,0,0,-1.4000000000000001,0,0,0,0,91.43,156,0.15,1015,0.5,309,0.9,0.0000,0.0000
2022,2,14,2,30,-0.8,0,0,0,0,-1.7000000000000002,0,0,0,0,93.65,147.13,0.15,1015,0.5,301,0.9,0.0000,0.0000
2022,2,14,3,30,-1.2000000000000002,0,0,0,0,-1.7000000000000002,0,0,0,0,96.52,135.86,0.15,1015,0.5,294,0.9,0.0000,0.0000
2022,2,14,4,30,-1.7000000000000002,0,0,0,0,-1.7000000000000002,0,0,0,0,100,123.71000000000001,0.15,1016,0.6000000000000001,289,1,0.0000,0.0000
2022,2,14,5,30,-2.1,0,0,0,0,-2.1,0,0,0,0,100,111.28,0.15,1017,0.6000000000000001,287,0.9,0.0000,0.0000
2022,2,14,6,30,-1.5,0,0,0,0,-1.8,0,0,0,0,98.15,98.9,0.15,1017,0.6000000000000001,288,1,0.0000,0.0000
2022,2,14,7,30,0.5,24,300,42,0,-1.9000000000000001,24,300,0,42,84.08,86.59,0.15,1018,0.6000000000000001,288,1.1,0.0000,0.0000
2022,2,14,8,30,3.8000000000000003,53,722,237,0,-1.6,53,722,0,237,67.81,75.25,0.15,1018,0.6000000000000001,295,1.4000000000000001,11.5643,8.8832
2022,2,14,9,30,6.9,68,869,438,0,-3.4000000000000004,68,869,0,438,47.96,64.77,0.15,1018,0.7000000000000001,302,1.7000000000000002,23.4019,18.2188
2022,2,14,10,30,8.9,75,936,600,0,-3.6,75,936,0,600,41.17,55.89,0.15,1018,0.8,294,1.7000000000000002,33.8112,26.4603
2022,2,14,11,30,10.4,80,968,708,0,-3.1,80,968,0,708,38.58,49.56,0.15,1017,0.8,282,1.8,40.9669,32.1297
2022,2,14,12,30,11.5,81,976,749,0,-2.6,81,976,0,749,37.19,46.84,0.15,1017,0.9,277,2.1,43.7402,34.3286
2022,2,14,13,30,12.200000000000001,80,969,724,0,-2.1,80,969,0,724,37.04,48.370000000000005,0.15,1016,0.9,278,2.3000000000000003,42.0677,33.0035
2022,2,14,14,30,12.4,76,937,630,0,-1.3,76,937,0,630,38.58,53.77,0.15,1016,1,281,2.3000000000000003,35.8493,28.0785
2022,2,14,15,30,12,69,878,481,0,-0.5,69,878,0,481,42.07,62.03,0.15,1017,1,283,2,26.1887,20.4292
2022,2,14,16,30,10,58,757,290,0,1,58,757,0,290,53.46,72.13,0.15,1017,0.9,277,1.4000000000000001,14.5592,11.2417
2022,2,14,17,30,7.300000000000001,35,464,89,0,3.2,35,464,0,89,75.05,83.31,0.15,1018,0.9,266,1.1,0.0000,0.0000
2022,2,14,18,30,5.9,0,0,0,0,1.5,0,0,0,0,73.23,95.39,0.15,1019,0.9,259,1.1,0.0000,0.0000
2022,2,14,19,30,5.300000000000001,0,0,0,0,1.4000000000000001,0,0,0,0,75.99,107.7,0.15,1020,0.9,260,1.1,0.0000,0.0000
2022,2,14,20,30,4.7,0,0,0,0,1.5,0,0,0,0,79.8,120.12,0.15,1020,0.9,267,1.1,0.0000,0.0000
2022,2,14,21,30,4.2,0,0,0,0,1.5,0,0,0,0,82.84,132.36,0.15,1021,0.8,285,1.1,0.0000,0.0000
2022,2,14,22,30,3.5,0,0,0,0,1.6,0,0,0,0,87.26,143.94,0.15,1021,0.8,316,1.1,0.0000,0.0000
2022,2,14,23,30,2.5,0,0,0,0,1.6,0,0,0,0,93.9,153.66,0.15,1022,0.8,169,0.9,0.0000,0.0000
2022,2,15,0,30,1.7000000000000002,0,0,0,0,1.5,0,0,0,0,98.72,158.64000000000001,0.15,1022,0.8,14,0.9,0.0000,0.0000
2022,2,15,1,30,1.2000000000000002,0,0,0,0,1,0,0,0,0,98.61,155.69,0.15,1023,0.7000000000000001,34,1.1,0.0000,0.0000
2022,2,15,2,30,0.8,0,0,0,0,0.4,0,0,0,0,96.94,146.88,0.15,1023,0.7000000000000001,46,1.2000000000000002,0.0000,0.0000
2022,2,15,3,30,0.30000000000000004,0,0,0,0,-0.30000000000000004,0,0,0,0,96.03,135.65,0.15,1024,0.7000000000000001,54,1.2000000000000002,0.0000,0.0000
2022,2,15,4,30,-0.4,0,0,0,0,-0.7000000000000001,0,0,0,0,97.71000000000001,123.51,0.15,1024,0.7000000000000001,58,1.1,0.0000,0.0000
2022,2,15,5,30,-1.1,0,0,0,0,-1.1,0,0,0,0,100,111.09,0.15,1025,0.7000000000000001,59,1.1,0.0000,0.0000
2022,2,15,6,30,-0.9,0,0,0,0,-1.4000000000000001,0,0,0,0,96.62,98.71000000000001,0.15,1026,0.7000000000000001,61,1.3,0.0000,0.0000
2022,2,15,7,30,0.9,25,280,43,0,-1.6,25,280,0,43,83.66,86.39,0.15,1027,0.7000000000000001,67,1.6,0.0000,0.0000
2022,2,15,8,30,4,57,697,237,0,-1.3,57,697,0,237,68.25,75.02,0.15,1028,0.7000000000000001,76,1.9000000000000001,11.5873,8.9045
2022,2,15,9,30,7.2,73,849,438,0,-1.4000000000000001,73,849,0,438,54.45,64.51,0.15,1029,0.7000000000000001,87,2.2,23.4462,18.2571
2022,2,15,10,30,9.8,82,922,603,0,-1.2000000000000002,82,922,0,603,46.18,55.6,0.15,1029,0.7000000000000001,92,2.2,34.0275,26.6328
2022,2,15,11,30,11.8,88,957,713,0,-0.6000000000000001,88,957,0,713,42.47,49.230000000000004,0.15,1028,0.7000000000000001,97,2,41.3049,32.3977
2022,2,15,12,30,13,90,966,755,0,0.4,90,966,0,755,42.04,46.5,0.15,1027,0.8,101,1.7000000000000002,44.1379,34.6435
2022,2,15,13,30,13.600000000000001,89,959,730,0,1.1,89,959,0,730,42.65,48.04,0.15,1026,0.8,103,1.4000000000000001,42.4637,33.3170
2022,2,15,14,30,13.700000000000001,84,929,637,0,1.8,84,929,0,637,44.34,53.47,0.15,1026,0.8,102,1.2000000000000002,36.2948,28.4305
2022,2,15,15,30,13.200000000000001,76,862,484,0,2.2,76,862,0,484,47.37,61.77,0.15,1026,0.9,97,1.1,26.3961,20.5944
2022,2,15,16,30,11.100000000000001,62,741,292,0,3.9000000000000004,62,741,0,292,61.160000000000004,71.91,0.15,1026,0.9,88,1,14.6896,11.3461
2022,2,15,17,30,8.1,37,451,91,0,4.800000000000001,39,380,7,85,79.66,83.12,0.15,1026,0.9,82,1,0.0000,0.0000
2022,2,15,18,30,6.4,0,0,0,0,2.6,0,0,0,0,76.82000000000001,95.21000000000001,0.15,1026,0.9,83,1.2000000000000002,0.0000,0.0000
2022,2,15,19,30,6,0,0,0,0,2.5,0,0,0,0,78.3,107.53,0.15,1027,1,91,1.3,0.0000,0.0000
2022,2,15,20,30,5.9,0,0,0,0,2.7,0,0,0,0,79.72,119.95,0.15,1027,1,101,1.4000000000000001,0.0000,0.0000
2022,2,15,21,30,5.4,0,0,0,0,3.1,0,0,0,0,84.88,132.18,0.15,1027,1,111,1.3,0.0000,0.0000
2022,2,15,22,30,4.6000000000000005,0,0,0,0,3.5,0,0,0,0,92.32000000000001,143.72,0.15,1027,1,115,1.3,0.0000,0.0000
2022,2,15,23,30,3.9000000000000004,0,0,0,0,3.6,0,0,0,0,98.25,153.38,0.15,1027,1,110,1.2000000000000002,0.0000,0.0000
2022,2,16,0,30,3.2,0,0,0,0,3.2,0,0,0,0,100,158.29,0.15,1027,1,102,1.1,0.0000,0.0000
2022,2,16,1,30,2.7,0,0,0,0,2.7,0,0,0,0,100,155.37,0.15,1027,1,96,1.1,0.0000,0.0000
2022,2,16,2,30,2.4000000000000004,0,0,0,0,2.4000000000000004,0,0,0,0,100,146.63,0.15,1026,1,93,1.2000000000000002,0.0000,0.0000
2022,2,16,3,30,2.1,0,0,0,0,2.1,0,0,0,0,100,135.43,0.15,1026,1.1,91,1.2000000000000002,0.0000,0.0000
2022,2,16,4,30,2.1,0,0,0,0,2.1,0,0,0,0,100,123.32000000000001,0.15,1026,1.2000000000000002,87,1.2000000000000002,0.0000,0.0000
2022,2,16,5,30,2.4000000000000004,0,0,0,0,2.3000000000000003,0,0,0,0,99.15,110.9,0.15,1026,1.3,81,1.3,0.0000,0.0000
2022,2,16,6,30,3.2,0,0,0,0,2.4000000000000004,0,0,0,0,94.78,98.51,0.15,1026,1.3,78,1.4000000000000001,0.0000,0.0000
2022,2,16,7,30,5,28,258,45,0,3.2,25,143,57,35,88.14,86.19,0.15,1027,1.4000000000000001,80,1.6,0.0000,0.0000
2022,2,16,8,30,7.800000000000001,63,637,230,0,4.6000000000000005,63,637,0,230,80,74.79,0.15,1027,1.5,85,1.8,11.2678,8.6626
2022,2,16,9,30,11,83,783,423,0,6.2,83,783,0,423,72.3,64.25,0.15,1027,1.6,93,2,22.6857,17.6685
2022,2,16,10,30,14.100000000000001,96,852,581,0,8.3,96,852,0,581,67.88,55.300000000000004,0.15,1026,1.7000000000000002,107,2.2,32.8326,25.7007
2022,2,16,11,30,16.7,105,883,685,0,10.200000000000001,105,883,0,685,65.45,48.9,0.15,1026,1.8,125,2.4000000000000004,39.7289,31.1643
2022,2,16,12,30,18.1,103,903,729,0,11.600000000000001,143,717,0,640,65.77,46.15,0.15,1024,1.9000000000000001,140,2.4000000000000004,37.4557,29.4010
2022,2,16,13,30,18.400000000000002,97,902,704,2,12.200000000000001,273,301,0,476,67.07000000000001,47.7,0.15,1023,2,149,2.3000000000000003,27.7201,21.7510
2022,2,16,14,30,17.8,95,862,612,0,12.3,187,459,0,462,70.17,53.18,0.15,1023,2.1,150,2.1,26.3564,20.6476
2022,2,16,15,30,16.900000000000002,88,790,465,3,12.700000000000001,172,198,0,266,76.4,61.51,0.15,1022,2.1,145,1.8,14.5309,11.3389
2022,2,16,16,30,15.600000000000001,73,656,279,3,13.3,99,56,4,117,86.01,71.68,0.15,1022,2.1,138,1.4000000000000001,5.8985,4.5575
2022,2,16,17,30,13.9,42,365,87,3,13.100000000000001,48,127,46,64,95.22,82.93,0.15,1022,2,133,1.1,0.0000,0.0000
2022,2,16,18,30,12.600000000000001,0,0,0,0,12.600000000000001,0,0,0,0,100,95.03,0.15,1022,1.9000000000000001,129,1.1,0.0000,0.0000
2022,2,16,19,30,11.8,0,0,0,0,11.8,0,0,0,0,100,107.35000000000001,0.15,1022,1.8,126,1,0.0000,0.0000
2022,2,16,20,30,10.9,0,0,0,7,10.9,0,0,0,0,100,119.77,0.15,1022,1.8,124,1,0.0000,0.0000
2022,2,16,21,30,10.3,0,0,0,0,10.3,0,0,0,0,100,131.99,0.15,1022,1.8,124,1,0.0000,0.0000
2022,2,16,22,30,9.9,0,0,0,0,9.9,0,0,0,0,100,143.5,0.15,1021,1.8,126,1.1,0.0000,0.0000
2022,2,16,23,30,9.600000000000001,0,0,0,0,9.600000000000001,0,0,0,0,100,153.09,0.15,1021,1.8,129,1,0.0000,0.0000
2022,2,17,0,30,9.3,0,0,0,7,9.3,0,0,0,0,100,157.95000000000002,0.15,1020,1.8,136,1,0.0000,0.0000
2022,2,17,1,30,9.1,0,0,0,0,9.1,0,0,0,0,100,155.05,0.15,1020,1.9000000000000001,145,1,0.0000,0.0000
2022,2,17,2,30,9.1,0,0,0,3,9.1,0,0,0,0,100,146.37,0.15,1019,1.9000000000000001,152,1.1,0.0000,0.0000
2022,2,17,3,30,9.1,0,0,0,0,9.1,0,0,0,0,100,135.21,0.15,1019,1.9000000000000001,157,1.1,0.0000,0.0000
2022,2,17,4,30,9.200000000000001,0,0,0,0,9.200000000000001,0,0,0,0,100,123.11,0.15,1019,1.9000000000000001,160,1.1,0.0000,0.0000
2022,2,17,5,30,9.4,0,0,0,8,9.4,0,0,0,0,100,110.7,0.15,1018,1.9000000000000001,162,1.1,0.0000,0.0000
2022,2,17,6,30,10,0,0,0,8,10,0,0,0,0,100,98.3,0.15,1018,1.9000000000000001,161,1.1,0.0000,0.0000
2022,2,17,7,30,12,28,275,47,8,10.700000000000001,20,0,100,20,91.99,85.98,0.15,1018,1.9000000000000001,156,1.3,0.0000,0.0000
2022,2,17,8,30,14.5,58,659,234,7,12.4,96,14,18,100,87.34,74.55,0.15,1018,1.9000000000000001,153,1.6,4.9095,3.7760
2022,2,17,9,30,17.3,75,802,427,0,14,112,656,0,400,81.14,63.980000000000004,0.15,1017,2,160,2.1,21.4934,16.7434
2022,2,17,10,30,19.900000000000002,85,871,585,0,15.100000000000001,156,632,0,519,73.77,54.99,0.15,1016,2.1,173,2.9000000000000004,29.3714,22.9941
2022,2,17,11,30,21.3,88,910,690,8,15.4,235,64,46,277,69.07000000000001,48.56,0.15,1015,2.2,179,3.2,16.0845,12.6182
2022,2,17,12,30,22,88,923,731,8,15.600000000000001,302,179,7,427,66.85,45.800000000000004,0.15,1013,2.4000000000000004,185,3.2,25.0167,19.6385
2022,2,17,13,30,22.200000000000003,88,908,703,8,15.700000000000001,297,194,7,428,66.48,47.37,0.15,1012,2.5,189,3,24.9518,19.5804
2022,2,17,14,30,21.900000000000002,89,864,610,8,16,262,154,25,355,69.37,52.88,0.15,1011,2.7,189,2.6,20.2779,15.8874
2022,2,17,15,30,21.400000000000002,86,779,461,8,16.7,185,371,0,363,74.37,61.26,0.15,1010,2.9000000000000004,184,2.1,19.8608,15.5005
2022,2,17,16,30,20.3,73,637,276,0,17.1,112,410,0,242,82.04,71.46000000000001,0.15,1009,2.9000000000000004,174,1.9000000000000001,12.2252,9.4487
2022,2,17,17,30,19.1,43,341,86,3,16.8,41,156,32,61,86.71000000000001,82.74,0.15,1007,2.9000000000000004,166,2.3000000000000003,0.0000,0.0000
2022,2,17,18,30,18.2,0,0,0,8,16.6,0,0,0,0,90.52,94.85000000000001,0.15,1007,3,167,2.4000000000000004,0.0000,0.0000
2022,2,17,19,30,17.6,0,0,0,8,16.7,0,0,0,0,94.75,107.18,0.15,1007,3.1,173,2.4000000000000004,0.0000,0.0000
2022,2,17,20,30,17.400000000000002,0,0,0,8,16.900000000000002,0,0,0,0,96.7,119.60000000000001,0.15,1006,3.2,178,2.6,0.0000,0.0000
2022,2,17,21,30,17.400000000000002,0,0,0,8,17,0,0,0,0,97.65,131.8,0.15,1006,3.4000000000000004,186,2.9000000000000004,0.0000,0.0000
2022,2,17,22,30,17.6,0,0,0,7,17,0,0,0,0,96.4,143.27,0.15,1005,3.6,193,3.3000000000000003,0.0000,0.0000
2022,2,17,23,30,17.900000000000002,0,0,0,8,17.1,0,0,0,0,95.04,152.81,0.15,1004,3.7,199,3.8000000000000003,0.0000,0.0000
2022,2,18,0,30,18.1,0,0,0,7,17.1,0,0,0,0,94.05,157.6,0.15,1003,3.7,205,4.1000000000000005,0.0000,0.0000
2022,2,18,1,30,18.1,0,0,0,7,17.2,0,0,0,0,94.64,154.73,0.15,1003,3.9000000000000004,209,4.1000000000000005,0.0000,0.0000
2022,2,18,2,30,18.1,0,0,0,7,17.400000000000002,0,0,0,0,95.71000000000001,146.1,0.15,1003,4.2,213,3.9000000000000004,0.0000,0.0000
2022,2,18,3,30,18.1,0,0,0,8,17.5,0,0,0,0,96.37,134.98,0.15,1002,4.4,218,3.6,0.0000,0.0000
2022,2,18,4,30,18.1,0,0,0,7,17.6,0,0,0,0,97.06,122.9,0.15,1003,4.4,228,3.1,0.0000,0.0000
2022,2,18,5,30,17.900000000000002,0,0,0,7,17.7,0,0,0,0,98.58,110.5,0.15,1004,4.1000000000000005,244,2.3000000000000003,0.0000,0.0000
2022,2,18,6,30,17.400000000000002,0,0,0,7,17.3,0,0,0,0,99.34,98.09,0.15,1005,3.6,263,1.9000000000000001,0.0000,0.0000
2022,2,18,7,30,16.8,27,290,48,8,16.1,21,1,100,21,95.95,85.77,0.15,1006,3,279,1.9000000000000001,0.0000,0.0000
2022,2,18,8,30,16.6,56,667,236,8,14.600000000000001,93,23,0,99,87.92,74.31,0.15,1007,2.3000000000000003,289,2.2,4.8709,3.7479
2022,2,18,9,30,16.8,71,828,438,0,12.100000000000001,123,618,0,397,73.76,63.7,0.15,1008,1.7000000000000002,291,2.4000000000000004,21.3742,16.6541
2022,2,18,10,30,17.400000000000002,81,912,608,0,9.8,89,889,0,603,60.83,54.69,0.15,1008,1.3,287,2.4000000000000004,34.1722,26.7557
2022,2,18,11,30,18,84,957,722,0,8.5,84,957,0,722,53.77,48.22,0.15,1008,1,281,2.5,41.9729,32.9304
2022,2,18,12,30,18.400000000000002,87,971,768,0,7.800000000000001,98,947,0,762,50.050000000000004,45.45,0.15,1008,1,277,2.6,44.6905,35.0855
2022,2,18,13,30,18.6,86,964,743,0,7.300000000000001,125,859,0,711,47.79,47.03,0.15,1007,1,276,2.6,41.4959,32.5657
2022,2,18,14,30,18.2,83,930,648,0,6.9,198,599,0,562,47.730000000000004,52.58,0.15,1007,1.1,278,2.6,32.1420,25.1853
2022,2,18,15,30,17.400000000000002,76,864,495,0,6.7,95,797,0,481,49.550000000000004,61,0.15,1007,1.2000000000000002,281,2.3000000000000003,26.3593,20.5755
2022,2,18,16,30,15.3,63,742,302,0,7.2,63,742,0,302,58.58,71.24,0.15,1008,1.2000000000000002,284,1.7000000000000002,15.2872,11.8190
2022,2,18,17,30,12.600000000000001,39,461,99,0,8.6,39,461,0,99,76.58,82.54,0.15,1009,1.3,288,1.3,0.0000,0.0000
2022,2,18,18,30,10.9,0,0,0,0,7.6000000000000005,0,0,0,0,80.32000000000001,94.67,0.15,1010,1.3,298,1.3,0.0000,0.0000
2022,2,18,19,30,10.3,0,0,0,0,7.2,0,0,0,0,81.12,107.01,0.15,1010,1.4000000000000001,312,1.3,0.0000,0.0000
2022,2,18,20,30,9.600000000000001,0,0,0,3,6.5,0,0,0,0,80.77,119.43,0.15,1011,1.3,328,1.4000000000000001,0.0000,0.0000
2022,2,18,21,30,8.4,0,0,0,0,5.1000000000000005,0,0,0,0,79.57000000000001,131.62,0.15,1012,1.3,342,1.5,0.0000,0.0000
2022,2,18,22,30,7.1000000000000005,0,0,0,0,2.9000000000000004,0,0,0,0,74.63,143.05,0.15,1012,1.2000000000000002,349,1.6,0.0000,0.0000
2022,2,18,23,30,5.9,0,0,0,0,1.5,0,0,0,0,73.56,152.52,0.15,1013,1.1,355,1.5,0.0000,0.0000
2022,2,19,0,30,4.9,0,0,0,0,0.7000000000000001,0,0,0,0,74.13,157.25,0.15,1013,1,184,1.4000000000000001,0.0000,0.0000
2022,2,19,1,30,4,0,0,0,0,0.2,0,0,0,0,76.19,154.4,0.15,1013,0.8,11,1.2000000000000002,0.0000,0.0000
2022,2,19,2,30,3.2,0,0,0,0,-0.2,0,0,0,0,78.63,145.83,0.15,1012,0.7000000000000001,13,1.1,0.0000,0.0000
2022,2,19,3,30,2.5,0,0,0,0,-0.4,0,0,0,0,81.23,134.75,0.15,1013,0.6000000000000001,9,1,0.0000,0.0000
2022,2,19,4,30,1.8,0,0,0,0,-0.5,0,0,0,0,85,122.69,0.15,1013,0.5,3,1,0.0000,0.0000
2022,2,19,5,30,1.1,0,0,0,0,-0.5,0,0,0,0,88.91,110.29,0.15,1014,0.5,177,1,0.0000,0.0000
2022,2,19,6,30,1.3,0,0,0,0,-0.6000000000000001,0,0,14,0,86.87,97.88,0.15,1015,0.4,352,1.2000000000000002,0.0000,0.0000
2022,2,19,7,30,3.2,29,417,61,0,-0.7000000000000001,29,417,0,61,75.34,85.54,0.15,1016,0.4,353,1.6,0.0000,0.0000
2022,2,19,8,30,6,53,775,266,0,-2,53,775,0,266,56.64,74.06,0.15,1017,0.4,355,1.8,13.1173,10.0972
2022,2,19,9,30,8.5,67,913,475,0,-3.3000000000000003,67,913,0,475,43.21,63.43,0.15,1017,0.4,345,1.9000000000000001,25.6216,19.9675
2022,2,19,10,30,10.5,73,976,642,0,-3.5,73,976,0,642,37.230000000000004,54.370000000000005,0.15,1017,0.4,331,2,36.4351,28.5310
2022,2,19,11,30,12.100000000000001,78,1001,749,0,-3.7,78,1001,0,749,33.1,47.88,0.15,1017,0.5,319,2,43.5923,34.2039
2022,2,19,12,30,13.200000000000001,78,1014,794,0,-3.1,78,1014,0,794,32.21,45.09,0.15,1016,0.5,307,2.1,46.6170,36.6008
2022,2,19,13,30,14,77,1002,764,0,-2,77,1002,0,764,33.11,46.7,0.15,1015,0.6000000000000001,299,2.2,44.6360,35.0328
2022,2,19,14,30,14.3,72,973,667,0,-0.8,72,973,0,667,35.39,52.28,0.15,1015,0.7000000000000001,295,2.2,38.1942,29.9305
2022,2,19,15,30,14.100000000000001,66,919,515,0,0.5,66,919,0,515,39.33,60.75,0.15,1015,0.7000000000000001,296,2,28.2657,22.0669
2022,2,19,16,30,12.3,56,810,319,0,2.5,56,810,0,319,51.08,71.02,0.15,1015,0.7000000000000001,297,1.4000000000000001,16.1804,12.5133
2022,2,19,17,30,9.5,36,549,109,0,5.2,36,549,0,109,74.33,82.35000000000001,0.15,1016,0.7000000000000001,303,1,0.0000,0.0000
2022,2,19,18,30,7.9,0,0,0,0,3.7,0,0,0,0,74.53,94.49,0.15,1016,0.7000000000000001,319,1.1,0.0000,0.0000
2022,2,19,19,30,7.6000000000000005,0,0,0,0,3.6,0,0,0,0,75.66,106.84,0.15,1017,0.6000000000000001,338,1.3,0.0000,0.0000
2022,2,19,20,30,7,0,0,0,0,3.2,0,0,0,0,76.5,119.26,0.15,1018,0.6000000000000001,353,1.4000000000000001,0.0000,0.0000
2022,2,19,21,30,5.9,0,0,0,0,2.5,0,0,0,0,78.75,131.43,0.15,1019,0.5,183,1.4000000000000001,0.0000,0.0000
2022,2,19,22,30,4.7,0,0,0,0,1.2000000000000002,0,0,0,0,78.11,142.82,0.15,1020,0.5,9,1.4000000000000001,0.0000,0.0000
2022,2,19,23,30,3.5,0,0,0,0,0.1,0,0,0,0,78.44,152.23,0.15,1021,0.4,17,1.4000000000000001,0.0000,0.0000
2022,2,20,0,30,2.6,0,0,0,0,-0.6000000000000001,0,0,0,0,79.21000000000001,156.89000000000001,0.15,1021,0.4,26,1.3,0.0000,0.0000
2022,2,20,1,30,1.8,0,0,0,0,-1.3,0,0,0,0,80.15,154.06,0.15,1021,0.4,36,1.2000000000000002,0.0000,0.0000
2022,2,20,2,30,1.1,0,0,0,0,-1.8,0,0,0,0,81.14,145.56,0.15,1021,0.4,44,1.2000000000000002,0.0000,0.0000
2022,2,20,3,30,0.5,0,0,0,0,-2.3000000000000003,0,0,0,0,81.75,134.52,0.15,1022,0.4,49,1.2000000000000002,0.0000,0.0000
2022,2,20,4,30,-0.1,0,0,0,0,-2.7,0,0,0,0,82.38,122.47,0.15,1022,0.4,51,1.2000000000000002,0.0000,0.0000
2022,2,20,5,30,-0.7000000000000001,0,0,0,0,-3.2,0,0,0,0,83.10000000000001,110.07000000000001,0.15,1023,0.4,50,1.2000000000000002,0.0000,0.0000
2022,2,20,6,30,-0.30000000000000004,0,0,0,0,-3.6,0,0,0,0,78.2,97.66,0.15,1023,0.4,51,1.4000000000000001,0.0000,0.0000
2022,2,20,7,30,1.7000000000000002,28,455,65,0,-3.5,28,455,0,65,68.39,85.32000000000001,0.15,1024,0.4,60,1.8,0.0000,0.0000
2022,2,20,8,30,4.7,51,797,273,0,-3.5,51,797,0,273,55.47,73.81,0.15,1024,0.4,76,2.2,13.4934,10.3911
2022,2,20,9,30,7.5,63,914,476,0,-3.8000000000000003,63,914,0,476,44.53,63.15,0.15,1024,0.5,83,2.2,25.7248,20.0519
2022,2,20,10,30,9.8,71,976,644,0,-3.5,71,976,0,644,39.050000000000004,54.06,0.15,1024,0.5,84,1.9000000000000001,36.5992,28.6628
2022,2,20,11,30,11.700000000000001,76,998,750,0,-2.6,76,998,0,750,36.75,47.53,0.15,1024,0.6000000000000001,90,1.6,43.7010,34.2922
2022,2,20,12,30,13.100000000000001,79,1006,794,0,-1.5,79,1006,0,794,36.42,44.730000000000004,0.15,1023,0.6000000000000001,103,1.3,46.6660,36.6420
2022,2,20,13,30,14,81,989,764,0,-0.30000000000000004,81,989,0,764,37.46,46.36,0.15,1022,0.7000000000000001,118,1.1,44.6836,35.0729
2022,2,20,14,30,14.3,79,959,670,0,0.7000000000000001,79,959,0,670,39.53,51.99,0.15,1021,0.7000000000000001,127,1,38.4111,30.1033
2022,2,20,15,30,14,74,892,513,0,1.4000000000000001,74,892,0,513,42.480000000000004,60.49,0.15,1020,0.8,127,0.9,28.2002,22.0191
2022,2,20,16,30,12.4,63,772,317,0,3,63,772,0,317,52.72,70.8,0.15,1020,0.8,116,0.9,16.1114,12.4636
2022,2,20,17,30,9.8,40,496,108,0,4.4,40,496,0,108,69.22,82.15,0.15,1020,0.8,104,1.1,0.0000,0.0000
2022,2,20,18,30,7.7,0,0,0,0,2.4000000000000004,0,0,0,0,68.96000000000001,94.31,0.15,1020,0.9,103,1.2000000000000002,0.0000,0.0000
2022,2,20,19,30,6.6000000000000005,0,0,0,0,2.5,0,0,0,0,75.22,106.67,0.15,1020,0.9,110,1.2000000000000002,0.0000,0.0000
2022,2,20,20,30,6,0,0,0,0,2.8000000000000003,0,0,0,0,79.77,119.08,0.15,1020,0.9,119,1.2000000000000002,0.0000,0.0000
2022,2,20,21,30,5.6000000000000005,0,0,0,0,3.4000000000000004,0,0,0,0,85.76,131.23,0.15,1020,1,126,1.2000000000000002,0.0000,0.0000
2022,2,20,22,30,5.1000000000000005,0,0,0,0,4.1000000000000005,0,0,0,0,93.42,142.59,0.15,1020,1.1,129,1.2000000000000002,0.0000,0.0000
2022,2,20,23,30,4.6000000000000005,0,0,0,8,4.6000000000000005,0,0,0,0,100,151.93,0.15,1020,1.2000000000000002,131,1,0.0000,0.0000
2022,2,21,0,30,4.2,0,0,0,7,4.2,0,0,0,0,100,156.54,0.15,1020,1.3,131,0.9,0.0000,0.0000
2022,2,21,1,30,4.2,0,0,0,7,4.2,0,0,0,0,100,153.73,0.15,1020,1.3,128,0.8,0.0000,0.0000
2022,2,21,2,30,4.5,0,0,0,7,4.5,0,0,0,0,100,145.28,0.15,1019,1.4000000000000001,121,0.7000000000000001,0.0000,0.0000
2022,2,21,3,30,4.9,0,0,0,7,4.9,0,0,0,0,100,134.27,0.15,1019,1.5,113,0.6000000000000001,0.0000,0.0000
2022,2,21,4,30,5.4,0,0,0,8,5.4,0,0,0,0,100,122.25,0.15,1019,1.5,99,0.6000000000000001,0.0000,0.0000
2022,2,21,5,30,5.5,0,0,0,0,5.300000000000001,0,0,0,0,98.4,109.86,0.15,1020,1.5,78,0.7000000000000001,0.0000,0.0000
2022,2,21,6,30,5.6000000000000005,0,0,0,0,5,0,0,0,0,95.81,97.44,0.15,1020,1.5,64,1,0.0000,0.0000
2022,2,21,7,30,6.6000000000000005,35,256,57,0,5,34,180,21,49,89.60000000000001,85.09,0.15,1021,1.6,56,1.1,0.0000,0.0000
2022,2,21,8,30,9,73,616,247,0,5.7,108,382,0,216,79.94,73.55,0.15,1021,1.6,56,1.1,10.7017,8.2448
2022,2,21,9,30,12.100000000000001,91,774,444,0,6.9,158,530,0,400,70.57000000000001,62.86,0.15,1021,1.7000000000000002,59,1.1,21.6599,16.8869
2022,2,21,10,30,15.100000000000001,103,849,605,0,8.4,223,506,0,522,64.47,53.74,0.15,1021,1.7000000000000002,77,1.1,29.7076,23.2683
2022,2,21,11,30,17.6,112,877,708,0,10.100000000000001,147,776,0,674,61.54,47.18,0.15,1020,1.9000000000000001,122,1.1,39.3174,30.8550
2022,2,21,12,30,18.8,118,880,747,8,11.100000000000001,282,410,0,575,60.84,44.37,0.15,1019,2,157,1.1,33.8296,26.5649
2022,2,21,13,30,18.6,117,866,718,3,11.5,309,101,0,379,63.15,46.01,0.15,1018,2.2,160,1.1,22.1903,17.4189
2022,2,21,14,30,18.2,110,833,626,7,11.9,269,84,0,321,66.84,51.69,0.15,1017,2.3000000000000003,151,1.1,18.4250,14.4413
2022,2,21,15,30,18.1,100,757,476,7,12.600000000000001,101,3,0,102,70.06,60.230000000000004,0.15,1017,2.5,154,0.8,5.6158,4.3855
2022,2,21,16,30,17.5,85,610,288,7,13.5,57,1,0,57,77.42,70.58,0.15,1018,2.7,168,0.6000000000000001,2.9028,2.2462
2022,2,21,17,30,15.9,48,336,95,7,12.4,32,1,57,32,79.62,81.96000000000001,0.15,1018,2.9000000000000004,170,0.8,0.0000,0.0000
2022,2,21,18,30,14.4,0,0,0,7,11.8,0,0,0,0,84.54,94.14,0.15,1018,3,171,0.9,0.0000,0.0000
2022,2,21,19,30,13.600000000000001,0,0,0,7,11.9,0,0,0,0,89.63,106.5,0.15,1018,3,187,0.9,0.0000,0.0000
2022,2,21,20,30,13.3,0,0,0,8,12.100000000000001,0,0,0,0,92.29,118.91,0.15,1019,3.1,200,0.8,0.0000,0.0000
2022,2,21,21,30,12.8,0,0,0,8,12.200000000000001,0,0,0,0,96.36,131.04,0.15,1018,3.1,192,0.8,0.0000,0.0000
2022,2,21,22,30,12,0,0,0,8,12,0,0,0,0,100,142.36,0.15,1018,3.2,185,0.8,0.0000,0.0000
2022,2,21,23,30,11.600000000000001,0,0,0,7,11.600000000000001,0,0,0,0,100,151.64000000000001,0.15,1018,3.2,190,0.9,0.0000,0.0000
2022,2,22,0,30,11.600000000000001,0,0,0,7,11.600000000000001,0,0,0,0,100,156.18,0.15,1018,3.3000000000000003,196,0.8,0.0000,0.0000
2022,2,22,1,30,11.9,0,0,0,8,11.9,0,0,0,0,99.97,153.38,0.15,1018,3.4000000000000004,207,0.7000000000000001,0.0000,0.0000
2022,2,22,2,30,12,0,0,0,5,12,0,0,0,0,100,144.99,0.15,1018,3.4000000000000004,189,0.7000000000000001,0.0000,0.0000
2022,2,22,3,30,11.4,0,0,0,4,11.4,0,0,0,0,100,134.03,0.15,1017,3.4000000000000004,166,0.8,0.0000,0.0000
2022,2,22,4,30,10.9,0,0,0,4,10.9,0,0,0,0,100,122.02,0.15,1017,3.3000000000000003,169,0.9,0.0000,0.0000
2022,2,22,5,30,10.8,0,0,0,4,10.8,0,0,0,0,100,109.64,0.15,1017,3.2,170,1,0.0000,0.0000
2022,2,22,6,30,11.600000000000001,0,0,0,0,11.200000000000001,0,0,0,0,97.12,97.22,0.15,1018,3.2,169,1,0.0000,0.0000
2022,2,22,7,30,13.5,34,249,56,0,12.4,28,160,32,42,92.81,84.86,0.15,1018,3.1,163,1.2000000000000002,0.0000,0.0000
2022,2,22,8,30,15.5,70,594,241,0,14.100000000000001,69,551,0,227,91.4,73.3,0.15,1018,3.1,161,1.5,11.2728,8.6884
2022,2,22,9,30,17.400000000000002,91,738,431,3,15.3,179,64,0,208,87.41,62.58,0.15,1018,3.1,169,1.8,11.2842,8.7993
2022,2,22,10,30,19.6,105,808,587,3,15.9,320,151,7,410,79,53.42,0.15,1018,3.1,181,2.2,23.3659,18.3033
2022,2,22,11,30,21.5,110,851,692,0,15.700000000000001,194,574,0,587,69.61,46.82,0.15,1018,3.1,190,2.4000000000000004,34.2819,26.9056
2022,2,22,12,30,22.6,111,868,735,3,15.600000000000001,300,48,18,335,64.48,44,0.15,1017,3.2,196,2.4000000000000004,19.7300,15.4943
2022,2,22,13,30,23.1,107,865,711,3,15.5,257,32,0,279,62.480000000000004,45.67,0.15,1016,3.2,200,2.4000000000000004,16.3523,12.8372
2022,2,22,14,30,23.200000000000003,100,840,624,0,15.600000000000001,123,779,0,609,62.26,51.39,0.15,1015,3.1,202,2.3000000000000003,34.9972,27.4330
2022,2,22,15,30,22.6,90,779,480,0,15.700000000000001,94,726,0,457,65.16,59.980000000000004,0.15,1015,3,200,1.9000000000000001,25.1979,19.6806
2022,2,22,16,30,20.700000000000003,74,658,295,0,16.3,74,658,0,295,75.74,70.37,0.15,1015,2.9000000000000004,194,1.3,15.0520,11.6507
2022,2,22,17,30,18.400000000000002,45,389,101,0,16.5,47,381,0,101,88.74,81.78,0.15,1015,2.7,189,0.9,0.0000,0.0000
2022,2,22,18,30,17.1,0,0,0,0,15.600000000000001,0,0,0,0,91.15,93.96000000000001,0.15,1016,2.6,182,1,0.0000,0.0000
2022,2,22,19,30,16.7,0,0,0,0,15.3,0,0,0,0,91.58,106.33,0.14,1016,2.6,174,1.2000000000000002,0.0000,0.0000
2022,2,22,20,30,16.2,0,0,0,0,15.200000000000001,0,0,0,0,93.57000000000001,118.73,0.14,1016,2.6,170,1.3,0.0000,0.0000
2022,2,22,21,30,15.4,0,0,0,0,15,0,0,0,0,97.5,130.85,0.14,1016,2.6,174,1.3,0.0000,0.0000
2022,2,22,22,30,14.600000000000001,0,0,0,0,14.600000000000001,0,0,0,0,100,142.13,0.14,1016,2.6,181,1.3,0.0000,0.0000
2022,2,22,23,30,14.100000000000001,0,0,0,0,14.100000000000001,0,0,0,0,100,151.34,0.14,1016,2.6,187,1.3,0.0000,0.0000
2022,2,23,0,30,13.700000000000001,0,0,0,0,13.700000000000001,0,0,0,0,100,155.81,0.14,1015,2.6,193,1.2000000000000002,0.0000,0.0000
2022,2,23,1,30,13.3,0,0,0,0,13.3,0,0,0,0,100,153.04,0.14,1015,2.6,195,1.1,0.0000,0.0000
2022,2,23,2,30,13.100000000000001,0,0,0,0,13.100000000000001,0,0,0,0,100,144.70000000000002,0.14,1014,2.4000000000000004,191,1.2000000000000002,0.0000,0.0000
2022,2,23,3,30,13,0,0,0,0,13,0,0,0,0,100,133.77,0.14,1013,2.3000000000000003,188,1.4000000000000001,0.0000,0.0000
2022,2,23,4,30,12.9,0,0,0,0,12.9,0,0,0,0,100,121.79,0.14,1014,2.3000000000000003,197,1.3,0.0000,0.0000
2022,2,23,5,30,12.5,0,0,0,7,12.5,0,0,0,0,100,109.41,0.14,1015,2.3000000000000003,208,1.2000000000000002,0.0000,0.0000
2022,2,23,6,30,13.100000000000001,0,0,0,8,13.100000000000001,0,0,0,0,100,96.99000000000001,0.14,1015,2.4000000000000004,211,1.2000000000000002,0.0000,0.0000
2022,2,23,7,30,15,34,274,60,7,13.8,38,23,86,40,92.27,84.63,0.14,1016,2.5,210,1.6,0.0000,0.0000
2022,2,23,8,30,17.7,70,614,249,8,14.5,102,39,0,113,81.7,73.04,0.14,1016,2.6,216,2.1,5.6252,4.3373
2022,2,23,9,30,20.200000000000003,87,756,439,7,14.9,154,71,0,187,71.45,62.29,0.14,1016,2.9000000000000004,231,2.6,10.1643,7.9276
2022,2,23,10,30,22,98,824,593,7,14.9,209,125,0,284,64.16,53.09,0.14,1015,3.3000000000000003,243,2.9000000000000004,16.2080,12.6977
2022,2,23,11,30,23.1,103,858,694,8,15.8,293,127,14,380,63.5,46.47,0.14,1015,3.6,251,2.9000000000000004,22.2172,17.4382
2022,2,23,12,30,23.900000000000002,107,866,734,8,16.900000000000002,318,183,14,450,65.08,43.63,0.14,1014,3.8000000000000003,255,2.7,26.5303,20.8361
2022,2,23,13,30,24.3,105,858,708,7,17.7,232,20,0,246,66.78,45.33,0.14,1013,3.9000000000000004,255,2.4000000000000004,14.4328,11.3312
2022,2,23,14,30,24.400000000000002,96,838,622,7,18.1,280,198,0,404,68.12,51.09,0.14,1012,3.8000000000000003,255,2.2,23.2436,18.2215
2022,2,23,15,30,23.900000000000002,84,788,481,4,18.3,132,28,0,146,70.86,59.730000000000004,0.14,1012,3.5,257,1.8,8.0618,6.2975
2022,2,23,16,30,22.400000000000002,68,680,299,3,18.6,113,311,0,219,78.89,70.15,0.14,1012,3.2,265,1.1,11.1964,8.6687
2022,2,23,17,30,20.400000000000002,42,433,105,0,19,42,433,0,105,91.51,81.59,0.14,1013,2.9000000000000004,278,0.8,0.0000,0.0000
2022,2,23,18,30,19.200000000000003,0,0,0,0,17.400000000000002,0,0,0,0,89.23,93.78,0.14,1013,2.7,291,0.8,0.0000,0.0000
2022,2,23,19,30,18.8,0,0,0,0,17.1,0,0,0,0,89.8,106.16,0.14,1014,2.7,299,0.6000000000000001,0.0000,0.0000
2022,2,23,20,30,18.5,0,0,0,0,16.900000000000002,0,0,0,0,90.4,118.56,0.14,1014,2.7,291,0.4,0.0000,0.0000
2022,2,23,21,30,17.900000000000002,0,0,0,0,16.8,0,0,0,0,93,130.66,0.14,1014,2.8000000000000003,289,0.2,0.0000,0.0000
2022,2,23,22,30,17.2,0,0,0,3,16.7,0,0,0,0,96.94,141.9,0.14,1015,2.9000000000000004,308,0.2,0.0000,0.0000
2022,2,23,23,30,16.7,0,0,0,3,16.7,0,0,0,0,99.78,151.04,0.14,1015,3,337,0.2,0.0000,0.0000
2022,2,24,0,30,16.2,0,0,0,0,16.2,0,0,0,0,100,155.45000000000002,0.14,1015,3.1,182,0.30000000000000004,0.0000,0.0000
2022,2,24,1,30,15.600000000000001,0,0,0,7,15.600000000000001,0,0,0,0,100,152.69,0.14,1015,3.2,13,0.4,0.0000,0.0000
2022,2,24,2,30,14.8,0,0,0,7,14.8,0,0,0,0,100,144.4,0.14,1015,3.2,19,0.5,0.0000,0.0000
2022,2,24,3,30,14.3,0,0,0,0,14.3,0,0,0,0,100,133.52,0.14,1015,3.2,35,0.4,0.0000,0.0000
2022,2,24,4,30,14.200000000000001,0,0,0,0,14.200000000000001,0,0,0,0,100,121.55,0.14,1015,3.2,73,0.30000000000000004,0.0000,0.0000
2022,2,24,5,30,14,0,0,0,0,14,0,0,0,0,100,109.18,0.14,1015,3.2,116,0.4,0.0000,0.0000
2022,2,24,6,30,14.600000000000001,0,0,0,0,14.4,0,0,0,0,99.01,96.75,0.14,1014,3.2,150,0.7000000000000001,0.0000,0.0000
2022,2,24,7,30,16.5,35,277,62,0,15,35,277,0,62,91.07000000000001,84.39,0.14,1015,3,177,1.1,0.0000,0.0000
2022,2,24,8,30,19.1,73,597,250,0,16.1,98,428,0,225,82.78,72.77,0.14,1015,2.8000000000000003,200,1.4000000000000001,11.2287,8.6617
2022,2,24,9,30,21.900000000000002,96,734,441,8,17.2,190,359,0,359,74.61,61.99,0.14,1015,2.7,222,1.7000000000000002,19.5513,15.2519
2022,2,24,10,30,23.900000000000002,110,806,598,0,17.7,175,623,0,552,68.26,52.77,0.14,1015,2.8000000000000003,233,2.1,31.5452,24.7160
2022,2,24,11,30,25.1,120,841,703,0,17.900000000000002,120,841,0,703,64.51,46.11,0.14,1015,2.7,233,2.2,41.1478,32.2994
2022,2,24,12,30,25.6,124,852,744,0,18,131,822,0,730,62.78,43.26,0.14,1014,2.7,229,2.2,43.0815,33.8374
2022,2,24,13,30,25.8,122,845,720,0,17.8,142,798,0,706,61.47,44.980000000000004,0.14,1014,2.7,225,2.2,41.4638,32.5555
2022,2,24,14,30,25.5,115,814,630,0,17.6,115,814,0,630,61.72,50.78,0.14,1013,2.7,223,2.1,36.2894,28.4512
2022,2,24,15,30,24.700000000000003,101,755,485,0,17.5,160,389,0,358,64.47,59.47,0.14,1013,2.7,220,1.8,19.7976,15.4671
2022,2,24,16,30,22.700000000000003,81,638,300,0,18,81,638,0,300,74.85000000000001,69.93,0.14,1013,2.7,215,1.2000000000000002,15.3678,11.9017
2022,2,24,17,30,20.1,49,371,104,0,18.900000000000002,49,371,0,104,92.89,81.4,0.14,1013,2.8000000000000003,206,0.8,0.0000,0.0000
2022,2,24,18,30,18.3,0,0,0,3,17.3,0,0,0,0,93.92,93.61,0.14,1014,2.8000000000000003,202,0.8,0.0000,0.0000
2022,2,24,19,30,17.6,0,0,0,3,17.2,0,0,0,0,97.73,105.99000000000001,0.15,1015,2.9000000000000004,203,0.7000000000000001,0.0000,0.0000
2022,2,24,20,30,17.1,0,0,0,3,17.1,0,0,0,0,100,118.38,0.15,1015,2.9000000000000004,199,0.7000000000000001,0.0000,0.0000
2022,2,24,21,30,16.6,0,0,0,0,16.6,0,0,0,0,100,130.46,0.15,1015,3,195,0.7000000000000001,0.0000,0.0000
2022,2,24,22,30,16.2,0,0,0,0,16.2,0,0,0,0,100,141.66,0.15,1015,3,193,0.7000000000000001,0.0000,0.0000
2022,2,24,23,30,16,0,0,0,0,16,0,0,0,0,100,150.73,0.15,1015,2.9000000000000004,194,0.8,0.0000,0.0000
2022,2,25,0,30,15.9,0,0,0,0,15.9,0,0,0,0,100,155.08,0.15,1015,2.8000000000000003,197,0.9,0.0000,0.0000
2022,2,25,1,30,15.9,0,0,0,0,15.9,0,0,0,0,100,152.33,0.15,1014,2.8000000000000003,202,1,0.0000,0.0000
2022,2,25,2,30,15.9,0,0,0,0,15.9,0,0,0,0,100,144.1,0.15,1014,2.7,206,1.2000000000000002,0.0000,0.0000
2022,2,25,3,30,15.9,0,0,0,0,15.9,0,0,0,0,100,133.26,0.15,1013,2.6,208,1.5,0.0000,0.0000
2022,2,25,4,30,15.5,0,0,0,0,15.5,0,0,0,0,100,121.31,0.15,1013,2.5,211,1.6,0.0000,0.0000
2022,2,25,5,30,15,0,0,0,0,15,0,0,0,0,100,108.95,0.15,1013,2.3000000000000003,214,1.7000000000000002,0.0000,0.0000
2022,2,25,6,30,15.3,0,0,0,0,15.3,0,0,0,0,100,96.52,0.15,1014,2.1,216,1.9000000000000001,0.0000,0.0000
2022,2,25,7,30,16.8,36,315,68,0,15.4,36,315,0,68,91.28,84.15,0.15,1014,2.1,215,2.1,0.0000,0.0000
2022,2,25,8,30,19.3,67,654,264,0,16.1,67,654,0,264,81.74,72.51,0.15,1015,2.2,222,2.5,13.2070,10.1918
2022,2,25,9,30,21.8,82,795,459,0,17,82,795,0,459,74.38,61.7,0.15,1015,2.3000000000000003,234,2.9000000000000004,25.0438,19.5402
2022,2,25,10,30,23.700000000000003,92,858,615,0,17.400000000000002,92,858,0,615,67.81,52.43,0.15,1014,2.6,242,3.1,35.1950,27.5788
2022,2,25,11,30,25,98,883,714,0,17.7,98,883,0,714,64.08,45.74,0.15,1014,3.1,248,3.2,41.8389,32.8446
2022,2,25,12,30,25.6,100,884,748,3,18.1,293,226,7,459,63.36,42.89,0.15,1013,3.6,251,3.1,27.1152,21.2985
2022,2,25,13,30,25.6,101,870,720,3,18.5,307,216,0,461,64.83,44.63,0.15,1013,3.8000000000000003,254,3,27.1023,21.2811
2022,2,25,14,30,25.3,97,843,633,3,18.6,305,178,4,418,66.58,50.480000000000004,0.15,1012,3.7,257,2.8000000000000003,24.1050,18.9002
2022,2,25,15,30,24.6,87,790,491,8,18.5,164,45,0,187,68.7,59.22,0.15,1013,3.3000000000000003,263,2.6,10.3559,8.0918
2022,2,25,16,30,23,71,685,309,3,17.900000000000002,125,242,7,209,73.19,69.71000000000001,0.15,1013,2.9000000000000004,269,2.1,10.7272,8.3101
2022,2,25,17,30,20.400000000000002,45,448,113,4,17.2,47,8,57,48,81.73,81.21000000000001,0.15,1014,2.4000000000000004,275,1.5,0.0000,0.0000
2022,2,25,18,30,18.1,0,0,0,0,15.8,0,0,14,0,86.24,93.43,0.15,1015,2,279,1.3,0.0000,0.0000
2022,2,25,19,30,16.400000000000002,0,0,0,0,14.4,0,0,0,0,88.08,105.82000000000001,0.15,1016,1.6,283,1.3,0.0000,0.0000
2022,2,25,20,30,14.8,0,0,0,0,13.4,0,0,0,0,91.08,118.21000000000001,0.15,1016,1.4000000000000001,290,1.1,0.0000,0.0000
2022,2,25,21,30,13.4,0,0,0,0,12.700000000000001,0,0,0,0,95.3,130.27,0.15,1016,1.3,300,1.1,0.0000,0.0000
2022,2,25,22,30,12.3,0,0,0,0,12,0,0,0,0,98.37,141.42000000000002,0.15,1016,1.3,309,1,0.0000,0.0000
2022,2,25,23,30,11.200000000000001,0,0,0,0,11.200000000000001,0,0,0,0,100,150.43,0.15,1016,1.3,320,1,0.0000,0.0000
2022,2,26,0,30,10.5,0,0,0,0,10.200000000000001,0,0,0,0,98.27,154.71,0.15,1017,1.4000000000000001,337,1,0.0000,0.0000
2022,2,26,1,30,10,0,0,0,0,9.200000000000001,0,0,0,0,94.74,151.98,0.15,1017,1.6,179,1.1,0.0000,0.0000
2022,2,26,2,30,9.5,0,0,0,0,8.3,0,0,0,0,92.31,143.8,0.15,1018,1.8,17,1.2000000000000002,0.0000,0.0000
2022,2,26,3,30,9.1,0,0,0,3,7.2,0,0,0,0,88.10000000000001,132.99,0.15,1018,1.9000000000000001,30,1.5,0.0000,0.0000
2022,2,26,4,30,8.8,0,0,0,3,5.7,0,0,0,0,80.67,121.07000000000001,0.15,1019,2,36,1.8,0.0000,0.0000
2022,2,26,5,30,8.5,0,0,0,3,4.800000000000001,0,0,0,0,77.78,108.71000000000001,0.15,1019,2.1,37,1.8,0.0000,0.0000
2022,2,26,6,30,8.700000000000001,0,0,0,0,4.3,0,0,0,0,73.96000000000001,96.28,0.15,1020,2.1,37,2.2,0.0000,0.0000
2022,2,26,7,30,9.5,37,350,74,0,3.8000000000000003,37,328,7,72,67.73,83.9,0.15,1021,2.1,40,2.7,0.0000,0.0000
2022,2,26,8,30,10.9,69,662,271,0,3.1,118,367,0,230,58.77,72.24,0.15,1021,2.1,46,2.9000000000000004,11.5351,8.9053
2022,2,26,9,30,12.700000000000001,85,797,467,7,3.1,186,430,0,392,51.96,61.4,0.15,1021,2.1,51,2.7,21.4287,16.7227
2022,2,26,10,30,14.3,98,863,628,0,3.5,157,712,0,594,48.32,52.1,0.15,1021,2.1,52,2.3000000000000003,34.0389,26.6758
2022,2,26,11,30,15.5,105,892,732,0,4.3,105,892,0,732,47.21,45.38,0.15,1021,2.1,49,2,42.9400,33.7117
2022,2,26,12,30,16.400000000000002,110,901,774,0,5,110,901,0,774,46.910000000000004,42.52,0.15,1020,2.1,44,1.7000000000000002,45.7684,35.9528
2022,2,26,13,30,16.900000000000002,110,891,748,0,5.6000000000000005,110,891,0,748,47.230000000000004,44.28,0.15,1019,2.1,42,1.5,44.0191,34.5669
2022,2,26,14,30,16.900000000000002,105,859,655,0,5.9,149,744,4,625,48.4,50.18,0.15,1019,2.1,45,1.4000000000000001,36.0825,28.2940
2022,2,26,15,30,16.5,95,797,506,0,6.1000000000000005,101,776,0,501,50.36,58.96,0.15,1018,2.2,51,1.4000000000000001,27.7856,21.7137
2022,2,26,16,30,15.100000000000001,78,681,316,0,6.5,100,513,0,280,56.5,69.5,0.15,1018,2.2,54,1.2000000000000002,14.3981,11.1566
2022,2,26,17,30,12.700000000000001,49,426,115,3,8.1,28,19,50,31,73.68,81.02,0.15,1018,2.2,57,1.1,0.0000,0.0000
2022,2,26,18,30,11.100000000000001,0,0,0,4,7.2,0,0,14,0,77.01,93.26,0.15,1019,2.2,57,1.2000000000000002,0.0000,0.0000
2022,2,26,19,30,10.700000000000001,0,0,0,4,6.6000000000000005,0,0,0,0,75.97,105.65,0.15,1019,2.2,52,1.3,0.0000,0.0000
2022,2,26,20,30,10.3,0,0,0,3,6.300000000000001,0,0,0,0,76.41,118.03,0.15,1020,2.1,52,1.4000000000000001,0.0000,0.0000
2022,2,26,21,30,9.600000000000001,0,0,0,0,6.300000000000001,0,0,0,0,79.95,130.07,0.15,1019,2.1,64,1.3,0.0000,0.0000
2022,2,26,22,30,8.6,0,0,0,0,6.2,0,0,0,0,85.15,141.18,0.15,1018,2.1,81,1.2000000000000002,0.0000,0.0000
2022,2,26,23,30,7.800000000000001,0,0,0,3,6,0,0,0,0,88.49,150.12,0.15,1017,2.2,96,1.1,0.0000,0.0000
2022,2,27,0,30,7.4,0,0,0,0,5.800000000000001,0,0,0,0,89.75,154.34,0.15,1017,2.2,106,1,0.0000,0.0000
2022,2,27,1,30,6.9,0,0,0,0,5.7,0,0,0,0,91.85000000000001,151.62,0.15,1016,2.2,108,0.9,0.0000,0.0000
2022,2,27,2,30,6.7,0,0,0,3,5.6000000000000005,0,0,0,0,92.72,143.49,0.15,1016,2.3000000000000003,100,0.8,0.0000,0.0000
2022,2,27,3,30,7,0,0,0,8,5.7,0,0,0,0,91.68,132.72,0.15,1016,2.4000000000000004,85,0.8,0.0000,0.0000
2022,2,27,4,30,7.300000000000001,0,0,0,7,5.9,0,0,0,0,91.05,120.82000000000001,0.15,1016,2.4000000000000004,70,0.9,0.0000,0.0000
2022,2,27,5,30,7.4,0,0,0,8,6.1000000000000005,0,0,0,0,91.46000000000001,108.47,0.15,1016,2.5,58,1,0.0000,0.0000
2022,2,27,6,30,7.7,0,0,0,7,6.300000000000001,0,0,0,0,90.77,96.04,0.15,1016,2.5,53,1.2000000000000002,0.0000,0.0000
2022,2,27,7,30,8.3,45,211,68,7,6.5,15,0,93,15,88.22,83.65,0.15,1017,2.6,60,1.4000000000000001,0.0000,0.0000
2022,2,27,8,30,9.3,101,490,253,8,6.4,50,11,4,53,82.25,71.96000000000001,0.15,1016,2.7,72,1.5,2.6650,2.0583
2022,2,27,9,30,10.200000000000001,141,614,438,4,6.5,36,0,29,36,77.69,61.1,0.15,1016,2.9000000000000004,83,1.5,1.9716,1.5389
2022,2,27,10,30,10.8,175,668,588,7,6.6000000000000005,28,0,100,28,75.14,51.76,0.15,1015,3,93,1.3,1.6067,1.2593
2022,2,27,11,30,11.100000000000001,198,691,687,7,6.800000000000001,21,0,89,21,74.71000000000001,45.01,0.15,1015,3.1,101,1,1.2332,0.9683
2022,2,27,12,30,11.3,220,674,720,7,7.2,20,0,100,20,75.64,42.14,0.15,1014,3.2,108,0.7000000000000001,1.1838,0.9300
2022,2,27,13,30,11.200000000000001,237,628,689,7,7.6000000000000005,34,0,0,34,78.39,43.93,0.15,1013,3.2,88,0.30000000000000004,2.0028,1.5729
2022,2,27,14,30,11.100000000000001,221,589,601,7,8,29,0,0,29,80.96000000000001,49.88,0.15,1012,3.1,36,0.30000000000000004,1.6761,1.3144
2022,2,27,15,30,10.8,197,506,460,7,8.3,41,0,0,41,84.5,58.71,0.15,1012,3,8,0.8,2.2770,1.7797
2022,2,27,16,30,10.200000000000001,153,358,280,7,8.5,21,0,0,21,89.04,69.28,0.15,1012,2.8000000000000003,11,1.3,1.0820,0.8386
2022,2,27,17,30,9.4,72,146,95,8,8.5,13,0,43,13,93.97,80.83,0.15,1012,2.6,16,1.3,0.0000,0.0000
2022,2,27,18,30,8.700000000000001,0,0,0,4,8.3,0,0,14,0,97.62,93.08,0.15,1013,2.4000000000000004,21,1.2000000000000002,0.0000,0.0000
2022,2,27,19,30,8,0,0,0,0,7.9,0,0,0,0,99.53,105.48,0.15,1013,2.3000000000000003,29,0.9,0.0000,0.0000
2022,2,27,20,30,7.5,0,0,0,0,7.5,0,0,0,0,99.8,117.86,0.15,1013,2.1,34,0.8,0.0000,0.0000
2022,2,27,21,30,7.4,0,0,0,0,7.2,0,0,0,0,98.42,129.87,0.15,1013,2,28,0.7000000000000001,0.0000,0.0000
2022,2,27,22,30,7.300000000000001,0,0,0,0,7.1000000000000005,0,0,0,0,98.67,140.94,0.15,1013,1.8,188,0.7000000000000001,0.0000,0.0000
2022,2,27,23,30,7.1000000000000005,0,0,0,0,7,0,0,0,0,99.25,149.81,0.15,1013,1.7000000000000002,352,0.7000000000000001,0.0000,0.0000
2022,2,28,0,30,6.800000000000001,0,0,0,0,6.7,0,0,0,0,99.52,153.96,0.15,1013,1.5,350,0.7000000000000001,0.0000,0.0000
2022,2,28,1,30,6.800000000000001,0,0,0,0,6.6000000000000005,0,0,0,0,98.67,151.25,0.15,1013,1.4000000000000001,354,0.9,0.0000,0.0000
2022,2,28,2,30,6.5,0,0,0,0,6.5,0,0,0,0,100,143.18,0.15,1013,1.3,182,1.2000000000000002,0.0000,0.0000
2022,2,28,3,30,5.9,0,0,0,0,5.9,0,0,0,0,99.68,132.45,0.15,1013,1.1,10,1.4000000000000001,0.0000,0.0000
2022,2,28,4,30,5,0,0,0,0,5,0,0,0,0,100,120.57000000000001,0.15,1014,1,16,1.5,0.0000,0.0000
2022,2,28,5,30,3.9000000000000004,0,0,0,0,3.9000000000000004,0,0,0,0,100,108.23,0.15,1014,0.9,22,1.5,0.0000,0.0000
2022,2,28,6,30,4,0,0,0,0,3,0,0,0,0,93.37,95.79,0.15,1015,0.8,27,1.7000000000000002,0.0000,0.0000
2022,2,28,7,30,5.6000000000000005,36,443,87,0,3,38,388,14,83,83.09,83.4,0.15,1016,0.8,31,1.9000000000000001,0.0000,0.0000
2022,2,28,8,30,8.3,62,759,300,4,3.1,171,34,0,182,69.97,71.69,0.15,1016,0.7000000000000001,39,2.4000000000000004,9.1746,7.0886
2022,2,28,9,30,11.100000000000001,75,885,507,0,0.4,177,546,0,443,47.67,60.79,0.15,1016,0.7000000000000001,48,2.8000000000000003,24.3080,18.9768
2022,2,28,10,30,13,83,948,674,0,-0.7000000000000001,83,948,0,674,38.74,51.42,0.15,1016,0.7000000000000001,51,2.7,38.7280,30.3572
2022,2,28,11,30,14.600000000000001,87,975,781,0,-0.5,87,975,0,781,35.49,44.64,0.15,1016,0.8,52,2.4000000000000004,45.9139,36.0521
2022,2,28,12,30,15.700000000000001,90,984,824,0,0.2,90,984,0,824,34.730000000000004,41.76,0.15,1015,0.8,51,2.1,48.8206,38.3556
2022,2,28,13,30,16.3,90,976,797,0,0.9,90,976,0,797,35.230000000000004,43.58,0.15,1014,0.8,45,1.9000000000000001,46.9945,36.9085
2022,2,28,14,30,16.400000000000002,85,947,699,0,1.4000000000000001,85,947,0,699,36.39,49.58,0.15,1013,0.8,38,1.7000000000000002,40.4432,31.7188
2022,2,28,15,30,15.9,78,893,545,0,2,78,893,0,545,39.09,58.46,0.15,1013,0.9,34,1.5,30.3093,23.6920
2022,2,28,16,30,14.3,65,788,346,0,3.2,65,788,0,346,47.13,69.07000000000001,0.15,1013,0.9,42,1.2000000000000002,17.8591,13.8455
2022,2,28,17,30,11.600000000000001,43,548,132,0,5.5,43,548,0,132,66.35,80.64,0.15,1013,0.9,58,1.1,0.0000,0.0000
2022,2,28,18,30,9.5,0,0,0,0,3,0,0,0,0,63.95,92.91,0.15,1014,0.9,74,1.3,0.0000,0.0000
2022,2,28,19,30,8.200000000000001,0,0,0,0,2.8000000000000003,0,0,0,0,68.97,105.32000000000001,0.15,1014,0.9,86,1.3,0.0000,0.0000
2022,2,28,20,30,7.2,0,0,0,0,2.8000000000000003,0,0,0,0,73.41,117.68,0.15,1014,0.9,92,1.2000000000000002,0.0000,0.0000
2022,2,28,21,30,6.4,0,0,0,0,2.7,0,0,0,0,77.05,129.68,0.15,1014,0.8,96,1.1,0.0000,0.0000
2022,2,28,22,30,5.800000000000001,0,0,0,0,2.6,0,0,0,0,79.98,140.70000000000002,0.15,1014,0.8,97,1.1,0.0000,0.0000
2022,2,28,23,30,5,0,0,0,0,2.8000000000000003,0,0,0,0,85.64,149.49,0.15,1014,0.8,98,1.1,0.0000,0.0000
2022,3,1,0,30,4.4,0,0,0,0,3.1,0,0,0,0,91.27,153.59,0.15,1014,0.8,97,1,0.0000,0.0000
2022,3,1,1,30,3.9000000000000004,0,0,0,0,3.5,0,0,0,0,96.99000000000001,150.89000000000001,0.15,1014,0.8,90,1,0.0000,0.0000
2022,3,1,2,30,3.5,0,0,0,0,3.5,0,0,0,0,100,142.86,0.15,1014,0.7000000000000001,79,1.1,0.0000,0.0000
2022,3,1,3,30,3.1,0,0,0,0,3.1,0,0,0,0,100,132.17000000000002,0.15,1014,0.7000000000000001,66,1,0.0000,0.0000
2022,3,1,4,30,2.8000000000000003,0,0,0,0,2.8000000000000003,0,0,0,0,100,120.31,0.15,1015,0.7000000000000001,58,1,0.0000,0.0000
2022,3,1,5,30,2.8000000000000003,0,0,0,0,2.8000000000000003,0,0,0,0,100,107.98,0.15,1015,0.8,59,0.9,0.0000,0.0000
2022,3,1,6,30,3.7,0,0,0,4,3.6,0,0,0,0,99.13,95.54,0.15,1015,0.8,61,1,0.0000,0.0000
2022,3,1,7,30,5.4,39,417,89,7,3.7,37,2,71,37,88.51,83.14,0.15,1015,0.8,54,1,0.0000,0.0000
2022,3,1,8,30,7.2,67,731,300,7,3.8000000000000003,156,62,0,176,79.17,71.41,0.15,1015,0.8,26,0.7000000000000001,8.8951,6.8754
2022,3,1,9,30,10.700000000000001,80,869,508,8,4.5,235,308,0,387,65.36,60.49,0.15,1015,0.8,8,0.7000000000000001,21.2738,16.6109
2022,3,1,10,30,14.8,84,943,676,0,3.9000000000000004,84,943,0,676,47.980000000000004,51.08,0.15,1015,0.8,12,0.8,38.8943,30.4907
2022,3,1,11,30,17.400000000000002,85,979,786,0,3.7,85,979,0,786,40.07,44.27,0.15,1014,0.8,11,0.7000000000000001,46.2567,36.3241
2022,3,1,12,30,18.6,87,989,829,0,4.1000000000000005,87,989,0,829,38.39,41.38,0.15,1013,0.8,179,0.6000000000000001,49.1638,38.6278
2022,3,1,13,30,19.200000000000003,86,977,798,0,4.800000000000001,86,977,0,798,38.660000000000004,43.230000000000004,0.15,1012,0.9,333,0.4,47.0984,36.9926
2022,3,1,14,30,19.3,82,952,703,0,5.300000000000001,82,952,0,703,39.78,49.28,0.15,1011,0.9,283,0.30000000000000004,40.7183,31.9372
2022,3,1,15,30,19.1,75,896,547,0,5.7,75,896,0,547,41.36,58.21,0.15,1011,1,245,0.4,30.4618,23.8141
2022,3,1,16,30,17.8,62,796,349,0,6.800000000000001,62,796,0,349,48.370000000000005,68.86,0.15,1011,1,236,0.6000000000000001,18.0468,13.9944
2022,3,1,17,30,15.200000000000001,41,559,134,0,8.4,41,559,0,134,63.84,80.46000000000001,0.15,1011,1.1,232,1,0.0000,0.0000
2022,3,1,18,30,13,0,0,0,0,5.300000000000001,0,0,0,0,59.480000000000004,92.74,0.15,1012,1.1,228,1.2000000000000002,0.0000,0.0000
2022,3,1,19,30,11.3,0,0,0,0,5.2,0,0,0,0,66.06,105.15,0.15,1012,1.1,228,1.3,0.0000,0.0000
2022,3,1,20,30,10.200000000000001,0,0,0,0,5.2,0,0,0,0,71.01,117.51,0.15,1012,1.1,233,1.2000000000000002,0.0000,0.0000
2022,3,1,21,30,9.4,0,0,0,0,5.1000000000000005,0,0,0,0,74.46000000000001,129.48,0.15,1012,1,241,1.1,0.0000,0.0000
2022,3,1,22,30,8.700000000000001,0,0,0,0,5,0,0,0,0,77.78,140.46,0.15,1012,1,248,1.2000000000000002,0.0000,0.0000
2022,3,1,23,30,8,0,0,0,0,5.1000000000000005,0,0,0,0,82.18,149.18,0.15,1012,1,256,1.2000000000000002,0.0000,0.0000
2022,3,2,0,30,7.4,0,0,0,0,5.300000000000001,0,0,0,0,86.73,153.21,0.15,1012,1,264,1.2000000000000002,0.0000,0.0000
2022,3,2,1,30,6.6000000000000005,0,0,0,0,5.6000000000000005,0,0,0,0,93.07000000000001,150.52,0.15,1012,1,273,1.2000000000000002,0.0000,0.0000
2022,3,2,2,30,5.9,0,0,0,0,5.800000000000001,0,0,0,0,99,142.54,0.15,1012,1,282,1.1,0.0000,0.0000
2022,3,2,3,30,5.300000000000001,0,0,0,0,5.300000000000001,0,0,0,0,100,131.89000000000001,0.15,1012,1,290,1.1,0.0000,0.0000
2022,3,2,4,30,4.9,0,0,0,0,4.9,0,0,0,0,100,120.05,0.15,1012,1,297,1,0.0000,0.0000
2022,3,2,5,30,4.7,0,0,0,0,4.7,0,0,0,0,100,107.73,0.15,1012,1,301,1.1,0.0000,0.0000
2022,3,2,6,30,6.2,0,0,0,0,4.9,0,0,0,0,91.60000000000001,95.29,0.15,1013,1,302,1.1,0.0000,0.0000
2022,3,2,7,30,9.600000000000001,38,439,92,0,5.6000000000000005,38,439,0,92,76.17,82.88,0.15,1013,1,299,1.2000000000000002,0.0000,0.0000
2022,3,2,8,30,13.200000000000001,66,730,302,0,5.9,66,730,0,302,61.46,71.13,0.15,1013,1,285,1.1,15.3027,11.8327
2022,3,2,9,30,17.1,79,859,506,0,7.800000000000001,79,859,0,506,54.120000000000005,60.18,0.15,1013,1.1,286,0.8,27.8668,21.7627
2022,3,2,10,30,20.400000000000002,83,932,673,0,7.2,83,932,0,673,42.54,50.74,0.15,1013,1.1,294,0.7000000000000001,38.7721,30.3981
2022,3,2,11,30,22,87,961,780,0,6.4,87,961,0,780,36.34,43.89,0.15,1013,1.2000000000000002,276,0.8,45.9527,36.0881
2022,3,2,12,30,22.700000000000003,87,974,822,0,6.800000000000001,87,974,0,822,35.88,40.99,0.15,1012,1.2000000000000002,256,1.1,48.7957,38.3411
2022,3,2,13,30,23,85,966,793,0,7.300000000000001,85,966,0,793,36.480000000000004,42.88,0.15,1011,1.3,250,1.5,46.8473,36.7978
2022,3,2,14,30,23,82,939,698,0,7.800000000000001,82,939,0,698,37.82,48.980000000000004,0.15,1010,1.3,250,1.7000000000000002,40.4715,31.7462
2022,3,2,15,30,22.200000000000003,77,876,542,0,8.3,77,876,0,542,40.82,57.96,0.15,1010,1.4000000000000001,252,1.6,30.2238,23.6309
2022,3,2,16,30,19.8,68,758,344,0,11.4,68,758,0,344,58.28,68.65,0.15,1010,1.4000000000000001,252,1.1,17.8205,13.8222
2022,3,2,17,30,16.400000000000002,47,498,131,0,12.9,47,498,0,131,79.99,80.28,0.15,1011,1.4000000000000001,248,0.9,0.0000,0.0000
2022,3,2,18,30,14.5,0,0,0,0,10.3,0,0,0,0,75.66,92.57000000000001,0.15,1011,1.5,247,1.1,0.0000,0.0000
2022,3,2,19,30,14,0,0,0,0,9.9,0,0,0,0,76.49,104.98,0.15,1011,1.5,251,1.2000000000000002,0.0000,0.0000
2022,3,2,20,30,13.700000000000001,0,0,0,0,9.9,0,0,0,0,77.58,117.33,0.15,1011,1.5,258,1.3,0.0000,0.0000
2022,3,2,21,30,13,0,0,0,0,10,0,0,0,0,81.9,129.28,0.15,1012,1.4000000000000001,268,1.3,0.0000,0.0000
2022,3,2,22,30,12,0,0,0,0,10.4,0,0,0,0,89.87,140.21,0.15,1012,1.4000000000000001,277,1.2000000000000002,0.0000,0.0000
2022,3,2,23,30,10.9,0,0,0,0,10.600000000000001,0,0,0,0,98.22,148.86,0.15,1011,1.3,283,1.1,0.0000,0.0000
2022,3,3,0,30,10,0,0,0,0,10,0,0,0,0,100,152.83,0.15,1011,1.3,286,1.1,0.0000,0.0000
2022,3,3,1,30,9.5,0,0,0,0,9.5,0,0,0,0,100,150.14000000000001,0.15,1011,1.2000000000000002,289,1.1,0.0000,0.0000
2022,3,3,2,30,9,0,0,0,0,9,0,0,0,0,100,142.21,0.15,1011,1.3,292,1.1,0.0000,0.0000
2022,3,3,3,30,8.8,0,0,0,0,8.8,0,0,0,0,100,131.6,0.15,1011,1.3,291,1.2000000000000002,0.0000,0.0000
2022,3,3,4,30,8.6,0,0,0,0,8.4,0,0,0,0,98.95,119.79,0.15,1012,1.3,284,1.2000000000000002,0.0000,0.0000
2022,3,3,5,30,8.3,0,0,0,0,7.9,0,0,0,0,97.45,107.48,0.15,1012,1.4000000000000001,274,1.2000000000000002,0.0000,0.0000
2022,3,3,6,30,9.4,0,0,0,0,7.6000000000000005,0,0,0,0,88.41,95.04,0.15,1012,1.4000000000000001,268,1.2000000000000002,0.0000,0.0000
2022,3,3,7,30,12.5,40,432,95,0,8.4,40,432,0,95,76.34,82.63,0.15,1013,1.4000000000000001,261,1.4000000000000001,0.0000,0.0000
2022,3,3,8,30,15.8,66,721,303,0,9.1,66,721,0,303,64.51,70.85000000000001,0.15,1013,1.4000000000000001,251,1.4000000000000001,15.3928,11.9070
2022,3,3,9,30,19.3,79,855,508,0,11,79,855,0,508,58.56,59.870000000000005,0.15,1013,1.3,248,1.3,28.0279,21.8924
2022,3,3,10,30,22.900000000000002,85,924,674,0,12.100000000000001,85,924,0,674,50.71,50.39,0.15,1013,1.3,262,1.6,38.8810,30.4865
2022,3,3,11,30,24.900000000000002,92,948,780,0,9.9,92,948,0,780,38.75,43.51,0.15,1012,1.3,269,1.8,46.0010,36.1287
2022,3,3,12,30,25.700000000000003,96,956,822,0,9.200000000000001,96,956,0,822,35.28,40.61,0.15,1012,1.2000000000000002,264,1.9000000000000001,48.8407,38.3790
2022,3,3,13,30,25.900000000000002,96,949,795,0,9.1,96,949,0,795,34.62,42.52,0.15,1011,1.2000000000000002,259,1.9000000000000001,47.0102,36.9282
2022,3,3,14,30,25.5,95,911,697,0,9.200000000000001,95,911,0,697,35.61,48.68,0.15,1011,1.2000000000000002,256,1.9000000000000001,40.4558,31.7364
2022,3,3,15,30,24.3,90,844,541,0,10.100000000000001,90,844,0,541,40.76,57.71,0.15,1011,1.3,253,1.7000000000000002,30.2080,23.6214
2022,3,3,16,30,21.700000000000003,77,724,343,0,13,77,724,0,343,57.69,68.44,0.15,1011,1.4000000000000001,252,1.3,17.8006,13.8100
2022,3,3,17,30,18.3,50,472,131,0,14.100000000000001,50,472,0,131,76.47,80.09,0.15,1011,1.4000000000000001,252,1.1,0.0000,0.0000
2022,3,3,18,30,16.400000000000002,3,12,2,0,11.600000000000001,3,12,0,2,73.09,92.4,0.15,1012,1.5,255,1.2000000000000002,0.0000,0.0000
2022,3,3,19,30,15.8,0,0,0,0,11.200000000000001,0,0,0,0,74.37,104.81,0.15,1012,1.6,259,1.3,0.0000,0.0000
2022,3,3,20,30,15.3,0,0,0,0,11.100000000000001,0,0,0,0,76.21000000000001,117.15,0.15,1013,1.7000000000000002,265,1.3,0.0000,0.0000
2022,3,3,21,30,14.600000000000001,0,0,0,0,11.200000000000001,0,0,0,0,80.02,129.07,0.15,1013,1.8,273,1.3,0.0000,0.0000
2022,3,3,22,30,13.700000000000001,0,0,0,0,11.5,0,0,0,0,86.66,139.96,0.15,1013,1.9000000000000001,289,1.2000000000000002,0.0000,0.0000
2022,3,3,23,30,13,0,0,0,0,11.9,0,0,0,0,93.15,148.54,0.15,1013,2,318,1.1,0.0000,0.0000
2022,3,4,0,30,13.100000000000001,0,0,0,0,12.200000000000001,0,0,0,0,94.47,152.45000000000002,0.15,1014,2,178,1.2000000000000002,0.0000,0.0000
2022,3,4,1,30,13.3,0,0,0,0,12.100000000000001,0,0,0,0,92.24,149.77,0.15,1015,2.1,32,1.5,0.0000,0.0000
2022,3,4,2,30,12.8,0,0,0,0,10.8,0,0,0,0,87.64,141.88,0.15,1016,2,52,1.8,0.0000,0.0000
2022,3,4,3,30,12,0,0,0,0,9.700000000000001,0,0,0,0,86.01,131.31,0.15,1017,2,64,2.3000000000000003,0.0000,0.0000
2022,3,4,4,30,10.600000000000001,0,0,0,0,8.4,0,0,0,0,86.18,119.52,0.15,1018,1.9000000000000001,69,2.8000000000000003,0.0000,0.0000
2022,3,4,5,30,9.1,0,0,0,0,5.6000000000000005,0,0,0,0,78.57000000000001,107.22,0.15,1019,1.8,68,2.9000000000000004,0.0000,0.0000
2022,3,4,6,30,8.4,0,0,0,0,3.1,0,0,0,0,69.3,94.78,0.15,1020,1.7000000000000002,65,2.8000000000000003,0.0000,0.0000
2022,3,4,7,30,9.1,44,386,95,0,1.9000000000000001,44,386,0,95,60.5,82.36,0.15,1022,1.7000000000000002,65,3.2,0.0000,0.0000
2022,3,4,8,30,10.8,74,680,300,0,0.5,74,680,0,300,48.910000000000004,70.56,0.15,1022,1.6,69,3.4000000000000004,15.2808,11.8248
2022,3,4,9,30,12.8,90,813,502,0,0.4,90,813,0,502,42.550000000000004,59.550000000000004,0.15,1023,1.6,71,3.3000000000000003,27.7482,21.6777
2022,3,4,10,30,14.600000000000001,99,882,665,0,1.4000000000000001,99,882,0,665,40.730000000000004,50.050000000000004,0.15,1022,1.5,73,3,38.4102,30.1204
2022,3,4,11,30,16.2,106,912,772,0,2.7,106,912,0,772,40.43,43.13,0.15,1022,1.5,75,2.6,45.5762,35.7977
2022,3,4,12,30,17.400000000000002,106,926,813,0,4,106,926,0,813,40.85,40.22,0.15,1021,1.6,78,2.3000000000000003,48.3510,37.9966
2022,3,4,13,30,18.2,103,921,786,0,5,103,921,0,786,41.65,42.17,0.15,1020,1.6,81,2,46.5204,36.5458
2022,3,4,14,30,18.400000000000002,101,889,691,0,5.7,101,889,0,691,43.19,48.38,0.15,1020,1.6,84,1.7000000000000002,40.1489,31.4981
2022,3,4,15,30,18.1,93,828,538,0,6.1000000000000005,93,828,0,538,45.480000000000004,57.46,0.15,1020,1.6,85,1.4000000000000001,30.0798,23.5239
2022,3,4,16,30,16.6,77,716,343,0,6.800000000000001,96,641,0,334,52.39,68.23,0.15,1020,1.6,84,1.1,17.3645,13.4747
2022,3,4,17,30,13.8,51,474,134,0,9.1,51,474,0,134,73.28,79.91,0.15,1020,1.6,84,1,6.3885,4.8689
2022,3,4,18,30,11.700000000000001,3,13,2,0,7,1,0,18,1,72.85000000000001,92.23,0.15,1020,1.5,86,1.1,0.0000,0.0000
2022,3,4,19,30,10.9,0,0,0,0,6.300000000000001,0,0,0,0,73.14,104.64,0.15,1021,1.5,89,1.3,0.0000,0.0000
2022,3,4,20,30,10.3,0,0,0,0,5.800000000000001,0,0,0,0,73.82000000000001,116.98,0.15,1021,1.5,93,1.3,0.0000,0.0000
2022,3,4,21,30,9.9,0,0,0,0,5.7,0,0,0,0,75.03,128.87,0.15,1021,1.4000000000000001,97,1.3,0.0000,0.0000
2022,3,4,22,30,9.8,0,0,0,0,6,0,0,0,0,77.46000000000001,139.71,0.15,1021,1.5,100,1.2000000000000002,0.0000,0.0000
2022,3,4,23,30,9.700000000000001,0,0,0,0,6.7,0,0,0,0,81.83,148.22,0.15,1021,1.5,103,1.1,0.0000,0.0000
2022,3,5,0,30,9.5,0,0,0,8,7.5,0,0,0,0,87.29,152.07,0.15,1021,1.6,103,1,0.0000,0.0000
2022,3,5,1,30,8.8,0,0,0,7,8,0,0,0,0,94.7,149.39000000000001,0.15,1020,1.6,100,0.9,0.0000,0.0000
2022,3,5,2,30,8.5,0,0,0,4,8.1,0,0,0,0,97.3,141.55,0.15,1020,1.7000000000000002,97,0.9,0.0000,0.0000
2022,3,5,3,30,8.9,0,0,0,8,8.3,0,0,0,0,96.29,131.02,0.15,1020,1.7000000000000002,93,0.8,0.0000,0.0000
2022,3,5,4,30,8.6,0,0,0,3,8.4,0,0,0,0,98.93,119.25,0.15,1021,1.7000000000000002,84,0.8,0.0000,0.0000
2022,3,5,5,30,8.4,0,0,0,8,8.4,0,0,0,0,99.82000000000001,106.96000000000001,0.15,1021,1.7000000000000002,76,0.8,0.0000,0.0000
2022,3,5,6,30,9.3,0,0,0,3,8.4,0,0,14,0,93.86,94.52,0.15,1021,1.7000000000000002,72,1.1,0.0000,0.0000
2022,3,5,7,30,11.200000000000001,52,309,95,0,8.8,52,309,0,95,85.18,82.09,0.15,1022,1.7000000000000002,73,1.3,0.0000,0.0000
2022,3,5,8,30,13.8,90,619,299,0,9.700000000000001,90,619,0,299,76.07000000000001,70.27,0.15,1022,1.7000000000000002,85,1.2000000000000002,15.2698,11.8208
2022,3,5,9,30,16.900000000000002,122,724,492,0,11.700000000000001,122,724,0,492,71.67,59.24,0.15,1023,1.7000000000000002,114,1.3,27.2435,21.2870
2022,3,5,10,30,19.6,152,761,644,0,13.700000000000001,152,761,0,644,68.59,49.7,0.15,1022,1.7000000000000002,143,1.4000000000000001,37.2448,29.2094
2022,3,5,11,30,21.5,148,827,755,0,14.600000000000001,148,827,0,755,64.65,42.75,0.15,1022,1.8,159,1.4000000000000001,44.6179,35.0475
2022,3,5,12,30,22.6,141,858,800,0,14.5,240,593,0,695,60.21,39.84,0.15,1021,1.8,170,1.5,41.3702,32.5127
2022,3,5,13,30,23.200000000000003,136,853,772,0,14.100000000000001,147,832,0,767,56.67,41.82,0.15,1020,1.8,176,1.6,45.4365,35.6966
2022,3,5,14,30,23.3,129,821,678,0,13.8,227,600,0,628,55.22,48.08,0.15,1019,1.9000000000000001,178,1.7000000000000002,36.5255,28.6576
2022,3,5,15,30,23,117,758,527,0,13.8,115,704,0,496,56.09,57.22,0.15,1019,1.9000000000000001,177,1.6,27.7660,21.7168
2022,3,5,16,30,21.400000000000002,94,644,335,0,14.4,92,619,0,324,64.53,68.02,0.15,1018,1.9000000000000001,172,1.2000000000000002,16.8744,13.0973
2022,3,5,17,30,18.6,58,416,132,0,15.700000000000001,59,385,7,128,83.37,79.73,0.15,1018,1.9000000000000001,167,1,6.1012,4.6509
2022,3,5,18,30,16.900000000000002,2,11,2,0,13.700000000000001,2,11,0,2,81.35000000000001,92.06,0.15,1019,1.9000000000000001,163,1.3,0.0000,0.0000
2022,3,5,19,30,16.6,0,0,0,0,13.5,0,0,0,0,82.08,104.48,0.15,1019,1.8,161,1.5,0.0000,0.0000
2022,3,5,20,30,15.9,0,0,0,0,13.8,0,0,0,0,87.43,116.8,0.15,1019,1.8,160,1.5,0.0000,0.0000
2022,3,5,21,30,14.9,0,0,0,0,14.5,0,0,0,0,97.57000000000001,128.67000000000002,0.15,1019,1.8,162,1.3,0.0000,0.0000
2022,3,5,22,30,14.200000000000001,0,0,0,0,14.200000000000001,0,0,0,0,100,139.46,0.15,1019,1.8,167,1.2000000000000002,0.0000,0.0000
2022,3,5,23,30,13.8,0,0,0,0,13.8,0,0,0,0,100,147.9,0.15,1019,1.9000000000000001,172,1.2000000000000002,0.0000,0.0000
2022,3,6,0,30,13.600000000000001,0,0,0,0,13.600000000000001,0,0,0,0,100,151.68,0.15,1019,1.9000000000000001,177,1.1,0.0000,0.0000
2022,3,6,1,30,13.4,0,0,0,0,13.4,0,0,0,0,100,149.01,0.15,1019,2,182,1.1,0.0000,0.0000
2022,3,6,2,30,13.200000000000001,0,0,0,0,13.200000000000001,0,0,0,0,100,141.22,0.15,1019,2.1,186,1.1,0.0000,0.0000
2022,3,6,3,30,12.9,0,0,0,0,12.9,0,0,0,0,100,130.72,0.15,1019,2.1,188,1,0.0000,0.0000
2022,3,6,4,30,12.700000000000001,0,0,0,0,12.700000000000001,0,0,0,0,100,118.98,0.15,1019,2.2,191,1,0.0000,0.0000
2022,3,6,5,30,12.8,0,0,0,0,12.8,0,0,0,0,100,106.7,0.15,1019,2.2,197,1.1,0.0000,0.0000
2022,3,6,6,30,14.200000000000001,0,0,0,0,14.200000000000001,0,0,0,0,100,94.26,0.15,1019,2.2,200,1.2000000000000002,0.0000,0.0000
2022,3,6,7,30,16.8,50,355,100,0,15.100000000000001,50,355,0,100,89.75,81.83,0.15,1020,2.2,200,1.6,0.0000,0.0000
2022,3,6,8,30,19.6,78,662,305,0,16.1,78,662,0,305,80.18,69.99,0.15,1020,2.2,204,2.2,15.6155,12.0927
2022,3,6,9,30,22,90,805,506,0,16.5,90,805,0,506,71.11,58.92,0.15,1020,2.2,209,2.5,28.0692,21.9357
2022,3,6,10,30,23.6,98,875,668,0,16.1,98,875,0,668,63.01,49.35,0.15,1019,2.2,210,2.5,38.6815,30.3390
2022,3,6,11,30,24.8,102,908,773,0,15.8,102,908,0,773,57.5,42.37,0.15,1019,2.2,210,2.4000000000000004,45.7272,35.9214
2022,3,6,12,30,25.6,106,917,814,0,15.700000000000001,106,917,0,814,54.230000000000004,39.45,0.15,1018,2.2,211,2.3000000000000003,48.4973,38.1162
2022,3,6,13,30,25.900000000000002,103,911,786,0,15.4,187,629,0,658,52.29,41.46,0.15,1016,2.2,212,2.3000000000000003,39.0149,30.6534
2022,3,6,14,30,25.8,98,886,693,0,15.100000000000001,172,619,0,588,51.58,47.79,0.15,1016,2.2,212,2.1,34.2322,26.8603
2022,3,6,15,30,25.3,88,833,542,0,14.8,112,672,0,478,52.25,56.97,0.15,1015,2.2,212,1.8,26.7926,20.9578
2022,3,6,16,30,23.6,74,727,349,0,15.3,74,727,0,349,59.75,67.81,0.15,1015,2.1,212,1.2000000000000002,18.2083,14.1358
2022,3,6,17,30,20.700000000000003,51,488,140,0,17.3,51,488,0,140,80.74,79.55,0.15,1016,2.1,209,0.9,6.6728,5.0877
2022,3,6,18,30,18.7,2,13,2,0,15.200000000000001,2,13,0,2,79.97,91.89,0.15,1016,2.1,196,0.9,0.0000,0.0000
2022,3,6,19,30,18,0,0,0,0,14.700000000000001,0,0,0,0,81.02,104.31,0.15,1016,2.1,181,1.1,0.0000,0.0000
2022,3,6,20,30,17.900000000000002,0,0,0,0,14.600000000000001,0,0,0,0,80.86,116.62,0.15,1016,2,175,1.5,0.0000,0.0000
2022,3,6,21,30,17.900000000000002,0,0,0,0,14.700000000000001,0,0,0,0,81.75,128.46,0.15,1015,2,176,1.8,0.0000,0.0000
2022,3,6,22,30,17.400000000000002,0,0,0,0,15.3,0,0,0,0,87.31,139.21,0.15,1015,2,180,1.9000000000000001,0.0000,0.0000
2022,3,6,23,30,16.8,0,0,0,0,15.8,0,0,0,0,94.01,147.58,0.15,1015,2,183,1.9000000000000001,0.0000,0.0000
2022,3,7,0,30,16.5,0,0,0,0,16.1,0,0,0,0,97.55,151.3,0.15,1014,2.1,187,1.9000000000000001,0.0000,0.0000
2022,3,7,1,30,16.2,0,0,0,0,16.2,0,0,0,0,100,148.63,0.15,1014,2.2,191,1.8,0.0000,0.0000
2022,3,7,2,30,15.700000000000001,0,0,0,0,15.700000000000001,0,0,0,0,100,140.88,0.15,1013,2.3000000000000003,195,1.5,0.0000,0.0000
2022,3,7,3,30,15.8,0,0,0,0,15.8,0,0,0,0,100,130.42000000000002,0.15,1013,2.4000000000000004,201,1.6,0.0000,0.0000
2022,3,7,4,30,15.9,0,0,0,0,15.9,0,0,0,0,100,118.7,0.15,1013,2.4000000000000004,205,1.6,0.0000,0.0000
2022,3,7,5,30,15.8,0,0,0,0,15.8,0,0,0,0,100,106.43,0.15,1013,2.5,208,1.5,0.0000,0.0000
2022,3,7,6,30,16.8,0,0,0,0,16.5,0,0,0,0,98.29,93.99,0.15,1013,2.5,210,1.8,0.0000,0.0000
2022,3,7,7,30,18.7,56,293,99,0,16.900000000000002,56,293,0,99,89.12,81.56,0.15,1013,2.5,212,2.3000000000000003,0.0000,0.0000
2022,3,7,8,30,20.900000000000002,91,602,300,3,17.8,118,266,0,210,82.55,69.7,0.15,1013,2.6,216,2.9000000000000004,10.7795,8.3507
2022,3,7,9,30,22.900000000000002,105,756,499,3,18.1,195,37,0,214,74.39,58.61,0.15,1013,2.7,220,3.3000000000000003,11.8915,9.2946
2022,3,7,10,30,24.400000000000002,108,841,660,3,17.7,307,44,0,336,66.26,48.99,0.15,1012,2.8000000000000003,222,3.5,19.4813,15.2813
2022,3,7,11,30,25.3,108,882,764,3,17.3,313,273,0,516,61.18,41.980000000000004,0.15,1011,2.9000000000000004,223,3.6,30.5550,24.0044
2022,3,7,12,30,25.700000000000003,114,886,802,0,17.1,243,503,0,634,59.14,39.06,0.15,1010,2.9000000000000004,223,3.6,37.8065,29.7156
2022,3,7,13,30,25.900000000000002,119,865,771,3,17.2,236,252,0,426,58.75,41.11,0.15,1009,3,223,3.6,25.2808,19.8640
2022,3,7,14,30,25.8,119,823,675,3,17.2,257,346,0,491,59.24,47.49,0.15,1008,3.1,223,3.6,28.6134,22.4531
2022,3,7,15,30,25.200000000000003,113,746,522,0,17.2,178,520,4,463,61.230000000000004,56.730000000000004,0.15,1008,3.2,223,3.3000000000000003,25.9833,20.3269
2022,3,7,16,30,24.1,96,617,331,3,17.3,114,44,0,131,65.59,67.61,0.15,1007,3.2,222,2.8000000000000003,6.8460,5.3159
2022,3,7,17,30,22.5,62,374,131,5,17.5,61,55,36,71,73.44,79.37,0.15,1007,3.3000000000000003,219,2.1,3.3843,2.5810
2022,3,7,18,30,20.900000000000002,2,8,2,7,17.400000000000002,1,0,29,1,80.65,91.72,0.15,1008,3.5,217,1.6,0.0000,0.0000
2022,3,7,19,30,19.900000000000002,0,0,0,7,17.6,0,0,0,0,86.47,104.14,0.15,1008,3.7,215,1.5,0.0000,0.0000
2022,3,7,20,30,19.200000000000003,0,0,0,8,17.7,0,0,0,0,90.96000000000001,116.44,0.15,1008,3.9000000000000004,215,1.4000000000000001,0.0000,0.0000
2022,3,7,21,30,18.7,0,0,0,8,17.8,0,0,0,0,94.31,128.26,0.15,1008,3.9000000000000004,218,1.4000000000000001,0.0000,0.0000
2022,3,7,22,30,18.2,0,0,0,0,17.8,0,0,0,0,97.57000000000001,138.96,0.15,1008,3.8000000000000003,225,1.4000000000000001,0.0000,0.0000
2022,3,7,23,30,17.8,0,0,0,3,17.8,0,0,0,0,99.76,147.25,0.15,1008,3.7,234,1.3,0.0000,0.0000
2022,3,8,0,30,17.5,0,0,0,3,17.5,0,0,0,0,100,150.91,0.15,1008,3.6,246,1.2000000000000002,0.0000,0.0000
2022,3,8,1,30,17,0,0,0,3,17,0,0,0,0,100,148.25,0.15,1008,3.5,263,1.1,0.0000,0.0000
2022,3,8,2,30,16.5,0,0,0,0,16.5,0,0,0,0,100,140.54,0.15,1008,3.4000000000000004,285,1,0.0000,0.0000
2022,3,8,3,30,15.9,0,0,0,0,15.9,0,0,0,0,100,130.12,0.15,1009,3.4000000000000004,308,1,0.0000,0.0000
2022,3,8,4,30,15,0,0,0,0,15,0,0,0,0,100,118.43,0.15,1009,3.3000000000000003,332,1,0.0000,0.0000
2022,3,8,5,30,13.8,0,0,0,0,13.8,0,0,0,0,100,106.16,0.15,1010,3.1,348,1.2000000000000002,0.0000,0.0000
2022,3,8,6,30,13.200000000000001,0,0,0,0,12.5,0,0,0,0,95.71000000000001,93.72,0.15,1011,3,178,1.6,0.0000,0.0000
2022,3,8,7,30,14,53,343,105,0,11.200000000000001,59,224,29,93,83.16,81.29,0.15,1012,2.9000000000000004,8,2,0.0000,0.0000
2022,3,8,8,30,15.700000000000001,90,610,305,8,9.5,161,249,0,249,66.51,69.4,0.15,1012,2.9000000000000004,19,1.9000000000000001,12.8153,9.9314
2022,3,8,9,30,17.6,111,738,499,7,8.1,195,459,0,436,53.81,58.29,0.15,1012,2.9000000000000004,32,1.6,24.2699,18.9727
2022,3,8,10,30,19.3,125,803,656,8,8.3,279,273,39,459,48.95,48.64,0.15,1012,2.9000000000000004,49,1.3,26.6453,20.9027
2022,3,8,11,30,20.700000000000003,136,833,759,8,9.1,344,179,61,478,47.21,41.6,0.15,1011,3,67,1,28.3321,22.2596
2022,3,8,12,30,21.700000000000003,136,849,799,8,9.9,349,101,89,428,46.96,38.660000000000004,0.15,1010,3,89,0.9,25.5451,20.0795
2022,3,8,13,30,22.3,129,847,771,8,10.700000000000001,199,15,89,210,47.74,40.76,0.15,1009,3.1,107,0.9,12.4730,9.8011
2022,3,8,14,30,22.400000000000002,128,805,675,8,11.5,67,1,82,68,50.120000000000005,47.2,0.15,1008,3.2,117,1,3.9665,3.1128
2022,3,8,15,30,22,123,723,522,7,12.4,85,1,0,86,54.36,56.49,0.15,1008,3.4000000000000004,122,1,4.8321,3.7806
2022,3,8,16,30,20.900000000000002,109,574,329,8,13.600000000000001,50,2,14,51,63.120000000000005,67.41,0.15,1008,3.4000000000000004,117,0.9,2.6696,2.0734
2022,3,8,17,30,18.900000000000002,71,304,128,7,15.100000000000001,27,1,29,27,78.75,79.19,0.15,1008,3.5,103,0.8,1.2872,0.9819
2022,3,8,18,30,17.6,2,4,2,8,14.4,1,0,43,1,81.74,91.55,0.15,1008,3.4000000000000004,94,1.1,0.0000,0.0000
2022,3,8,19,30,17,0,0,0,8,14,0,0,0,0,82.47,103.97,0.15,1008,3.4000000000000004,96,1.5,0.0000,0.0000
2022,3,8,20,30,16.400000000000002,0,0,0,5,14.100000000000001,0,0,0,0,86.15,116.26,0.15,1008,3.6,104,1.7000000000000002,0.0000,0.0000
2022,3,8,21,30,15.9,0,0,0,0,14.5,0,0,0,0,91.44,128.05,0.15,1008,3.8000000000000003,112,1.7000000000000002,0.0000,0.0000
2022,3,8,22,30,15.600000000000001,0,0,0,3,15,0,0,0,0,95.97,138.70000000000002,0.15,1007,3.9000000000000004,115,1.4000000000000001,0.0000,0.0000
2022,3,8,23,30,15.5,0,0,0,3,15.100000000000001,0,0,0,0,97.45,146.93,0.15,1007,3.8000000000000003,120,1.3,0.0000,0.0000
2022,3,9,0,30,15.3,0,0,0,0,15.100000000000001,0,0,0,0,98.75,150.52,0.15,1006,3.5,129,1.4000000000000001,0.0000,0.0000
2022,3,9,1,30,15.200000000000001,0,0,0,3,15.100000000000001,0,0,0,0,99.11,147.86,0.15,1005,3.2,140,1.4000000000000001,0.0000,0.0000
2022,3,9,2,30,15.3,0,0,0,3,15.100000000000001,0,0,0,0,98.59,140.20000000000002,0.15,1004,3.1,159,1.4000000000000001,0.0000,0.0000
2022,3,9,3,30,15.600000000000001,0,0,0,3,15.4,0,0,0,0,98.53,129.82,0.15,1004,3.1,178,1.4000000000000001,0.0000,0.0000
2022,3,9,4,30,15.9,0,0,0,8,15.8,0,0,0,0,99.32000000000001,118.14,0.15,1003,3.3000000000000003,189,1.3,0.0000,0.0000
2022,3,9,5,30,16.1,0,0,0,3,16.1,0,0,0,0,99.85000000000001,105.89,0.15,1003,3.4000000000000004,191,1.3,0.0000,0.0000
2022,3,9,6,30,16.7,0,0,0,8,16.1,0,0,14,0,96.44,93.45,0.15,1003,3.3000000000000003,193,1.6,0.0000,0.0000
2022,3,9,7,30,18.2,53,353,108,7,17,10,0,54,10,92.8,81.01,0.15,1003,3.3000000000000003,196,2,0.0000,0.0000
2022,3,9,8,30,20.200000000000003,85,632,310,8,18.2,85,8,0,88,88.14,69.11,0.15,1003,3.3000000000000003,204,2.6,4.5406,3.5200
2022,3,9,9,30,22.6,99,768,506,7,18.8,46,0,0,46,79.03,57.97,0.15,1003,3.3000000000000003,215,3.4000000000000004,2.5650,2.0055
2022,3,9,10,30,24.3,105,839,663,7,18.7,94,1,0,95,71.08,48.28,0.15,1002,3.5,222,3.9000000000000004,5.5216,4.3320
2022,3,9,11,30,24.900000000000002,106,878,767,6,19.1,54,0,0,54,70.02,41.21,0.15,1002,3.5,228,4.1000000000000005,3.2038,2.5173
2022,3,9,12,30,24.700000000000003,113,882,805,7,19.3,316,86,0,384,71.76,38.27,0.15,1001,3.6,235,3.7,22.9386,18.0317
2022,3,9,13,30,24.3,119,859,773,6,19.400000000000002,236,7,0,241,74.14,40.4,0.15,1001,3.6,244,3.1,14.3267,11.2583
2022,3,9,14,30,23.400000000000002,122,813,678,6,19.5,183,4,0,186,78.53,46.9,0.15,1002,3.5,258,2.6,10.8600,8.5231
2022,3,9,15,30,22.1,119,733,526,6,19,89,1,0,90,82.73,56.25,0.15,1002,3.4000000000000004,278,2.1,5.0628,3.9615
2022,3,9,16,30,20.700000000000003,105,596,336,6,18.3,49,0,0,49,86.13,67.2,0.15,1003,3.3000000000000003,300,1.7000000000000002,2.5693,1.9959
2022,3,9,17,30,19.3,71,332,134,7,17.7,20,0,14,20,90.26,79.01,0.15,1004,3.1,310,1.5,0.9538,0.7278
2022,3,9,18,30,18.1,3,7,3,8,16.7,2,0,43,2,91.3,91.38,0.15,1005,3,313,1.2000000000000002,0.0000,0.0000
2022,3,9,19,30,17.3,0,0,0,7,16,0,0,0,0,92.17,103.81,0.15,1006,2.9000000000000004,322,0.9,0.0000,0.0000
2022,3,9,20,30,16.6,0,0,0,7,15.3,0,0,0,0,92.16,116.08,0.15,1006,2.8000000000000003,341,0.9,0.0000,0.0000
2022,3,9,21,30,15.9,0,0,0,7,14.700000000000001,0,0,0,0,92.64,127.84,0.15,1007,2.7,191,0.9,0.0000,0.0000
2022,3,9,22,30,15.3,0,0,0,6,14.100000000000001,0,0,0,0,92.49,138.44,0.15,1007,2.6,30,1,0.0000,0.0000
2022,3,9,23,30,14.5,0,0,0,7,13.3,0,0,0,0,92.5,146.6,0.15,1007,2.6,33,1,0.0000,0.0000
2022,3,10,0,30,13.5,0,0,0,9,12.5,0,0,0,0,93.38,150.13,0.15,1007,2.7,33,1,0.0000,0.0000
2022,3,10,1,30,12.8,0,0,0,9,11.5,0,0,0,0,91.64,147.47,0.15,1007,2.9000000000000004,39,1.1,0.0000,0.0000
2022,3,10,2,30,12.5,0,0,0,9,10.9,0,0,0,0,89.7,139.85,0.15,1007,3.1,46,1.4000000000000001,0.0000,0.0000
2022,3,10,3,30,12.200000000000001,0,0,0,6,10.600000000000001,0,0,0,0,89.99,129.51,0.15,1006,3.2,47,1.5,0.0000,0.0000
2022,3,10,4,30,11.9,0,0,0,7,10.600000000000001,0,0,0,0,91.91,117.86,0.15,1007,3.1,48,1.4000000000000001,0.0000,0.0000
2022,3,10,5,30,11.5,0,0,0,9,10.600000000000001,0,0,0,0,94.04,105.62,0.15,1007,3,55,1.6,0.0000,0.0000
2022,3,10,6,30,11.5,0,0,0,6,10.600000000000001,0,0,14,0,94.24,93.18,0.15,1008,3,62,1.9000000000000001,0.0000,0.0000
2022,3,10,7,30,11.5,67,238,105,9,10.5,22,1,29,22,93.67,80.74,0.15,1009,3,69,2.3000000000000003,0.0000,0.0000
2022,3,10,8,30,11.4,119,510,303,8,10,82,9,0,85,90.81,68.82000000000001,0.15,1010,2.9000000000000004,75,2.2,4.3969,3.4097
2022,3,10,9,30,11.4,138,678,501,3,9.3,50,0,0,50,87.12,57.64,0.15,1011,2.8000000000000003,86,2.2,2.7929,2.1840
2022,3,10,10,30,12.200000000000001,148,772,665,3,8.8,99,0,0,99,79.92,47.92,0.15,1011,2.5,88,2.2,5.7611,4.5203
2022,3,10,11,30,13.9,155,817,773,3,9,86,0,0,86,72.54,40.82,0.15,1010,2.3000000000000003,75,1.7000000000000002,5.1073,4.0131
2022,3,10,12,30,15.100000000000001,162,828,816,3,9.4,111,0,0,111,68.55,37.88,0.15,1010,2.1,73,1.3,6.6363,5.2169
2022,3,10,13,30,15.8,166,810,786,3,9.600000000000001,144,29,0,166,66.74,40.050000000000004,0.15,1009,2,76,0.9,9.8764,7.7615
2022,3,10,14,30,16,162,770,691,3,9.8,115,222,0,268,66.89,46.61,0.15,1009,1.9000000000000001,71,0.7000000000000001,15.6621,12.2927
2022,3,10,15,30,15.8,147,702,539,3,10,55,0,0,55,68.46000000000001,56.01,0.15,1009,1.9000000000000001,65,1,3.0976,2.4240
2022,3,10,16,30,15.100000000000001,121,579,347,3,10.200000000000001,34,0,0,34,72.37,67,0.15,1009,1.8,61,1.3,1.7857,1.3874
2022,3,10,17,30,13.600000000000001,76,335,141,0,10.200000000000001,49,197,0,87,80,78.84,0.15,1010,1.8,56,1.4000000000000001,4.1505,3.1678
2022,3,10,18,30,12.100000000000001,4,9,4,0,10.100000000000001,4,9,0,4,87.5,91.22,0.15,1011,1.8,52,1.5,0.0000,0.0000
2022,3,10,19,30,11.3,0,0,0,0,9.8,0,0,0,0,90.63,103.64,0.15,1011,1.8,48,1.5,0.0000,0.0000
2022,3,10,20,30,10.8,0,0,0,3,9.600000000000001,0,0,0,0,92.55,115.9,0.15,1012,1.7000000000000002,48,1.4000000000000001,0.0000,0.0000
2022,3,10,21,30,10.4,0,0,0,0,9.4,0,0,0,0,93.21000000000001,127.64,0.15,1012,1.7000000000000002,52,1.3,0.0000,0.0000
2022,3,10,22,30,10,0,0,0,0,9.1,0,0,0,0,94.09,138.18,0.15,1012,1.6,56,1.1,0.0000,0.0000
2022,3,10,23,30,9.700000000000001,0,0,0,0,9,0,0,0,0,95.34,146.27,0.15,1012,1.5,59,0.9,0.0000,0.0000
2022,3,11,0,30,9.3,0,0,0,0,8.700000000000001,0,0,0,0,96.08,149.74,0.15,1012,1.5,67,0.9,0.0000,0.0000
2022,3,11,1,30,9.1,0,0,0,3,8.5,0,0,0,0,95.9,147.09,0.15,1012,1.6,76,0.9,0.0000,0.0000
2022,3,11,2,30,9,0,0,0,0,8.3,0,0,0,0,95.53,139.5,0.15,1011,1.6,81,0.9,0.0000,0.0000
2022,3,11,3,30,9.1,0,0,0,0,8.3,0,0,0,0,94.53,129.2,0.15,1011,1.7000000000000002,80,0.9,0.0000,0.0000
2022,3,11,4,30,9.1,0,0,0,0,8.3,0,0,0,0,94.84,117.57000000000001,0.15,1011,1.8,73,0.9,0.0000,0.0000
2022,3,11,5,30,9,0,0,0,0,8.200000000000001,0,0,0,0,94.75,105.35000000000001,0.15,1012,1.9000000000000001,67,0.9,0.0000,0.0000
2022,3,11,6,30,9.200000000000001,0,0,0,0,8,0,0,0,0,92.41,92.91,0.15,1012,2,67,1,0.0000,0.0000
2022,3,11,7,30,10,67,292,115,0,8,67,292,0,115,87.23,80.46000000000001,0.15,1012,2,69,1.2000000000000002,0.0000,0.0000
2022,3,11,8,30,11.200000000000001,111,564,318,8,8.3,117,53,54,136,82.16,68.52,0.15,1012,2.1,75,1.3,7.0532,5.4715
2022,3,11,9,30,12.600000000000001,133,708,515,8,8.8,52,0,7,52,77.84,57.32,0.15,1011,2.2,83,1.3,2.9095,2.2755
2022,3,11,10,30,13.8,151,769,670,3,9.600000000000001,211,10,18,218,75.63,47.57,0.15,1011,2.4000000000000004,91,1.1,12.7008,9.9662
2022,3,11,11,30,14.4,164,796,770,8,10.200000000000001,302,50,29,340,75.83,40.43,0.15,1010,2.6,100,1.2000000000000002,20.2105,15.8818
2022,3,11,12,30,15,169,803,806,3,10.700000000000001,267,10,0,275,75.4,37.480000000000004,0.15,1009,2.7,107,1.4000000000000001,16.4551,12.9365
2022,3,11,13,30,15.5,172,780,772,5,11.200000000000001,242,20,0,257,75.41,39.69,0.15,1008,2.9000000000000004,102,1.1,15.3034,12.0271
2022,3,11,14,30,15.700000000000001,156,756,678,3,11.700000000000001,122,1,0,123,76.86,46.32,0.15,1007,3.1,85,0.9,7.1947,5.6473
2022,3,11,15,30,15.3,129,714,531,8,12.100000000000001,67,0,4,67,81.11,55.77,0.15,1006,3.2,79,1.1,3.7778,2.9566
2022,3,11,16,30,14.5,98,627,345,4,12.4,42,0,0,42,87.46000000000001,66.8,0.15,1005,3.3000000000000003,85,1.1,2.2094,1.7170
2022,3,11,17,30,13.3,59,431,144,0,12.8,48,277,29,102,96.69,78.66,0.15,1005,3.3000000000000003,94,1.1,4.8686,3.7169
2022,3,11,18,30,12.4,5,26,5,8,12.200000000000001,1,0,43,1,98.76,91.05,0.15,1004,3.2,106,1.3,0.0000,0.0000
2022,3,11,19,30,11.700000000000001,0,0,0,8,11.700000000000001,0,0,0,0,100,103.48,0.15,1003,3.1,116,1.2000000000000002,0.0000,0.0000
2022,3,11,20,30,11.3,0,0,0,3,11.3,0,0,0,0,99.75,115.73,0.15,1003,3.1,128,1,0.0000,0.0000
2022,3,11,21,30,11.4,0,0,0,3,11.3,0,0,0,0,99.38,127.43,0.15,1002,3.1,139,0.9,0.0000,0.0000
2022,3,11,22,30,11.5,0,0,0,0,11.3,0,0,0,0,98.69,137.92000000000002,0.15,1000,3.1,150,1,0.0000,0.0000
2022,3,11,23,30,11.600000000000001,0,0,0,3,11.4,0,0,0,0,98.71000000000001,145.94,0.15,999,3.1,161,1,0.0000,0.0000
2022,3,12,0,30,11.700000000000001,0,0,0,8,11.5,0,0,0,0,98.46000000000001,149.35,0.15,998,3.2,168,1.1,0.0000,0.0000
2022,3,12,1,30,11.9,0,0,0,4,11.5,0,0,0,0,97.64,146.70000000000002,0.15,995,3.5,171,1.5,0.0000,0.0000
2022,3,12,2,30,12.5,0,0,0,7,11.8,0,0,0,0,95.4,139.15,0.15,992,4,174,2,0.0000,0.0000
2022,3,12,3,30,13.8,0,0,0,8,12.600000000000001,0,0,0,0,92.38,128.88,0.15,989,4.2,179,2.8000000000000003,0.0000,0.0000
2022,3,12,4,30,15.9,0,0,0,5,14.600000000000001,0,0,0,0,91.71000000000001,117.29,0.15,988,4.3,207,3.6,0.0000,0.0000
2022,3,12,5,30,15.4,0,0,0,6,15.4,0,0,0,0,100,105.07000000000001,0.15,991,3.6,264,4.3,0.0000,0.0000
2022,3,12,6,30,10.8,0,0,0,7,10.8,0,0,21,0,100,92.64,0.15,994,2.5,306,4.2,0.0000,0.0000
2022,3,12,7,30,7.6000000000000005,58,399,126,0,5.5,63,189,29,95,86.52,80.18,0.15,996,1.8,311,3.7,0.0000,0.0000
2022,3,12,8,30,7.9,99,641,337,0,2.9000000000000004,96,234,0,183,70.51,68.22,0.15,998,1.5,303,3.8000000000000003,9.5149,7.3835
2022,3,12,9,30,8.700000000000001,116,785,544,3,1.1,122,247,0,257,58.92,57,0.15,999,1.3,299,4.2,14.4030,11.2662
2022,3,12,10,30,9.5,114,887,717,3,-0.1,221,1,0,222,51.11,47.21,0.15,1000,1.1,298,4.6000000000000005,12.9490,10.1619
2022,3,12,11,30,10.200000000000001,112,944,835,4,-0.6000000000000001,104,0,0,104,47.050000000000004,40.04,0.15,1001,0.9,299,5,6.1877,4.8628
2022,3,12,12,30,10.4,105,982,888,4,-1.1,157,2,0,159,44.9,37.09,0.15,1001,0.6000000000000001,301,5.300000000000001,9.5217,7.4861
2022,3,12,13,30,9.8,94,1001,868,0,-2.7,229,668,14,746,41.4,39.34,0.15,1002,0.5,303,5.5,44.4571,34.9414
2022,3,12,14,30,8.700000000000001,84,997,776,5,-5.2,209,71,0,258,37.06,46.03,0.15,1004,0.4,306,5.5,15.1049,11.8570
2022,3,12,15,30,7.300000000000001,75,962,619,0,-7.2,85,932,0,612,34.86,55.53,0.15,1006,0.30000000000000004,309,5.2,34.5469,27.0401
2022,3,12,16,30,5.5,64,873,411,0,-8.5,115,539,4,329,35.660000000000004,66.61,0.15,1008,0.30000000000000004,314,4.7,17.3331,13.4724
2022,3,12,17,30,3.5,47,668,180,0,-9.8,47,668,0,180,37.22,78.49,0.15,1010,0.30000000000000004,320,4,8.5965,6.5647
2022,3,12,18,30,1.9000000000000001,8,72,7,0,-10.4,8,72,0,7,39.77,90.89,0.15,1012,0.2,322,3.2,0.0000,0.0000
2022,3,12,19,30,0.8,0,0,0,0,-10.200000000000001,0,0,0,0,43.5,103.31,0.15,1015,0.2,322,2.6,0.0000,0.0000
2022,3,12,20,30,-0.1,0,0,0,0,-9.600000000000001,0,0,0,0,48.79,115.55,0.15,1017,0.30000000000000004,324,1.9000000000000001,0.0000,0.0000
2022,3,12,21,30,-1,0,0,0,0,-8.700000000000001,0,0,0,0,56.03,127.22,0.15,1018,0.30000000000000004,325,1.4000000000000001,0.0000,0.0000
2022,3,12,22,30,-1.8,0,0,0,0,-7.9,0,0,0,0,63.11,137.66,0.15,1019,0.30000000000000004,326,1.1,0.0000,0.0000
2022,3,12,23,30,-2.4000000000000004,0,0,0,0,-7.5,0,0,0,0,68.22,145.6,0.15,1019,0.30000000000000004,325,1,0.0000,0.0000
2022,3,13,0,30,-3,0,0,0,0,-7.1000000000000005,0,0,0,0,73.15,148.96,0.15,1019,0.30000000000000004,323,0.9,0.0000,0.0000
2022,3,13,1,30,-3.6,0,0,0,0,-6.9,0,0,0,0,78.14,146.3,0.15,1020,0.30000000000000004,319,0.8,0.0000,0.0000
2022,3,13,2,30,-4,0,0,0,0,-6.7,0,0,0,0,81.42,138.8,0.15,1020,0.4,314,0.8,0.0000,0.0000
2022,3,13,3,30,-4.3,0,0,0,0,-6.7,0,0,0,0,83.19,128.57,0.15,1020,0.4,315,0.8,0.0000,0.0000
2022,3,13,4,30,-4.5,0,0,0,0,-6.800000000000001,0,0,0,0,83.74,116.99000000000001,0.15,1021,0.4,321,0.8,0.0000,0.0000
2022,3,13,5,30,-4.6000000000000005,0,0,0,0,-7,0,0,0,0,83.04,104.79,0.15,1022,0.4,329,0.8,0.0000,0.0000
2022,3,13,6,30,-3.1,3,28,2,0,-7.1000000000000005,3,21,7,2,73.74,92.36,0.15,1023,0.4,342,0.9,0.0000,0.0000
2022,3,13,7,30,-0.1,41,632,152,0,-6.5,41,632,0,152,62.13,79.89,0.15,1023,0.5,181,0.8,7.2464,5.5229
2022,3,13,8,30,2.6,58,852,378,0,-8.3,58,852,0,378,44.42,67.92,0.15,1024,0.5,18,0.6000000000000001,19.7033,15.2946
2022,3,13,9,30,5,67,950,589,0,-9,67,950,0,589,35.49,56.67,0.15,1024,0.5,97,0.30000000000000004,33.0643,25.8671
2022,3,13,10,30,7.1000000000000005,73,999,756,0,-8.700000000000001,73,999,0,756,31.560000000000002,46.85,0.15,1023,0.5,186,0.4,44.1476,34.6482
2022,3,13,11,30,8.8,77,1016,859,0,-7.6000000000000005,77,1016,0,859,30.47,39.64,0.15,1023,0.6000000000000001,207,0.9,51.1560,40.2046
2022,3,13,12,30,10.200000000000001,81,1020,899,0,-6.6000000000000005,81,1020,0,899,30,36.69,0.15,1022,0.6000000000000001,218,1.3,53.8807,42.3641
2022,3,13,13,30,11.200000000000001,84,1002,863,0,-5.9,84,1002,0,863,29.69,38.99,0.15,1021,0.7000000000000001,226,1.6,51.4703,40.4556
2022,3,13,14,30,11.8,81,974,761,0,-5.300000000000001,81,974,0,761,29.830000000000002,45.74,0.15,1021,0.8,233,1.8,44.5930,35.0067
2022,3,13,15,30,11.700000000000001,75,924,601,0,-4.7,75,924,0,601,31.36,55.300000000000004,0.15,1021,0.8,237,1.8,33.9628,26.5854
2022,3,13,16,30,10.700000000000001,64,832,397,0,-3.8000000000000003,64,832,0,397,35.93,66.41,0.15,1021,0.8,237,1.5,20.9487,16.2857
2022,3,13,17,30,7.9,46,626,173,0,-0.2,46,626,0,173,56.47,78.31,0.15,1021,0.9,233,1.1,8.2678,6.3156
2022,3,13,18,30,5.5,7,64,7,0,-0.1,7,64,0,7,67.03,90.11,0.15,1022,0.9,227,1.1,0.0000,0.0000
2022,3,13,19,30,4.800000000000001,0,0,0,0,-0.7000000000000001,0,0,0,0,67.54,103.14,0.16,1022,0.8,221,1,0.0000,0.0000
2022,3,13,20,30,4.3,0,0,0,0,-1,0,0,0,0,68.48,115.37,0.16,1022,0.8,216,1,0.0000,0.0000
2022,3,13,21,30,3.9000000000000004,0,0,0,0,-1.2000000000000002,0,0,0,0,69.2,127.01,0.16,1022,0.8,212,1.1,0.0000,0.0000
2022,3,13,22,30,3.4000000000000004,0,0,0,0,-1.5,0,0,0,0,70.53,137.4,0.16,1022,0.8,211,1.1,0.0000,0.0000
2022,3,13,23,30,3,0,0,0,0,-1.6,0,0,0,0,71.71000000000001,145.27,0.16,1022,0.9,212,1.1,0.0000,0.0000
2022,3,14,0,30,2.6,0,0,0,0,-1.7000000000000002,0,0,0,0,73.15,148.57,0.16,1022,0.9,215,1,0.0000,0.0000
2022,3,14,1,30,2.2,0,0,0,0,-1.8,0,0,0,0,74.89,145.91,0.16,1022,0.9,221,1,0.0000,0.0000
2022,3,14,2,30,2,0,0,0,0,-1.9000000000000001,0,0,0,0,75.37,138.45000000000002,0.16,1022,0.9,229,1.1,0.0000,0.0000
2022,3,14,3,30,2.1,0,0,0,0,-2,0,0,0,0,74.18,128.25,0.16,1022,0.9,241,1.2000000000000002,0.0000,0.0000
2022,3,14,4,30,2.2,0,0,0,0,-2,0,0,0,0,73.91,116.7,0.16,1023,0.9,258,1.1,0.0000,0.0000
2022,3,14,5,30,2.2,0,0,0,0,-1.8,0,0,0,0,74.73,104.51,0.16,1023,0.9,281,1,0.0000,0.0000
2022,3,14,6,30,3.2,3,19,2,0,-1.5,3,19,0,2,71.5,92.08,0.16,1024,0.9,312,0.8,0.0000,0.0000
2022,3,14,7,30,5.6000000000000005,48,551,147,0,0.2,48,551,0,147,68.17,79.61,0.16,1024,0.9,173,0.5,7.0065,5.3417
2022,3,14,8,30,9.1,70,783,368,0,0.8,70,783,0,368,56.26,67.62,0.16,1025,0.9,53,0.5,19.2299,14.9318
2022,3,14,9,30,12.8,82,887,574,0,0.30000000000000004,82,887,0,574,42.28,56.35,0.16,1025,1,97,0.8,32.2735,25.2520
2022,3,14,10,30,15.3,89,942,738,0,0.30000000000000004,89,942,0,738,35.92,46.49,0.16,1025,1,108,1.3,43.1454,33.8646
2022,3,14,11,30,16.8,95,969,845,0,1.1,95,969,0,845,34.730000000000004,39.25,0.16,1024,1,118,1.5,50.3672,39.5871
2022,3,14,12,30,17.6,99,973,883,0,2,99,973,0,883,35.15,36.300000000000004,0.16,1023,1,128,1.6,52.9632,41.6449
2022,3,14,13,30,18.1,101,956,848,0,2.7,101,956,0,848,35.74,38.64,0.16,1022,1.1,137,1.6,50.6150,39.7855
2022,3,14,14,30,18.1,99,925,748,0,3.1,99,925,0,748,36.79,45.45,0.16,1021,1.1,146,1.5,43.8694,34.4409
2022,3,14,15,30,17.7,93,867,589,0,3.3000000000000003,93,867,0,589,38.4,55.07,0.16,1021,1.1,153,1.4000000000000001,33.3205,26.0850
2022,3,14,16,30,16.3,80,762,387,0,4.1000000000000005,80,762,0,387,44.29,66.22,0.16,1021,1,153,1,20.4515,15.9020
2022,3,14,17,30,13.5,56,539,167,0,7.7,56,539,0,167,68.19,78.14,0.16,1021,1,145,1.1,7.9869,6.1028
2022,3,14,18,30,10.9,7,42,7,0,4,7,42,0,7,62.32,89.99,0.16,1021,1,139,1.3,0.0000,0.0000
2022,3,14,19,30,9.4,0,0,0,0,3.4000000000000004,0,0,0,0,66.16,102.98,0.16,1021,0.9,141,1.3,0.0000,0.0000
2022,3,14,20,30,8.6,0,0,0,0,3.3000000000000003,0,0,0,0,69.19,115.18,0.16,1021,0.9,146,1.4000000000000001,0.0000,0.0000
2022,3,14,21,30,8.1,0,0,0,0,3.4000000000000004,0,0,0,0,72.29,126.79,0.16,1021,0.9,151,1.4000000000000001,0.0000,0.0000
2022,3,14,22,30,7.4,0,0,0,0,4,0,0,0,0,78.96000000000001,137.14000000000001,0.16,1021,1,154,1.3,0.0000,0.0000
2022,3,14,23,30,6.4,0,0,0,0,4.800000000000001,0,0,0,0,89.3,144.93,0.16,1021,1.1,156,1.1,0.0000,0.0000
2022,3,15,0,30,5.7,0,0,0,0,5.300000000000001,0,0,0,0,97.39,148.17000000000002,0.16,1021,1.2000000000000002,156,1,0.0000,0.0000
2022,3,15,1,30,5.4,0,0,0,0,5.4,0,0,0,0,100,145.52,0.16,1021,1.3,153,0.9,0.0000,0.0000
2022,3,15,2,30,5.300000000000001,0,0,0,0,5.300000000000001,0,0,0,0,100,138.09,0.16,1021,1.4000000000000001,151,1,0.0000,0.0000
2022,3,15,3,30,5.5,0,0,0,0,5.5,0,0,0,0,100,127.93,0.16,1020,1.5,148,1.1,0.0000,0.0000
2022,3,15,4,30,5.9,0,0,0,0,5.9,0,0,0,0,100,116.41,0.16,1020,1.6,139,1.1,0.0000,0.0000
2022,3,15,5,30,6.2,0,0,0,0,6.2,0,0,0,0,100,104.23,0.16,1020,1.8,123,1,0.0000,0.0000
2022,3,15,6,30,7.5,2,9,2,0,7,2,9,0,2,96.67,91.81,0.16,1020,1.9000000000000001,103,1,0.0000,0.0000
2022,3,15,7,30,10.200000000000001,58,435,139,0,7.800000000000001,58,435,0,139,85.03,79.33,0.16,1020,1.9000000000000001,88,1.1,6.6258,5.0533
2022,3,15,8,30,13.9,88,683,351,0,8.700000000000001,88,683,0,351,70.96000000000001,67.33,0.16,1020,2,96,1.3,18.3853,14.2802
2022,3,15,9,30,17.6,104,802,552,0,10.3,125,735,0,536,62.14,56.02,0.16,1019,2,120,1.4000000000000001,30.1857,23.6217
2022,3,15,10,30,19.700000000000003,115,859,710,0,11,115,859,0,710,57.22,46.13,0.16,1019,2.1,128,1.2000000000000002,41.5549,32.6189
2022,3,15,11,30,19.8,124,881,810,0,11.200000000000001,124,881,0,810,57.54,38.86,0.16,1018,2.2,114,1,48.3233,37.9829
2022,3,15,12,30,19.3,132,878,843,5,11.3,360,114,4,452,59.910000000000004,35.9,0.16,1018,2.4000000000000004,90,0.8,27.1328,21.3356
2022,3,15,13,30,19,136,853,806,7,11.8,361,168,0,493,62.93,38.29,0.16,1017,2.5,69,0.7000000000000001,29.4485,23.1490
2022,3,15,14,30,18.400000000000002,136,807,705,7,12.200000000000001,328,131,0,420,67.05,45.17,0.16,1016,2.7,64,0.8,24.6531,19.3557
2022,3,15,15,30,17.5,125,738,550,6,12.700000000000001,231,34,0,251,73.56,54.84,0.16,1016,2.8000000000000003,72,0.9,14.2145,11.1288
2022,3,15,16,30,16.5,106,621,358,7,13.100000000000001,124,7,0,127,80.24,66.02,0.16,1015,2.8000000000000003,77,1.2000000000000002,6.7219,5.2275
2022,3,15,17,30,15.200000000000001,71,389,152,6,12.100000000000001,48,1,0,48,81.87,77.97,0.16,1015,2.7,87,1.3,2.2974,1.7560
2022,3,15,18,30,14.200000000000001,7,22,7,6,11.200000000000001,3,0,57,3,82.41,89.86,0.16,1015,2.7,101,1.2000000000000002,0.0000,0.0000
2022,3,15,19,30,14.100000000000001,0,0,0,6,11.200000000000001,0,0,0,0,82.96000000000001,102.81,0.16,1016,2.8000000000000003,112,1.2000000000000002,0.0000,0.0000
2022,3,15,20,30,13.700000000000001,0,0,0,6,11.200000000000001,0,0,0,0,84.72,115,0.16,1015,2.9000000000000004,123,1.2000000000000002,0.0000,0.0000
2022,3,15,21,30,13,0,0,0,6,11.5,0,0,0,0,90.86,126.58,0.16,1015,3,133,1,0.0000,0.0000
2022,3,15,22,30,12.700000000000001,0,0,0,6,11.9,0,0,0,0,95.06,136.87,0.16,1016,3.1,139,0.9,0.0000,0.0000
2022,3,15,23,30,12.8,0,0,0,6,12.3,0,0,0,0,96.75,144.6,0.16,1015,3.2,135,0.9,0.0000,0.0000
2022,3,16,0,30,13,0,0,0,6,12.600000000000001,0,0,0,0,97.13,147.78,0.16,1015,3.2,119,1.1,0.0000,0.0000
2022,3,16,1,30,13,0,0,0,6,12.600000000000001,0,0,0,0,97.33,145.12,0.16,1014,3.2,101,1.3,0.0000,0.0000
2022,3,16,2,30,13,0,0,0,7,12.5,0,0,0,0,96.81,137.73,0.16,1013,3.3000000000000003,89,1.5,0.0000,0.0000
2022,3,16,3,30,13.100000000000001,0,0,0,7,12.5,0,0,0,0,95.94,127.61,0.16,1012,3.3000000000000003,80,1.7000000000000002,0.0000,0.0000
2022,3,16,4,30,13,0,0,0,7,12.5,0,0,0,0,96.72,116.11,0.16,1011,3.4000000000000004,71,1.8,0.0000,0.0000
2022,3,16,5,30,12.9,0,0,0,8,12.5,0,0,0,0,97.52,103.95,0.16,1011,3.5,66,1.8,0.0000,0.0000
2022,3,16,6,30,13.4,3,16,3,4,12.5,1,0,43,1,94.19,91.53,0.16,1011,3.6,70,2.4000000000000004,0.0000,0.0000
2022,3,16,7,30,14.3,50,479,141,4,13.200000000000001,15,0,14,15,93.08,79.05,0.16,1010,3.6,77,2.9000000000000004,0.7153,0.5457
2022,3,16,8,30,15.200000000000001,74,704,349,4,14,93,27,0,104,92.84,67.03,0.16,1010,3.5,81,2.7,5.4608,4.2428
2022,3,16,9,30,16.1,90,808,545,8,14.8,167,32,0,185,92.26,55.7,0.16,1010,3.4000000000000004,88,2.7,10.4346,8.1667
2022,3,16,10,30,17.1,99,866,703,8,15.700000000000001,154,2,0,155,91.19,45.77,0.16,1010,3.3000000000000003,97,2.6,9.0818,7.1294
2022,3,16,11,30,18,104,893,803,8,16.400000000000002,79,0,0,79,90.16,38.46,0.16,1009,3.3000000000000003,104,2.4000000000000004,4.7172,3.7080
2022,3,16,12,30,18.6,111,893,838,6,16.8,171,4,0,174,89.02,35.51,0.16,1009,3.3000000000000003,102,2,10.4528,8.2199
2022,3,16,13,30,18.900000000000002,121,867,805,6,16.900000000000002,41,0,0,41,87.98,37.94,0.16,1008,3.2,89,1.6,2.4509,1.9267
2022,3,16,14,30,19.1,124,823,707,8,17,83,1,0,84,87.36,44.89,0.16,1007,3.1,64,1.2000000000000002,4.9347,3.8746
2022,3,16,15,30,19,117,758,556,7,17.1,114,8,0,119,88.47,54.61,0.16,1007,2.9000000000000004,43,1.2000000000000002,6.7462,5.2822
2022,3,16,16,30,18.3,101,644,365,8,17,105,17,0,112,92,65.83,0.16,1006,2.7,35,1.3,5.9367,4.6176
2022,3,16,17,30,16.8,69,422,158,7,16.8,93,174,0,130,100,77.81,0.16,1007,2.5,34,1.2000000000000002,6.2273,4.7610
2022,3,16,18,30,15.4,8,31,8,6,15.4,5,0,57,5,100,89.73,0.16,1007,2.5,35,1.2000000000000002,0.0000,0.0000
2022,3,16,19,30,14.5,0,0,0,9,14.5,0,0,0,0,100,102.65,0.16,1007,2.4000000000000004,36,1.3,0.0000,0.0000
2022,3,16,20,30,13.600000000000001,0,0,0,9,13.600000000000001,0,0,0,0,100,114.82000000000001,0.16,1008,2.5,35,1.2000000000000002,0.0000,0.0000
2022,3,16,21,30,12.600000000000001,0,0,0,9,12.600000000000001,0,0,0,0,100,126.37,0.16,1007,2.5,31,1,0.0000,0.0000
2022,3,16,22,30,11.9,0,0,0,9,11.9,0,0,0,0,100,136.61,0.16,1007,2.6,24,0.9,0.0000,0.0000
2022,3,16,23,30,11.4,0,0,0,6,11.4,0,0,0,0,100,144.26,0.16,1006,2.6,16,0.9,0.0000,0.0000
2022,3,17,0,30,11.100000000000001,0,0,0,0,11.100000000000001,0,0,0,0,100,147.39000000000001,0.16,1006,2.6,6,0.9,0.0000,0.0000
2022,3,17,1,30,10.9,0,0,0,4,10.9,0,0,0,0,100,144.73,0.16,1006,2.6,174,0.9,0.0000,0.0000
2022,3,17,2,30,10.600000000000001,0,0,0,8,10.600000000000001,0,0,0,0,100,137.37,0.16,1005,2.6,344,0.9,0.0000,0.0000
2022,3,17,3,30,10.3,0,0,0,8,10.3,0,0,0,0,100,127.29,0.16,1005,2.5,339,0.9,0.0000,0.0000
2022,3,17,4,30,10,0,0,0,0,10,0,0,0,0,100,115.81,0.16,1006,2.5,333,0.8,0.0000,0.0000
2022,3,17,5,30,9.8,0,0,0,0,9.8,0,0,0,0,100,103.66,0.16,1006,2.5,329,0.8,0.0000,0.0000
2022,3,17,6,30,10.8,6,26,5,0,9.8,6,26,0,5,93.27,91.25,0.16,1007,2.4000000000000004,326,1,0.0000,0.0000
2022,3,17,7,30,13,57,467,148,0,11.200000000000001,57,451,0,145,88.92,78.77,0.16,1007,2.4000000000000004,325,1.2000000000000002,6.9189,5.2812
2022,3,17,8,30,15.5,85,694,359,0,12.700000000000001,86,519,0,291,83.36,66.73,0.16,1008,2.3000000000000003,317,1.1,15.3165,11.9036
2022,3,17,9,30,17.7,100,812,561,3,13.600000000000001,172,1,0,173,76.9,55.370000000000005,0.16,1008,2.2,303,1.2000000000000002,9.7731,7.6500
2022,3,17,10,30,19.5,105,882,724,3,14,329,90,0,392,70.55,45.410000000000004,0.16,1008,2.1,294,1.2000000000000002,22.9931,18.0515
2022,3,17,11,30,20.900000000000002,110,915,830,0,14.4,110,915,0,830,66.19,38.07,0.16,1008,2,289,1.2000000000000002,49.6022,38.9927
2022,3,17,12,30,21.8,110,930,871,3,14.5,381,47,0,419,63.370000000000005,35.11,0.16,1007,1.9000000000000001,285,1.1,25.1900,19.8098
2022,3,17,13,30,22.400000000000002,106,926,840,3,14.600000000000001,374,86,0,442,61.44,37.59,0.16,1007,1.9000000000000001,281,0.9,26.4417,20.7874
2022,3,17,14,30,22.5,100,904,744,0,14.600000000000001,179,699,0,677,61.07,44.61,0.16,1006,1.8,273,0.8,39.8033,31.2542
2022,3,17,15,30,22.200000000000003,91,854,588,0,14.5,91,854,0,588,61.81,54.39,0.16,1007,1.8,257,0.7000000000000001,33.3675,26.1286
2022,3,17,16,30,21.200000000000003,78,757,390,0,14.600000000000001,78,757,0,390,66,65.65,0.16,1007,1.8,238,0.7000000000000001,20.7008,16.1040
2022,3,17,17,30,18.8,55,553,173,0,16.3,55,553,0,173,85.37,77.64,0.16,1008,1.8,223,0.8,8.2947,6.3436
2022,3,17,18,30,16.3,10,64,10,0,14.3,10,64,0,10,88.01,89.59,0.16,1008,1.8,214,0.9,0.0000,0.0000
2022,3,17,19,30,15.3,0,0,0,0,13.700000000000001,0,0,0,0,90.23,102.48,0.16,1009,1.8,212,0.9,0.0000,0.0000
2022,3,17,20,30,14.700000000000001,0,0,0,0,13.600000000000001,0,0,0,0,93.07000000000001,114.64,0.16,1009,1.7000000000000002,210,0.9,0.0000,0.0000
2022,3,17,21,30,14,0,0,0,3,13.4,0,0,0,0,96.33,126.15,0.16,1009,1.7000000000000002,210,1,0.0000,0.0000
2022,3,17,22,30,13.4,0,0,0,0,13.200000000000001,0,0,0,0,98.97,136.34,0.16,1009,1.6,211,1,0.0000,0.0000
2022,3,17,23,30,12.8,0,0,0,0,12.8,0,0,0,0,100,143.92000000000002,0.16,1010,1.6,213,1,0.0000,0.0000
2022,3,18,0,30,12.200000000000001,0,0,0,0,12.200000000000001,0,0,0,0,100,146.99,0.16,1010,1.5,217,1,0.0000,0.0000
2022,3,18,1,30,11.700000000000001,0,0,0,0,11.700000000000001,0,0,0,0,100,144.33,0.16,1010,1.5,221,0.9,0.0000,0.0000
2022,3,18,2,30,11.3,0,0,0,0,11.3,0,0,0,0,100,137.01,0.16,1010,1.4000000000000001,225,1,0.0000,0.0000
2022,3,18,3,30,11.100000000000001,0,0,0,0,11.100000000000001,0,0,0,0,100,126.96000000000001,0.16,1010,1.4000000000000001,224,1.1,0.0000,0.0000
2022,3,18,4,30,11,0,0,0,0,11,0,0,0,0,100,115.52,0.16,1010,1.4000000000000001,219,1.1,0.0000,0.0000
2022,3,18,5,30,11,0,0,0,0,11,0,0,0,0,100,103.38,0.16,1010,1.3,210,1.1,0.0000,0.0000
2022,3,18,6,30,12.3,7,38,6,0,11.8,7,38,14,6,96.58,90.97,0.16,1011,1.3,196,1,0.0000,0.0000
2022,3,18,7,30,14.8,54,540,162,0,12.8,73,283,0,129,87.78,78.49,0.16,1011,1.3,177,1,6.1608,4.7047
2022,3,18,8,30,18,79,754,381,3,13.9,210,177,0,281,76.83,66.43,0.16,1011,1.3,170,1.2000000000000002,14.8253,11.5252
2022,3,18,9,30,21,97,847,582,7,13.9,237,377,0,453,64.05,55.04,0.16,1011,1.4000000000000001,182,1.5,25.6303,20.0650
2022,3,18,10,30,22.400000000000002,110,891,739,7,12.8,309,365,57,567,54.59,45.050000000000004,0.16,1011,1.5,190,1.7000000000000002,33.2934,26.1401
2022,3,18,11,30,22.900000000000002,119,908,838,7,12.600000000000001,355,284,0,580,52.22,37.68,0.16,1010,1.7000000000000002,184,1.9000000000000001,34.6906,27.2721
2022,3,18,12,30,23.1,128,902,869,6,12.600000000000001,382,201,14,547,51.78,34.71,0.16,1009,1.9000000000000001,183,2.1,32.9098,25.8821
2022,3,18,13,30,22.6,127,881,828,7,12.9,354,199,0,512,54.120000000000005,37.25,0.16,1008,2.2,180,1.8,30.6510,24.0978
2022,3,18,14,30,21.400000000000002,121,842,723,7,13.700000000000001,134,4,0,137,61.71,44.33,0.16,1007,2.8000000000000003,171,1.3,8.0612,6.3301
2022,3,18,15,30,20.200000000000003,110,774,563,7,15.5,43,0,0,43,74.61,54.160000000000004,0.16,1007,3.4000000000000004,185,0.9,2.4426,1.9129
2022,3,18,16,30,18.900000000000002,95,655,367,6,16.2,33,0,0,33,84.28,65.46000000000001,0.16,1007,3.5,223,0.6000000000000001,1.7541,1.3648
2022,3,18,17,30,17.6,66,438,161,6,16,12,0,0,12,90.43,77.47,0.16,1008,3.3000000000000003,222,0.5,0.5759,0.4406
2022,3,18,18,30,16.7,9,38,9,6,15.200000000000001,2,0,57,2,91.02,89.46000000000001,0.16,1008,3.1,197,0.7000000000000001,0.0000,0.0000
2022,3,18,19,30,16.2,0,0,0,6,14.8,0,0,0,0,91.49,102.32000000000001,0.16,1008,3,191,0.9,0.0000,0.0000
2022,3,18,20,30,15.8,0,0,0,6,14.200000000000001,0,0,0,0,90.21000000000001,114.46000000000001,0.16,1008,3,189,1.1,0.0000,0.0000
2022,3,18,21,30,15.4,0,0,0,6,13.600000000000001,0,0,0,0,88.94,125.94,0.16,1008,2.9000000000000004,188,1.3,0.0000,0.0000
2022,3,18,22,30,15,0,0,0,6,13.100000000000001,0,0,0,0,88.60000000000001,136.07,0.16,1008,2.9000000000000004,189,1.5,0.0000,0.0000
2022,3,18,23,30,14.700000000000001,0,0,0,6,12.700000000000001,0,0,0,0,88.03,143.59,0.16,1007,2.8000000000000003,195,1.7000000000000002,0.0000,0.0000
2022,3,19,0,30,14.5,0,0,0,8,12.9,0,0,0,0,90.2,146.6,0.16,1007,2.8000000000000003,203,1.8,0.0000,0.0000
2022,3,19,1,30,14.5,0,0,0,0,13.3,0,0,0,0,92.31,143.94,0.16,1006,2.8000000000000003,209,2,0.0000,0.0000
2022,3,19,2,30,15,0,0,0,0,14,0,0,0,0,93.75,136.65,0.16,1006,2.7,215,2.4000000000000004,0.0000,0.0000
2022,3,19,3,30,15.4,0,0,0,0,14.600000000000001,0,0,0,0,95.06,126.64,0.16,1006,2.6,219,2.5,0.0000,0.0000
2022,3,19,4,30,15.700000000000001,0,0,0,0,15.200000000000001,0,0,0,0,96.79,115.22,0.16,1006,2.6,219,2.5,0.0000,0.0000
2022,3,19,5,30,16,0,0,0,0,15.5,0,0,0,0,96.68,103.09,0.16,1006,2.7,217,2.5,0.0000,0.0000
2022,3,19,6,30,16.900000000000002,5,15,5,0,15.9,5,15,0,5,93.58,90.11,0.16,1007,3,216,2.7,0.0000,0.0000
2022,3,19,7,30,18.5,70,373,146,0,16.7,63,265,4,117,89.08,78.2,0.16,1007,3.2,216,3,5.5941,4.2740
2022,3,19,8,30,20.3,109,592,349,0,17.6,113,421,0,283,84.65,66.13,0.16,1008,3.4000000000000004,216,3.2,14.9660,11.6377
2022,3,19,9,30,21.900000000000002,133,707,541,3,18.400000000000002,186,112,0,251,80.3,54.72,0.16,1008,3.6,219,3.7,14.2223,11.1355
2022,3,19,10,30,23.400000000000002,144,778,697,3,18.7,129,0,0,129,75.01,44.69,0.16,1007,3.6,223,4,7.5826,5.9539
2022,3,19,11,30,24.3,144,824,800,3,18.8,132,29,0,155,71.42,37.28,0.16,1007,3.6,225,4.1000000000000005,9.2785,7.2947
2022,3,19,12,30,24.700000000000003,140,846,839,3,18.8,282,10,39,290,69.61,34.32,0.16,1006,3.5,227,4,17.4601,13.7322
2022,3,19,13,30,24.900000000000002,139,839,810,0,18.8,269,466,39,642,69.03,36.9,0.16,1005,3.4000000000000004,231,3.9000000000000004,38.4612,30.2396
2022,3,19,14,30,24.900000000000002,133,813,717,0,18.8,133,813,0,717,68.72,44.050000000000004,0.16,1005,3.1,237,3.7,42.2222,33.1574
2022,3,19,15,30,24.200000000000003,122,756,567,0,18,162,639,0,538,68.4,53.94,0.16,1005,2.8000000000000003,245,3.4000000000000004,30.5913,23.9588
2022,3,19,16,30,22.700000000000003,103,658,378,3,16.6,180,267,18,292,68.31,65.27,0.16,1006,2.3000000000000003,254,2.9000000000000004,15.5436,12.0959
2022,3,19,17,30,19.900000000000002,66,482,172,5,14.700000000000001,85,84,11,103,72.05,77.31,0.16,1007,1.9000000000000001,264,2.3000000000000003,4.9480,3.7864
2022,3,19,18,30,17.2,10,53,11,8,12.5,10,42,29,10,73.79,89.32000000000001,0.16,1008,1.6,273,1.9000000000000001,0.0000,0.0000
2022,3,19,19,30,15.4,0,0,0,5,11,0,0,0,0,75.18,102.15,0.16,1008,1.4000000000000001,277,1.8,0.0000,0.0000
2022,3,19,20,30,14.200000000000001,0,0,0,7,10.4,0,0,0,0,77.76,114.28,0.16,1009,1.4000000000000001,279,1.7000000000000002,0.0000,0.0000
2022,3,19,21,30,13.700000000000001,0,0,0,7,10,0,0,0,0,78.27,125.72,0.16,1009,1.3,282,1.7000000000000002,0.0000,0.0000
2022,3,19,22,30,13.4,0,0,0,6,9.600000000000001,0,0,0,0,77.89,135.8,0.16,1009,1.2000000000000002,285,1.8,0.0000,0.0000
2022,3,19,23,30,12.8,0,0,0,7,9.3,0,0,0,0,79.37,143.25,0.16,1010,1.2000000000000002,288,1.8,0.0000,0.0000
2022,3,20,0,30,12.100000000000001,0,0,0,6,8.9,0,0,0,0,80.85000000000001,146.20000000000002,0.16,1010,1.2000000000000002,290,1.7000000000000002,0.0000,0.0000
2022,3,20,1,30,11.5,0,0,0,7,8.4,0,0,0,0,81.36,143.54,0.16,1010,1.2000000000000002,293,1.7000000000000002,0.0000,0.0000
2022,3,20,2,30,10.9,0,0,0,0,7.7,0,0,0,0,80.86,136.29,0.16,1011,1.1,297,1.7000000000000002,0.0000,0.0000
2022,3,20,3,30,9.9,0,0,0,0,7,0,0,0,0,82.17,126.31,0.16,1011,0.9,298,1.5,0.0000,0.0000
2022,3,20,4,30,8.5,0,0,0,0,6.5,0,0,0,0,87.07000000000001,114.91,0.16,1012,0.7000000000000001,299,1.3,0.0000,0.0000
2022,3,20,5,30,7.5,0,0,0,0,6.1000000000000005,0,0,0,0,90.99,102.81,0.16,1012,0.6000000000000001,299,1.2000000000000002,0.0000,0.0000
2022,3,20,6,30,8.1,9,59,9,0,5.9,9,59,0,9,86.25,89.85000000000001,0.16,1013,0.6000000000000001,300,1.6,0.0000,0.0000
2022,3,20,7,30,10.4,59,569,178,0,5.9,59,569,0,178,73.83,77.91,0.16,1014,0.6000000000000001,310,2.2,8.5222,6.5145
2022,3,20,8,30,12.700000000000001,81,791,405,0,4.9,81,791,0,405,59.09,65.82000000000001,0.16,1014,0.6000000000000001,322,2.4000000000000004,21.4690,16.6992
2022,3,20,9,30,14.5,93,895,614,0,4.2,93,895,0,614,50.160000000000004,54.39,0.16,1014,0.6000000000000001,323,2.4000000000000004,34.8429,27.2840
2022,3,20,10,30,16.1,102,945,778,0,4,102,945,0,778,44.63,44.33,0.16,1014,0.6000000000000001,317,2.2,45.7781,35.9478
2022,3,20,11,30,17.3,109,964,880,0,4.1000000000000005,109,964,0,880,41.480000000000004,36.89,0.16,1014,0.7000000000000001,309,2.3000000000000003,52.7205,41.4508
2022,3,20,12,30,18.3,113,969,917,0,4.2,113,969,0,917,39.17,33.92,0.16,1013,0.7000000000000001,303,2.5,55.2499,43.4556
2022,3,20,13,30,18.8,113,955,880,0,4.2,113,955,0,880,38.15,36.56,0.16,1013,0.8,302,2.7,52.7558,41.4804
2022,3,20,14,30,19,109,923,776,0,4.4,109,923,0,776,38.06,43.77,0.16,1013,0.8,303,2.7,45.7323,35.9158
2022,3,20,15,30,18.8,100,869,614,0,4.7,100,869,0,614,39.46,53.72,0.16,1013,0.8,305,2.5,34.9464,27.3718
2022,3,20,16,30,17.6,85,771,410,0,5.4,85,771,0,410,44.6,65.09,0.16,1013,0.8,308,1.9000000000000001,21.8542,17.0094
2022,3,20,17,30,14.8,60,567,186,0,8.200000000000001,60,567,0,186,64.79,77.14,0.16,1013,0.8,314,1.4000000000000001,8.9449,6.8472
2022,3,20,18,30,12.4,11,73,12,0,7.6000000000000005,11,73,0,12,72.76,89.17,0.16,1014,0.7000000000000001,323,1.3,0.0000,0.0000
2022,3,20,19,30,11.700000000000001,0,0,0,0,7,0,0,0,0,72.77,101.99000000000001,0.16,1014,0.7000000000000001,333,1.4000000000000001,0.0000,0.0000
2022,3,20,20,30,10.9,0,0,0,0,6.6000000000000005,0,0,0,0,74.68,114.09,0.16,1015,0.7000000000000001,341,1.3,0.0000,0.0000
2022,3,20,21,30,9.700000000000001,0,0,0,0,6.2,0,0,0,0,79.09,125.5,0.16,1016,0.7000000000000001,345,1.2000000000000002,0.0000,0.0000
2022,3,20,22,30,8.700000000000001,0,0,0,0,5.9,0,0,0,0,82.74,135.53,0.16,1016,0.7000000000000001,346,1.2000000000000002,0.0000,0.0000
2022,3,20,23,30,8.1,0,0,0,0,5.5,0,0,0,0,83.63,142.91,0.16,1016,0.7000000000000001,347,1.2000000000000002,0.0000,0.0000
2022,3,21,0,30,7.6000000000000005,0,0,0,0,5.2,0,0,0,0,84.7,145.81,0.16,1017,0.7000000000000001,351,1.2000000000000002,0.0000,0.0000
2022,3,21,1,30,7.1000000000000005,0,0,0,0,5,0,0,0,0,86.49,143.15,0.16,1017,0.7000000000000001,178,1.1,0.0000,0.0000
2022,3,21,2,30,6.6000000000000005,0,0,0,0,4.800000000000001,0,0,0,0,88.56,135.93,0.16,1017,0.7000000000000001,5,1.1,0.0000,0.0000
2022,3,21,3,30,6.1000000000000005,0,0,0,0,4.7,0,0,0,0,90.62,125.99000000000001,0.16,1017,0.7000000000000001,12,1.1,0.0000,0.0000
2022,3,21,4,30,5.6000000000000005,0,0,0,0,4.5,0,0,0,0,92.85000000000001,114.61,0.16,1018,0.6000000000000001,17,1.1,0.0000,0.0000
2022,3,21,5,30,5.4,0,0,0,0,4.4,0,0,0,0,93.38,102.52,0.16,1018,0.6000000000000001,23,1.1,0.0000,0.0000
2022,3,21,6,30,7.2,10,69,10,0,4.4,10,69,0,10,82.67,89.61,0.16,1019,0.6000000000000001,30,1.3,0.0000,0.0000
2022,3,21,7,30,10.4,56,592,183,0,5.2,56,592,0,183,70.13,77.63,0.16,1020,0.6000000000000001,38,1.4000000000000001,8.7746,6.7108
2022,3,21,8,30,13.9,78,806,412,0,6.5,78,806,0,412,61.050000000000004,65.52,0.16,1020,0.6000000000000001,53,1.4000000000000001,21.8901,17.0311
2022,3,21,9,30,17,90,900,618,0,6.800000000000001,90,900,0,618,51.06,54.07,0.16,1020,0.7000000000000001,69,1.9000000000000001,35.1200,27.5043
2022,3,21,10,30,18.5,98,952,783,0,4.4,98,952,0,783,39.33,43.97,0.16,1020,0.7000000000000001,77,2,46.1191,36.2182
2022,3,21,11,30,19.5,103,972,884,0,4.6000000000000005,103,972,0,884,37.56,36.49,0.16,1019,0.8,87,1.7000000000000002,53.0030,41.6752
2022,3,21,12,30,20.1,106,976,920,0,5.1000000000000005,106,976,0,920,37.35,33.53,0.16,1018,0.8,100,1.5,55.4689,43.6298
2022,3,21,13,30,20.400000000000002,107,959,881,0,5.5,107,959,0,881,37.77,36.21,0.16,1018,0.9,116,1.3,52.8526,41.5585
2022,3,21,14,30,20.3,103,933,780,0,5.800000000000001,103,933,0,780,38.79,43.5,0.16,1017,0.9,131,1.1,46.0022,36.1297
2022,3,21,15,30,19.8,94,882,619,0,6.1000000000000005,94,882,0,619,40.69,53.5,0.16,1017,0.9,142,1,35.2647,27.6233
2022,3,21,16,30,18.6,81,785,414,0,6.9,81,785,0,414,46.410000000000004,64.9,0.16,1016,0.9,144,0.8,22.0985,17.2022
2022,3,21,17,30,16.3,59,580,190,0,9.3,63,544,0,186,63.39,76.98,0.16,1016,0.9,138,0.9,8.9544,6.8564
2022,3,21,18,30,13.700000000000001,12,79,13,8,7.300000000000001,10,1,71,10,65.15,89.03,0.16,1016,0.9,134,1.2000000000000002,0.0000,0.0000
2022,3,21,19,30,12,0,0,0,8,6.300000000000001,0,0,0,0,68.23,101.82000000000001,0.15,1016,0.9,137,1.2000000000000002,0.0000,0.0000
2022,3,21,20,30,10.9,0,0,0,8,6.4,0,0,0,0,73.71000000000001,113.91,0.15,1016,0.9,147,1.2000000000000002,0.0000,0.0000
2022,3,21,21,30,10,0,0,0,8,6.4,0,0,0,0,78.08,125.29,0.15,1016,0.9,159,1.2000000000000002,0.0000,0.0000
2022,3,21,22,30,9.9,0,0,0,7,6.6000000000000005,0,0,0,0,80.05,135.26,0.15,1016,0.8,170,1.3,0.0000,0.0000
2022,3,21,23,30,9.9,0,0,0,8,7.1000000000000005,0,0,0,0,82.71000000000001,142.56,0.15,1016,0.8,177,1.1,0.0000,0.0000
2022,3,22,0,30,9.5,0,0,0,7,7.300000000000001,0,0,0,0,86.07000000000001,145.42000000000002,0.15,1016,0.9,182,1,0.0000,0.0000
2022,3,22,1,30,8.6,0,0,0,8,7.300000000000001,0,0,0,0,91.61,142.75,0.15,1015,0.9,186,0.9,0.0000,0.0000
2022,3,22,2,30,8.3,0,0,0,8,6.9,0,0,0,0,91,135.56,0.15,1015,0.9,189,0.8,0.0000,0.0000
2022,3,22,3,30,8.6,0,0,0,8,6.9,0,0,0,0,89.32000000000001,125.66,0.15,1015,1,192,0.8,0.0000,0.0000
2022,3,22,4,30,9,0,0,0,8,7,0,0,0,0,87.04,114.31,0.15,1015,1.1,192,0.8,0.0000,0.0000
2022,3,22,5,30,9.4,0,0,0,7,6.9,0,0,0,0,84.57000000000001,102.23,0.15,1015,1.1,184,0.8,0.0000,0.0000
2022,3,22,6,30,10.3,10,53,11,8,7.1000000000000005,8,0,57,8,80.32000000000001,89.38,0.15,1015,1.1,159,0.7000000000000001,0.0000,0.0000
2022,3,22,7,30,12.200000000000001,64,522,178,8,8.4,103,178,0,142,77.61,77.35000000000001,0.15,1015,1.2000000000000002,137,1,6.8199,5.2185
2022,3,22,8,30,15,90,737,399,8,9,192,292,0,314,67.17,65.23,0.15,1015,1.2000000000000002,137,1.5,16.7197,13.0116
2022,3,22,9,30,18.2,107,837,602,8,10.8,235,444,0,498,62.120000000000005,53.74,0.15,1015,1.2000000000000002,152,2,28.3417,22.1985
2022,3,22,10,30,20.1,120,884,760,3,11.5,347,224,11,509,57.79,43.61,0.15,1015,1.3,163,2.1,30.0103,23.5693
2022,3,22,11,30,21.1,131,901,859,8,11.8,363,336,14,634,55.19,36.1,0.15,1014,1.4000000000000001,166,2,38.0430,29.9139
2022,3,22,12,30,21.8,140,894,889,7,12.100000000000001,381,285,0,620,54.14,33.13,0.15,1014,1.6,168,1.8,37.4072,29.4245
2022,3,22,13,30,22.3,147,866,849,3,12.5,408,220,18,586,53.980000000000004,35.87,0.15,1013,1.7000000000000002,170,1.6,35.1786,27.6624
2022,3,22,14,30,22.3,147,819,744,2,12.8,299,430,4,612,54.78,43.230000000000004,0.15,1012,1.8,168,1.5,36.1206,28.3703
2022,3,22,15,30,21.8,135,753,585,8,13.100000000000001,254,253,7,405,57.59,53.28,0.15,1012,1.9000000000000001,160,1.4000000000000001,23.0948,18.0919
2022,3,22,16,30,20.400000000000002,113,647,389,0,14.3,127,438,0,314,67.96000000000001,64.72,0.15,1011,1.9000000000000001,149,1.2000000000000002,16.7828,13.0663
2022,3,22,17,30,18.900000000000002,75,446,177,3,15.100000000000001,83,167,0,121,78.5,76.81,0.15,1011,1.8,144,1.4000000000000001,5.8320,4.4670
2022,3,22,18,30,18.1,13,48,14,0,13.8,10,7,39,10,76.19,88.9,0.15,1011,1.8,145,1.8,0.0000,0.0000
2022,3,22,19,30,17.5,0,0,0,0,13.4,0,0,0,0,77.11,101.66,0.15,1011,1.9000000000000001,148,1.8,0.0000,0.0000
2022,3,22,20,30,16.6,0,0,0,0,13.5,0,0,0,0,81.98,113.72,0.15,1011,2,145,1.6,0.0000,0.0000
2022,3,22,21,30,15.8,0,0,0,7,13.8,0,0,0,0,87.7,125.07000000000001,0.15,1010,2.1,141,1.5,0.0000,0.0000
2022,3,22,22,30,15.200000000000001,0,0,0,8,14.100000000000001,0,0,0,0,93.10000000000001,134.98,0.15,1010,2.3000000000000003,138,1.4000000000000001,0.0000,0.0000
2022,3,22,23,30,14.8,0,0,0,7,14.4,0,0,0,0,97.32000000000001,142.22,0.15,1009,2.5,136,1.4000000000000001,0.0000,0.0000
2022,3,23,0,30,14.8,0,0,0,7,14.600000000000001,0,0,0,0,98.94,145.02,0.15,1009,2.8000000000000003,137,1.5,0.0000,0.0000
2022,3,23,1,30,15,0,0,0,7,14.9,0,0,0,0,99.06,142.35,0.15,1008,2.9000000000000004,137,1.5,0.0000,0.0000
2022,3,23,2,30,15.200000000000001,0,0,0,7,15,0,0,0,0,99.02,135.2,0.15,1007,3.1,134,1.6,0.0000,0.0000
2022,3,23,3,30,15.3,0,0,0,7,15.200000000000001,0,0,0,0,99.4,125.33,0.15,1006,3.3000000000000003,135,1.6,0.0000,0.0000
2022,3,23,4,30,15.3,0,0,0,6,15.3,0,0,0,0,100,114.01,0.15,1006,3.5,139,1.6,0.0000,0.0000
2022,3,23,5,30,15.5,0,0,0,6,15.5,0,0,0,0,100,101.94,0.15,1006,3.5,142,1.7000000000000002,0.0000,0.0000
2022,3,23,6,30,16.7,9,21,9,6,15.9,2,0,57,2,94.88,89.14,0.15,1006,3.6,146,2,0.0000,0.0000
2022,3,23,7,30,18.7,81,354,160,6,16.7,16,0,0,16,88.28,77.06,0.15,1006,3.6,154,2.5,0.7699,0.5894
2022,3,23,8,30,20.8,115,591,365,6,18,30,0,0,30,83.94,64.93,0.15,1006,3.8000000000000003,169,3.2,1.6010,1.2462
2022,3,23,9,30,22.5,131,719,559,6,19,63,0,0,63,80.56,53.42,0.15,1005,3.9000000000000004,180,3.8000000000000003,3.5904,2.8125
2022,3,23,10,30,23.400000000000002,143,778,710,6,19.3,109,0,0,109,77.77,43.25,0.15,1005,4.1000000000000005,184,3.8000000000000003,6.4329,5.0526
2022,3,23,11,30,23.900000000000002,157,799,806,6,19.5,236,6,0,241,76.37,35.7,0.15,1004,4.3,185,3.8000000000000003,14.4724,11.3805
2022,3,23,12,30,24,163,802,838,6,19.6,188,1,0,189,76.60000000000001,32.74,0.15,1003,4.3,185,3.6,11.4108,8.9761
2022,3,23,13,30,24,161,794,807,6,19.8,283,16,0,296,77.26,35.53,0.15,1003,4.2,184,3.4000000000000004,17.7811,13.9826
2022,3,23,14,30,24.1,147,775,714,6,20,316,52,0,354,77.75,42.96,0.15,1002,4,179,3.2,20.9085,16.4230
2022,3,23,15,30,23.700000000000003,129,720,562,6,20.1,229,33,0,249,80.35000000000001,53.07,0.15,1001,4.2,172,3.1,14.2117,11.1339
2022,3,23,16,30,23.1,111,604,371,7,20.3,27,0,0,27,84.04,64.54,0.15,1001,4.4,174,2.9000000000000004,1.4450,1.1252
2022,3,23,17,30,22.400000000000002,78,381,166,7,20.400000000000002,31,1,7,31,88.39,76.65,0.15,1002,4.2,182,2.8000000000000003,1.4958,1.1461
2022,3,23,18,30,21.900000000000002,12,30,13,7,20.400000000000002,7,0,71,7,91.46000000000001,88.77,0.15,1003,4.3,185,2.8000000000000003,0.0000,0.0000
2022,3,23,19,30,21.6,0,0,0,8,20.6,0,0,0,0,93.93,101.49000000000001,0.15,1004,4.4,184,2.8000000000000003,0.0000,0.0000
2022,3,23,20,30,21.400000000000002,0,0,0,3,20.700000000000003,0,0,0,0,95.63,113.54,0.15,1004,4.2,188,2.8000000000000003,0.0000,0.0000
2022,3,23,21,30,21.1,0,0,0,3,20.5,0,0,0,0,96.47,124.85000000000001,0.15,1004,4,196,2.8000000000000003,0.0000,0.0000
2022,3,23,22,30,20.6,0,0,0,0,20.200000000000003,0,0,0,0,97.51,134.71,0.15,1003,3.9000000000000004,198,2.4000000000000004,0.0000,0.0000
2022,3,23,23,30,20.3,0,0,0,7,19.900000000000002,0,0,0,0,97.32000000000001,141.88,0.15,1003,4,201,2.2,0.0000,0.0000
2022,3,24,0,30,20.200000000000003,0,0,0,7,19.8,0,0,0,0,97.48,144.63,0.15,1004,4.1000000000000005,211,2.3000000000000003,0.0000,0.0000
2022,3,24,1,30,19.900000000000002,0,0,0,6,19.700000000000003,0,0,0,0,98.92,141.96,0.15,1004,3.9000000000000004,226,2.3000000000000003,0.0000,0.0000
2022,3,24,2,30,19,0,0,0,6,18.900000000000002,0,0,0,0,99.34,134.84,0.15,1004,3.7,236,1.9000000000000001,0.0000,0.0000
2022,3,24,3,30,18,0,0,0,6,17.7,0,0,0,0,97.96000000000001,125,0.15,1004,3.5,232,1.6,0.0000,0.0000
2022,3,24,4,30,17.1,0,0,0,6,17,0,0,0,0,99.24000000000001,113.7,0.15,1004,3.4000000000000004,224,1.4000000000000001,0.0000,0.0000
2022,3,24,5,30,16.5,0,0,0,6,16.3,0,0,0,0,98.58,101.66,0.15,1004,3.2,221,1.4000000000000001,0.0000,0.0000
2022,3,24,6,30,16.5,11,36,12,6,15.700000000000001,2,0,71,2,94.93,88.89,0.15,1004,3.3000000000000003,216,1.6,0.0000,0.0000
2022,3,24,7,30,17.2,80,380,167,6,15.9,14,0,0,14,91.88,76.78,0.15,1005,3.3000000000000003,217,1.9000000000000001,0.6749,0.5170
2022,3,24,8,30,18.1,123,582,372,6,15.5,120,6,0,123,84.56,64.63,0.15,1005,3.2,227,2,6.5785,5.1220
2022,3,24,9,30,19,154,680,562,6,14.4,149,5,0,152,74.83,53.1,0.15,1005,3.2,233,2,8.6743,6.7957
2022,3,24,10,30,19.200000000000003,178,732,714,6,13.3,256,11,0,264,68.51,42.89,0.15,1005,3.1,233,2,15.5957,12.2501
2022,3,24,11,30,19.200000000000003,185,775,817,6,12.8,137,0,0,137,66.49,35.31,0.15,1005,2.9000000000000004,237,2,8.2332,6.4746
2022,3,24,12,30,19.5,178,805,858,6,12.4,188,1,0,189,63.42,32.34,0.15,1004,2.7,246,1.9000000000000001,11.4184,8.9825
2022,3,24,13,30,19.8,171,800,825,6,11.8,204,3,0,206,59.83,35.19,0.15,1003,2.8000000000000003,250,2.1,12.3827,9.7379
2022,3,24,14,30,19,160,770,726,6,11.3,186,5,0,190,60.82,42.69,0.15,1003,2.9000000000000004,251,2.5,11.2301,8.8214
2022,3,24,15,30,17.3,134,734,577,6,10.9,147,6,0,151,66.01,52.86,0.15,1004,2.9000000000000004,242,2.3000000000000003,8.6260,6.7583
2022,3,24,16,30,15.9,105,657,389,6,11.4,51,0,0,51,74.41,64.36,0.15,1003,2.5,225,1.8,2.7330,2.1284
2022,3,24,17,30,15,72,473,182,7,11.600000000000001,50,3,0,51,80.15,76.49,0.15,1004,2.1,217,1.6,2.4638,1.8883
2022,3,24,18,30,14.200000000000001,13,70,15,8,11.600000000000001,7,0,71,7,84.26,88.61,0.15,1004,1.7000000000000002,214,1.4000000000000001,0.0000,0.0000
2022,3,24,19,30,13.600000000000001,0,0,0,7,11.700000000000001,0,0,0,0,88.01,101.33,0.15,1004,1.5,209,1.4000000000000001,0.0000,0.0000
2022,3,24,20,30,13.3,0,0,0,7,11.8,0,0,0,0,90.85000000000001,113.35000000000001,0.15,1004,1.4000000000000001,205,1.4000000000000001,0.0000,0.0000
2022,3,24,21,30,12.9,0,0,0,6,12,0,0,0,0,94.31,124.62,0.15,1003,1.5,209,1.4000000000000001,0.0000,0.0000
2022,3,24,22,30,12.700000000000001,0,0,0,7,12.100000000000001,0,0,0,0,95.89,134.43,0.15,1003,1.5,220,1.5,0.0000,0.0000
2022,3,24,23,30,12.600000000000001,0,0,0,8,11.9,0,0,0,0,95.51,141.54,0.15,1004,1.5,229,1.6,0.0000,0.0000
2022,3,25,0,30,12.4,0,0,0,8,11.600000000000001,0,0,0,0,94.66,144.24,0.15,1004,1.5,241,1.6,0.0000,0.0000
2022,3,25,1,30,11.600000000000001,0,0,0,4,11.200000000000001,0,0,0,0,97.16,141.56,0.15,1004,1.4000000000000001,255,1.4000000000000001,0.0000,0.0000
2022,3,25,2,30,10.600000000000001,0,0,0,8,10.5,0,0,0,0,99.55,134.47,0.15,1004,1.2000000000000002,267,1.3,0.0000,0.0000
2022,3,25,3,30,9.8,0,0,0,0,9.8,0,0,0,0,100,124.67,0.15,1004,1.1,275,1.3,0.0000,0.0000
2022,3,25,4,30,9,0,0,0,0,9,0,0,0,0,99.93,113.4,0.15,1004,1,277,1.2000000000000002,0.0000,0.0000
2022,3,25,5,30,8.4,0,0,0,0,8.3,0,0,0,0,99.4,101.37,0.15,1005,1.1,270,1.1,0.0000,0.0000
2022,3,25,6,30,9.5,14,67,16,0,8,14,67,0,16,90.51,88.63,0.15,1005,1.2000000000000002,254,1.3,0.0000,0.0000
2022,3,25,7,30,12.100000000000001,77,461,185,0,8.6,91,329,0,168,78.92,76.49,0.15,1005,1.3,238,1.6,8.1160,6.2201
2022,3,25,8,30,15.100000000000001,117,646,397,0,9.3,117,646,0,397,68.46000000000001,64.33,0.15,1005,1.5,232,1.8,21.2791,16.5720
2022,3,25,9,30,17.7,128,781,600,0,8.3,128,781,0,600,53.93,52.78,0.15,1004,1.6,236,2.3000000000000003,34.2868,26.8640
2022,3,25,10,30,19,116,880,764,0,8.1,116,880,0,764,49.1,42.53,0.15,1004,1.8,240,2.7,45.1759,35.4873
2022,3,25,11,30,19.700000000000003,126,900,864,0,8.700000000000001,148,843,0,839,49.08,34.92,0.15,1003,1.8,245,3.1,50.4580,39.6820
2022,3,25,12,30,19.8,129,907,899,0,9.200000000000001,300,381,0,623,50.45,31.95,0.15,1002,1.8,253,3.3000000000000003,37.6626,29.6292
2022,3,25,13,30,19.5,132,894,866,5,8.700000000000001,288,83,4,356,49.800000000000004,34.86,0.15,1001,1.7000000000000002,260,3.4000000000000004,21.4125,16.8397
2022,3,25,14,30,19.200000000000003,129,861,765,4,7.6000000000000005,117,4,0,120,47.050000000000004,42.43,0.15,1001,1.6,266,3.5,7.0976,5.5755
2022,3,25,15,30,18.5,116,813,609,0,6.9,152,628,0,533,46.800000000000004,52.65,0.15,1001,1.5,270,3.4000000000000004,30.4746,23.8782
2022,3,25,16,30,17.3,92,729,410,0,6.5,109,604,0,372,49.06,64.18,0.15,1002,1.5,273,3.2,19.9605,15.5469
2022,3,25,17,30,15.3,63,550,193,0,6.300000000000001,63,550,0,193,54.870000000000005,76.33,0.15,1003,1.4000000000000001,274,2.8000000000000003,9.3349,7.1565
2022,3,25,18,30,13.4,14,95,17,0,6.2,14,95,0,17,61.86,88.47,0.15,1004,1.4000000000000001,273,2.2,0.0000,0.0000
2022,3,25,19,30,12,0,0,0,0,6.4,0,0,0,0,68.44,101.16,0.15,1004,1.3,272,1.9000000000000001,0.0000,0.0000
2022,3,25,20,30,11.100000000000001,0,0,0,0,6.6000000000000005,0,0,0,0,73.84,113.17,0.15,1004,1.3,274,1.8,0.0000,0.0000
2022,3,25,21,30,10.200000000000001,0,0,0,0,6.7,0,0,0,0,79.01,124.4,0.15,1005,1.2000000000000002,275,1.6,0.0000,0.0000
2022,3,25,22,30,9.4,0,0,0,0,6.7,0,0,0,0,83.35000000000001,134.16,0.15,1004,1.2000000000000002,274,1.4000000000000001,0.0000,0.0000
2022,3,25,23,30,8.6,0,0,0,0,6.7,0,0,0,0,87.73,141.20000000000002,0.15,1004,1.2000000000000002,272,1.3,0.0000,0.0000
2022,3,26,0,30,8.1,0,0,0,0,6.6000000000000005,0,0,0,0,90.52,143.84,0.15,1004,1.3,273,1.3,0.0000,0.0000
2022,3,26,1,30,7.6000000000000005,0,0,0,0,6.6000000000000005,0,0,0,0,93.57000000000001,141.17000000000002,0.15,1004,1.3,276,1.3,0.0000,0.0000
2022,3,26,2,30,7.2,0,0,0,0,6.6000000000000005,0,0,0,0,96.06,134.11,0.15,1005,1.3,277,1.3,0.0000,0.0000
2022,3,26,3,30,6.800000000000001,0,0,0,0,6.5,0,0,0,0,98.17,124.34,0.15,1005,1.2000000000000002,275,1.3,0.0000,0.0000
2022,3,26,4,30,6.5,0,0,0,0,6.4,0,0,0,0,99.37,113.10000000000001,0.15,1005,1,270,1.2000000000000002,0.0000,0.0000
2022,3,26,5,30,6.4,0,0,0,0,6.2,0,0,0,0,98.92,101.08,0.15,1005,0.9,265,1.2000000000000002,0.0000,0.0000
2022,3,26,6,30,7.9,16,98,19,0,6.2,16,98,0,19,88.74,88.37,0.15,1005,0.8,262,1.7000000000000002,0.0000,0.0000
2022,3,26,7,30,10.8,65,569,201,0,6.4,65,569,0,201,74.09,76.21000000000001,0.15,1005,0.8,266,2.4000000000000004,9.7308,7.4616
2022,3,26,8,30,13.3,91,770,428,0,6.2,91,770,0,428,62.050000000000004,64.03,0.15,1004,0.7000000000000001,274,3.1,22.9898,17.9084
2022,3,26,9,30,14.9,104,875,637,0,4.3,104,875,0,637,49.18,52.46,0.15,1004,0.7000000000000001,279,3.5,36.4495,28.5616
2022,3,26,10,30,15.9,110,933,801,0,2.5,110,933,0,801,40.42,42.18,0.15,1004,0.7000000000000001,280,3.7,47.4069,37.2422
2022,3,26,11,30,16.6,113,962,906,0,1.7000000000000002,113,962,0,906,36.62,34.53,0.15,1003,0.7000000000000001,278,3.9000000000000004,54.5268,42.8839
2022,3,26,12,30,17.2,113,968,938,0,1.5,113,968,0,938,34.65,31.560000000000002,0.15,1002,0.8,277,4.1000000000000005,56.7413,44.6402
2022,3,26,13,30,17.6,112,959,902,0,1.4000000000000001,112,959,0,902,33.62,34.52,0.15,1001,0.8,276,4.2,54.2871,42.6954
2022,3,26,14,30,17.6,107,933,798,0,1.3,107,933,0,798,33.43,42.17,0.15,1000,0.8,277,4.3,47.2306,37.1037
2022,3,26,15,30,17.400000000000002,95,887,636,0,1.3,95,887,0,636,33.83,52.44,0.15,1000,0.8,278,4.1000000000000005,36.3953,28.5193
2022,3,26,16,30,16.5,81,798,431,0,1.4000000000000001,81,798,0,431,36.18,64.01,0.15,1001,0.8,279,3.6,23.1542,18.0368
2022,3,26,17,30,14.8,59,606,204,0,2.1,59,606,0,204,42.160000000000004,76.17,0.15,1001,0.8,279,2.8000000000000003,9.8791,7.5759
2022,3,26,18,30,12.9,16,111,19,0,2.6,16,111,0,19,49.5,88.33,0.15,1002,0.8,281,2.3000000000000003,0.0000,0.0000
2022,3,26,19,30,11.8,0,0,0,0,2.8000000000000003,0,0,0,0,54.18,101,0.15,1003,0.8,286,2.2,0.0000,0.0000
2022,3,26,20,30,10.8,0,0,0,0,3.1,0,0,0,0,58.96,112.98,0.15,1004,0.8,293,2.1,0.0000,0.0000
2022,3,26,21,30,9.9,0,0,0,0,3.2,0,0,0,0,62.910000000000004,124.18,0.15,1004,0.7000000000000001,300,1.9000000000000001,0.0000,0.0000
2022,3,26,22,30,8.9,0,0,0,0,3.1,0,0,0,0,66.91,133.88,0.15,1005,0.7000000000000001,306,1.7000000000000002,0.0000,0.0000
2022,3,26,23,30,7.9,0,0,0,0,2.7,0,0,0,0,69.9,140.85,0.15,1006,0.6000000000000001,310,1.5,0.0000,0.0000
2022,3,27,0,30,6.9,0,0,0,0,2.3000000000000003,0,0,0,0,72.66,143.45000000000002,0.15,1006,0.6000000000000001,314,1.4000000000000001,0.0000,0.0000
2022,3,27,1,30,5.9,0,0,0,0,1.9000000000000001,0,0,0,0,75.56,140.77,0.15,1006,0.5,315,1.2000000000000002,0.0000,0.0000
2022,3,27,2,30,4.800000000000001,0,0,0,0,1.6,0,0,0,0,79.85000000000001,133.75,0.15,1006,0.5,314,1.1,0.0000,0.0000
2022,3,27,3,30,3.8000000000000003,0,0,0,0,1.5,0,0,0,0,85.09,124.01,0.15,1007,0.5,310,1,0.0000,0.0000
2022,3,27,4,30,3.2,0,0,0,0,1.4000000000000001,0,0,0,0,88.14,112.79,0.15,1007,0.5,302,1,0.0000,0.0000
2022,3,27,5,30,3.1,0,0,0,0,1.3,0,0,0,0,88.05,100.79,0.15,1008,0.6000000000000001,294,1,0.0000,0.0000
2022,3,27,6,30,5.1000000000000005,16,112,20,0,1.5,16,112,0,20,77.47,88.11,0.15,1008,0.6000000000000001,286,1.4000000000000001,0.0000,0.0000
2022,3,27,7,30,8.6,62,610,210,0,1.9000000000000001,62,610,0,210,62.660000000000004,75.93,0.15,1008,0.7000000000000001,282,1.9000000000000001,10.1890,7.8170
2022,3,27,8,30,11.4,81,808,438,0,0,81,808,0,438,45.35,63.74,0.15,1008,0.7000000000000001,283,2.2,23.5750,18.3683
2022,3,27,9,30,13.200000000000001,95,892,642,0,-1.8,95,892,0,642,35.24,52.14,0.15,1008,0.8,286,2.5,36.7836,28.8264
2022,3,27,10,30,14.700000000000001,104,934,800,0,-1.9000000000000001,104,934,0,800,31.75,41.82,0.15,1008,0.9,289,2.7,47.3914,37.2324
2022,3,27,11,30,16,108,961,903,0,-1.6,108,961,0,903,29.88,34.14,0.15,1007,0.9,291,3,54.3849,42.7742
2022,3,27,12,30,16.900000000000002,110,966,937,0,-1,110,966,0,937,29.5,31.16,0.15,1007,0.9,292,3.2,56.7168,44.6227
2022,3,27,13,30,17.6,112,948,896,0,-0.30000000000000004,112,948,0,896,29.87,34.19,0.15,1006,1,293,3.4000000000000004,53.9584,42.4385
2022,3,27,14,30,17.900000000000002,104,929,795,0,0.6000000000000001,104,929,0,795,31.07,41.910000000000004,0.15,1006,1,293,3.4000000000000004,47.0845,36.9906
2022,3,27,15,30,17.8,90,891,636,0,1.3,90,891,0,636,32.93,52.230000000000004,0.15,1005,1,293,3.2,36.4265,28.5457
2022,3,27,16,30,17,77,810,434,0,2,77,810,0,434,36.47,63.83,0.15,1006,0.9,293,2.7,23.3450,18.1879
2022,3,27,17,30,14.700000000000001,56,627,208,0,3.7,56,627,0,208,47.71,76.01,0.15,1006,0.9,294,2,10.0855,7.7365
2022,3,27,18,30,12.100000000000001,16,132,20,0,4.3,16,132,0,20,58.94,88.18,0.15,1007,0.9,298,1.7000000000000002,0.0000,0.0000
2022,3,27,19,30,10.5,0,0,0,0,4.2,0,0,0,0,65.04,100.83,0.15,1008,0.9,306,1.6,0.0000,0.0000
2022,3,27,20,30,9.200000000000001,0,0,0,0,4.1000000000000005,0,0,0,0,70.48,112.8,0.15,1009,0.8,317,1.4000000000000001,0.0000,0.0000
2022,3,27,21,30,8.1,0,0,0,0,3.8000000000000003,0,0,0,0,74.05,123.96000000000001,0.15,1009,0.9,327,1.3,0.0000,0.0000
2022,3,27,22,30,7.4,0,0,0,0,3.1,0,0,0,0,74.06,133.6,0.15,1009,0.9,334,1.3,0.0000,0.0000
2022,3,27,23,30,7,0,0,0,0,2.3000000000000003,0,0,0,0,72.03,140.51,0.15,1010,1,339,1.3,0.0000,0.0000
2022,3,28,0,30,6.5,0,0,0,0,1.7000000000000002,0,0,0,0,71.27,143.06,0.15,1010,1,342,1.2000000000000002,0.0000,0.0000
2022,3,28,1,30,6,0,0,0,0,1.1,0,0,0,0,71.03,140.38,0.15,1011,1,345,1.1,0.0000,0.0000
2022,3,28,2,30,5.300000000000001,0,0,0,8,0.7000000000000001,0,0,0,0,72.41,133.38,0.15,1011,1,348,1.1,0.0000,0.0000
2022,3,28,3,30,4.4,0,0,0,5,0.4,0,0,0,0,75.49,123.68,0.15,1011,1,351,1,0.0000,0.0000
2022,3,28,4,30,3.6,0,0,0,5,0.30000000000000004,0,0,0,0,78.78,112.49000000000001,0.15,1011,1.1,356,1,0.0000,0.0000
2022,3,28,5,30,3.5,0,0,0,5,0.1,0,0,0,0,78.23,100.5,0.15,1012,1.1,180,0.9,0.0000,0.0000
2022,3,28,6,30,5.4,18,155,24,5,0.30000000000000004,11,0,86,11,69.66,87.85000000000001,0.15,1012,1.1,5,1.1,0.0000,0.0000
2022,3,28,7,30,8.8,59,619,212,4,0.5,34,0,0,34,56.01,75.65,0.15,1012,1.1,10,1.2000000000000002,1.6534,1.2692
2022,3,28,8,30,11.700000000000001,80,795,435,5,-1.5,235,62,0,263,40.01,63.45,0.15,1012,1.1,183,1.2000000000000002,14.1843,11.0540
2022,3,28,9,30,13.8,95,879,638,5,-2.2,295,285,0,471,33.07,51.82,0.15,1012,1.1,339,1.2000000000000002,27.0209,21.1778
2022,3,28,10,30,15.600000000000001,105,920,794,0,-1.4000000000000001,105,920,0,794,31.220000000000002,41.47,0.15,1012,1.2000000000000002,314,1.3,47.0775,36.9881
2022,3,28,11,30,17,112,938,892,0,-0.6000000000000001,112,938,0,892,30.240000000000002,33.75,0.15,1011,1.2000000000000002,295,1.6,53.7598,42.2845
2022,3,28,12,30,18.1,119,936,923,0,0.2,119,936,0,923,29.82,30.77,0.15,1010,1.3,286,1.9000000000000001,55.9034,43.9844
2022,3,28,13,30,18.8,121,916,882,0,1,121,916,0,882,30.26,33.86,0.15,1010,1.4000000000000001,285,2.3000000000000003,53.1468,41.8018
2022,3,28,14,30,19.1,121,878,777,0,1.9000000000000001,121,878,0,777,31.77,41.65,0.15,1010,1.4000000000000001,287,2.4000000000000004,46.0488,36.1786
2022,3,28,15,30,18.900000000000002,117,806,613,0,2.9000000000000004,117,806,0,613,34.44,52.03,0.15,1009,1.5,286,2.3000000000000003,35.1377,27.5375
2022,3,28,16,30,17.900000000000002,103,690,409,0,4.1000000000000005,103,690,0,409,39.910000000000004,63.660000000000004,0.15,1010,1.6,282,1.9000000000000001,22.0264,17.1628
2022,3,28,17,30,15.200000000000001,74,483,192,0,7.800000000000001,74,483,0,192,61.19,75.86,0.15,1010,1.6,276,1.3,9.3209,7.1520
2022,3,28,18,30,12.700000000000001,16,84,19,0,7.6000000000000005,16,84,0,19,71.25,88.04,0.15,1010,1.7000000000000002,277,1.2000000000000002,0.0000,0.0000
2022,3,28,19,30,11.8,0,0,0,0,7.300000000000001,0,0,0,0,74.06,100.67,0.15,1011,1.8,292,1.3,0.0000,0.0000
2022,3,28,20,30,11.4,0,0,0,0,7.6000000000000005,0,0,0,0,77.64,112.61,0.15,1011,1.7000000000000002,315,1.3,0.0000,0.0000
2022,3,28,21,30,10.600000000000001,0,0,0,0,7.4,0,0,0,0,80.5,123.73,0.15,1012,1.7000000000000002,339,1.3,0.0000,0.0000
2022,3,28,22,30,9.5,0,0,0,0,6.5,0,0,0,0,81.41,133.32,0.15,1013,1.5,178,1.3,0.0000,0.0000
2022,3,28,23,30,8.4,0,0,0,0,4.800000000000001,0,0,0,0,78.02,140.17000000000002,0.15,1013,1.5,13,1.3,0.0000,0.0000
2022,3,29,0,30,7.7,0,0,0,0,3.3000000000000003,0,0,0,0,73.83,142.67000000000002,0.15,1014,1.5,24,1.3,0.0000,0.0000
2022,3,29,1,30,7.6000000000000005,0,0,0,0,2.5,0,0,0,0,70.14,139.99,0.15,1015,1.5,34,1.4000000000000001,0.0000,0.0000
2022,3,29,2,30,7.300000000000001,0,0,0,0,1.9000000000000001,0,0,0,0,68.68,133.02,0.15,1015,1.4000000000000001,47,1.4000000000000001,0.0000,0.0000
2022,3,29,3,30,6.300000000000001,0,0,0,0,1.5,0,0,0,0,71.5,123.35000000000001,0.15,1015,1.3,60,1.4000000000000001,0.0000,0.0000
2022,3,29,4,30,5.5,0,0,0,0,1.2000000000000002,0,0,0,0,73.62,112.18,0.15,1016,1.2000000000000002,68,1.4000000000000001,0.0000,0.0000
2022,3,29,5,30,5.2,0,0,0,0,0.7000000000000001,0,0,0,0,72.87,100.22,0.15,1017,1.2000000000000002,71,1.5,0.0000,0.0000
2022,3,29,6,30,5.9,20,103,24,0,0.4,20,103,0,24,67.99,87.59,0.15,1017,1.3,74,2.1,0.0000,0.0000
2022,3,29,7,30,7.5,75,511,204,0,-1.1,75,511,0,204,54.44,75.36,0.15,1018,1.4000000000000001,77,2.6,9.9447,7.6376
2022,3,29,8,30,9.4,108,696,422,3,-2.8000000000000003,207,36,0,223,42.160000000000004,63.15,0.15,1018,1.5,79,2.3000000000000003,12.0517,9.3941
2022,3,29,9,30,11.4,130,787,620,3,-2.6,341,181,0,454,37.53,51.5,0.15,1018,1.5,82,2,26.0786,20.4414
2022,3,29,10,30,13.100000000000001,147,834,775,3,-1.6,378,301,0,605,36.13,41.12,0.15,1018,1.6,85,1.7000000000000002,35.9026,28.2098
2022,3,29,11,30,14.3,156,859,873,8,-0.7000000000000001,370,394,0,699,35.79,33.36,0.15,1017,1.6,89,1.5,42.1568,33.1597
2022,3,29,12,30,15.3,160,864,905,0,0.2,183,822,0,892,35.69,30.38,0.15,1017,1.7000000000000002,96,1.4000000000000001,54.0581,42.5341
2022,3,29,13,30,16.2,157,854,869,0,1,157,854,0,869,35.77,33.53,0.15,1016,1.7000000000000002,105,1.3,52.3940,41.2112
2022,3,29,14,30,16.6,148,826,768,0,1.8,148,826,0,768,36.84,41.39,0.15,1015,1.7000000000000002,115,1.1,45.5451,35.7845
2022,3,29,15,30,16.5,132,773,610,0,2.3000000000000003,132,773,0,610,38.57,51.82,0.15,1015,1.7000000000000002,120,1,34.9952,27.4277
2022,3,29,16,30,15.8,109,682,413,0,3,109,682,0,413,42.4,63.49,0.15,1015,1.6,116,1,22.2681,17.3532
2022,3,29,17,30,13.5,74,498,197,0,5.300000000000001,74,481,0,193,57.75,75.7,0.15,1015,1.6,107,1,9.3817,7.2007
2022,3,29,18,30,10.9,18,94,21,0,5.6000000000000005,18,94,0,21,70.02,87.89,0.15,1014,1.5,101,1.1,0.0000,0.0000
2022,3,29,19,30,10.100000000000001,0,0,0,0,4.2,0,0,0,0,66.67,100.5,0.15,1015,1.5,101,1.4000000000000001,0.0000,0.0000
2022,3,29,20,30,9.8,0,0,0,3,3.5,0,0,0,0,65.05,112.42,0.15,1014,1.5,106,1.4000000000000001,0.0000,0.0000
2022,3,29,21,30,9.3,0,0,0,8,3.8000000000000003,0,0,0,0,68.45,123.51,0.15,1014,1.5,116,1.4000000000000001,0.0000,0.0000
2022,3,29,22,30,8.9,0,0,0,8,4.6000000000000005,0,0,0,0,74.27,133.04,0.15,1014,1.6,125,1.3,0.0000,0.0000
2022,3,29,23,30,8.5,0,0,0,8,5.7,0,0,0,0,82.46000000000001,139.82,0.15,1014,1.6,130,1.2000000000000002,0.0000,0.0000
2022,3,30,0,30,8.1,0,0,0,8,6.7,0,0,0,0,90.60000000000001,142.28,0.15,1014,1.7000000000000002,133,1.2000000000000002,0.0000,0.0000
2022,3,30,1,30,7.9,0,0,0,8,7.4,0,0,0,0,96.39,139.6,0.15,1013,1.7000000000000002,133,1.1,0.0000,0.0000
2022,3,30,2,30,7.9,0,0,0,8,7.9,0,0,0,0,100,132.66,0.15,1013,1.8,130,1,0.0000,0.0000
2022,3,30,3,30,7.9,0,0,0,4,7.9,0,0,0,0,100,123.02,0.15,1013,1.8,124,1,0.0000,0.0000
2022,3,30,4,30,8.1,0,0,0,5,8.1,0,0,0,0,100,111.88,0.15,1013,1.9000000000000001,114,0.9,0.0000,0.0000
2022,3,30,5,30,8.5,0,0,0,8,8.4,0,0,0,0,99.28,99.93,0.15,1013,2,100,0.9,0.0000,0.0000
2022,3,30,6,30,9.4,21,66,24,7,8.3,7,0,86,7,92.94,87.33,0.15,1013,2.1,84,1.2000000000000002,0.0000,0.0000
2022,3,30,7,30,11.200000000000001,87,439,200,8,8.6,53,2,0,54,83.97,75.09,0.15,1013,2.1,72,1.4000000000000001,2.6385,2.0274
2022,3,30,8,30,14.200000000000001,115,661,417,7,9.5,126,6,0,129,73.54,62.86,0.15,1013,2.1,79,1.4000000000000001,6.9853,5.4460
2022,3,30,9,30,18,131,773,615,7,12.100000000000001,252,49,0,283,68.54,51.19,0.15,1012,2.1,117,1.6,16.2758,12.7587
2022,3,30,10,30,21.200000000000003,142,828,769,0,15.100000000000001,256,513,0,645,68.39,40.77,0.15,1011,2.2,158,1.9000000000000001,38.3091,30.1025
2022,3,30,11,30,23.6,146,858,866,3,16.7,374,208,0,549,65.4,32.97,0.15,1011,2.3000000000000003,176,2.3000000000000003,33.1326,26.0625
2022,3,30,12,30,25.200000000000003,153,856,894,0,16.900000000000002,190,718,0,812,59.97,30,0.15,1009,2.4000000000000004,179,2.6,49.2379,38.7429
2022,3,30,13,30,25.900000000000002,160,826,851,8,16.6,326,451,7,703,56.42,33.2,0.15,1008,2.5,179,2.8000000000000003,42.4098,33.3593
2022,3,30,14,30,26.1,160,775,744,0,16.3,259,448,4,596,54.660000000000004,41.14,0.15,1007,2.7,178,2.8000000000000003,35.3668,27.7887
2022,3,30,15,30,25.700000000000003,155,691,584,0,16.1,229,402,0,479,55.52,51.620000000000005,0.15,1007,2.7,174,2.8000000000000003,27.5017,21.5560
2022,3,30,16,30,24.700000000000003,135,564,388,0,16.3,135,564,0,388,59.67,63.32,0.15,1006,2.7,168,2.8000000000000003,20.9446,16.3239
2022,3,30,17,30,23.200000000000003,90,368,182,0,16.6,90,368,0,182,66.26,75.55,0.15,1006,2.7,162,2.8000000000000003,8.8580,6.8007
2022,3,30,18,30,21.6,17,51,19,0,16.400000000000002,17,51,0,19,72.47,87.76,0.15,1005,2.6,159,3,0.0000,0.0000
2022,3,30,19,30,20.400000000000002,0,0,0,8,16.6,0,0,0,0,79.04,100.34,0.15,1005,2.5,161,3.1,0.0000,0.0000
2022,3,30,20,30,19.5,0,0,0,7,17.1,0,0,0,0,85.82000000000001,112.23,0.15,1005,2.4000000000000004,163,3,0.0000,0.0000
2022,3,30,21,30,19.1,0,0,0,8,17.3,0,0,0,0,89.41,123.28,0.15,1005,2.5,165,2.9000000000000004,0.0000,0.0000
2022,3,30,22,30,18.900000000000002,0,0,0,8,17.400000000000002,0,0,0,0,90.74,132.76,0.15,1005,2.7,167,3,0.0000,0.0000
2022,3,30,23,30,18.8,0,0,0,7,17.3,0,0,0,0,91.17,139.48,0.15,1004,2.8000000000000003,168,3.2,0.0000,0.0000
2022,3,31,0,30,18.7,0,0,0,7,17.400000000000002,0,0,0,0,92.4,141.89000000000001,0.15,1004,2.8000000000000003,170,3.3000000000000003,0.0000,0.0000
2022,3,31,1,30,18.8,0,0,0,7,17.7,0,0,0,0,93.15,139.21,0.15,1003,2.8000000000000003,171,3.4000000000000004,0.0000,0.0000
2022,3,31,2,30,19,0,0,0,7,17.900000000000002,0,0,0,0,93.29,132.3,0.15,1002,2.8000000000000003,174,3.6,0.0000,0.0000
2022,3,31,3,30,19.1,0,0,0,7,18.1,0,0,0,0,93.65,122.7,0.15,1001,2.8000000000000003,178,3.7,0.0000,0.0000
2022,3,31,4,30,19.200000000000003,0,0,0,6,18.1,0,0,0,0,93.27,111.58,0.15,1001,2.9000000000000004,180,3.7,0.0000,0.0000
2022,3,31,5,30,19.400000000000002,0,0,0,7,18,0,0,0,0,91.65,99.65,0.15,1000,3,182,3.8000000000000003,0.0000,0.0000
2022,3,31,6,30,20.1,22,54,25,7,17.900000000000002,13,0,100,13,87.38,87.08,0.15,1000,3.2,182,4.1000000000000005,0.0000,0.0000
2022,3,31,7,30,21.200000000000003,90,396,194,7,18,32,1,0,32,82.12,74.81,0.15,1000,3.5,183,4.5,1.5674,1.2050
2022,3,31,8,30,22.8,124,601,401,5,18.2,47,0,0,47,75.19,62.57,0.15,999,3.7,184,4.800000000000001,2.5500,1.9884
2022,3,31,9,30,24.3,142,713,592,7,18.400000000000002,44,0,0,44,69.7,50.88,0.15,998,4,187,5.1000000000000005,2.5335,1.9862
2022,3,31,10,30,25.1,155,768,740,7,18.7,55,0,0,55,67.62,40.42,0.15,997,4.3,193,5.2,3.2694,2.5692
2022,3,31,11,30,25,164,793,832,8,18.900000000000002,78,0,0,78,68.98,32.58,0.15,997,4.6000000000000005,204,5.1000000000000005,4.7105,3.7055
2022,3,31,12,30,24.3,171,796,863,8,19.3,89,0,4,89,73.73,29.61,0.15,997,4.4,214,4.6000000000000005,5.3999,4.2491
2022,3,31,13,30,24.1,173,785,832,4,19.900000000000002,252,19,0,268,77.59,32.88,0.15,996,3.9000000000000004,221,3.9000000000000004,16.1765,12.7248
2022,3,31,14,30,24.5,159,767,739,3,20.6,113,110,0,196,78.71000000000001,40.89,0.15,996,3.5,224,3.6,11.6378,9.1446
2022,3,31,15,30,24.5,135,735,593,0,20.5,149,686,0,577,78.32000000000001,51.42,0.15,996,3,226,3.2,33.1544,25.9882
2022,3,31,16,30,23.8,103,675,408,0,20.200000000000003,131,520,0,366,80.18,63.15,0.15,997,2.4000000000000004,229,2.7,19.7800,15.4181
2022,3,31,17,30,22.1,70,522,202,0,19.1,98,350,0,186,82.98,75.39,0.15,997,1.9000000000000001,233,2.2,9.0649,6.9615
2022,3,31,18,30,20,19,113,24,8,16.900000000000002,19,13,57,20,82.42,87.61,0.15,998,1.6,237,2,0.0000,0.0000
2022,3,31,19,30,18.400000000000002,0,0,0,0,15,0,0,0,0,80.33,100.17,0.15,999,1.5,239,2.1,0.0000,0.0000
2022,3,31,20,30,17.2,0,0,0,0,13.5,0,0,0,0,78.93,112.04,0.15,1000,1.5,239,2,0.0000,0.0000
2022,3,31,21,30,16.3,0,0,0,0,12.700000000000001,0,0,0,0,79.27,123.05,0.15,1000,1.5,239,2,0.0000,0.0000
2022,3,31,22,30,15.600000000000001,0,0,0,0,12.4,0,0,0,0,81.17,132.48,0.15,1001,1.6,244,2.1,0.0000,0.0000
2022,3,31,23,30,15,0,0,0,0,12.4,0,0,14,0,84.57000000000001,139.14000000000001,0.15,1001,1.7000000000000002,257,2.1,0.0000,0.0000
2022,4,1,0,30,14.600000000000001,0,0,0,0,12.4,0,0,0,0,86.75,141.5,0.15,1002,1.7000000000000002,273,2.2,0.0000,0.0000
2022,4,1,1,30,13.9,0,0,0,0,11.700000000000001,0,0,0,0,86.33,138.82,0.15,1002,1.5,282,2.1,0.0000,0.0000
2022,4,1,2,30,13,0,0,0,0,10.100000000000001,0,0,0,0,82.69,131.93,0.15,1003,1.3,282,2,0.0000,0.0000
2022,4,1,3,30,12.100000000000001,0,0,0,3,9,0,0,0,0,81.21000000000001,122.37,0.15,1003,1.2000000000000002,282,2,0.0000,0.0000
2022,4,1,4,30,11.5,0,0,0,0,8,0,0,0,0,79.17,111.28,0.15,1004,1,283,2,0.0000,0.0000
2022,4,1,5,30,11.100000000000001,0,0,0,0,7,0,0,0,0,76.08,99.36,0.15,1005,0.9,281,1.8,0.0000,0.0000
2022,4,1,6,30,12,24,190,35,0,6.800000000000001,24,190,0,35,70.29,86.81,0.15,1005,0.8,279,2,0.0000,0.0000
2022,4,1,7,30,14,65,634,234,0,7.2,65,634,0,234,63.61,74.53,0.15,1006,0.7000000000000001,278,2.6,11.4903,8.8377
2022,4,1,8,30,15.700000000000001,86,808,462,0,6.5,86,808,0,462,54.36,62.29,0.15,1006,0.7000000000000001,278,3.1,25.1118,19.5857
2022,4,1,9,30,17.2,100,895,668,0,5.800000000000001,100,895,0,668,47.050000000000004,50.57,0.15,1007,0.7000000000000001,276,3.2,38.5089,30.1932
2022,4,1,10,30,18.6,108,942,829,0,5.6000000000000005,108,942,0,829,42.46,40.08,0.15,1007,0.7000000000000001,274,3.2,49.3188,38.7580
2022,4,1,11,30,19.900000000000002,113,962,927,0,5.6000000000000005,113,962,0,927,39.28,32.2,0.15,1007,0.8,274,3.1,56.0176,44.0678
2022,4,1,12,30,20.900000000000002,114,968,959,0,5.800000000000001,114,968,0,959,37.44,29.23,0.15,1006,0.8,274,3,58.2173,45.8116
2022,4,1,13,30,21.6,112,960,921,0,6.1000000000000005,112,960,0,921,36.61,32.55,0.15,1006,0.8,274,2.8000000000000003,55.6226,43.7555
2022,4,1,14,30,21.700000000000003,107,931,813,0,6.5,107,931,0,813,37.230000000000004,40.64,0.15,1006,0.9,276,2.6,48.3025,37.9558
2022,4,1,15,30,21.5,99,882,651,0,6.800000000000001,99,882,0,651,38.64,51.230000000000004,0.15,1006,0.9,278,2.4000000000000004,37.4342,29.3447
2022,4,1,16,30,20.400000000000002,85,786,442,0,7.2,85,786,0,442,42.480000000000004,62.980000000000004,0.15,1006,1,279,2,23.9148,18.6434
2022,4,1,17,30,17.7,64,600,217,0,9.700000000000001,64,600,0,217,59.620000000000005,75.24,0.15,1007,1,279,1.4000000000000001,10.5893,8.1344
2022,4,1,18,30,14.9,21,141,27,0,10,21,141,0,27,72.69,87.46000000000001,0.15,1008,1,280,1.1,0.0000,0.0000
2022,4,1,19,30,13.600000000000001,0,0,0,0,9.200000000000001,0,0,0,0,74.57000000000001,100.01,0.15,1009,1,288,1.1,0.0000,0.0000
2022,4,1,20,30,12.8,0,0,0,0,9.200000000000001,0,0,0,0,78.89,111.85000000000001,0.15,1009,1,304,1,0.0000,0.0000
2022,4,1,21,30,11.9,0,0,0,0,9.3,0,0,0,0,83.94,122.83,0.15,1009,1,325,1,0.0000,0.0000
2022,4,1,22,30,10.8,0,0,0,0,9.200000000000001,0,0,0,0,89.91,132.2,0.15,1010,1,347,0.9,0.0000,0.0000
2022,4,1,23,30,10,0,0,0,0,8.9,0,0,0,0,92.7,138.79,0.15,1010,1,187,1,0.0000,0.0000
2022,4,2,0,30,9.200000000000001,0,0,0,0,8.200000000000001,0,0,0,0,93.62,141.12,0.15,1010,1,23,1.1,0.0000,0.0000
2022,4,2,1,30,8.4,0,0,0,0,7.4,0,0,0,0,93.12,138.43,0.15,1011,1,35,1.2000000000000002,0.0000,0.0000
2022,4,2,2,30,7.7,0,0,0,0,6.5,0,0,0,0,92.18,131.57,0.15,1011,1,45,1.4000000000000001,0.0000,0.0000
2022,4,2,3,30,7.2,0,0,0,0,5.7,0,0,0,0,90.19,122.04,0.15,1012,1,53,1.7000000000000002,0.0000,0.0000
2022,4,2,4,30,6.7,0,0,0,0,5.1000000000000005,0,0,0,0,89.35000000000001,110.98,0.15,1012,0.9,57,1.7000000000000002,0.0000,0.0000
2022,4,2,5,30,6.4,0,0,0,0,4.6000000000000005,0,0,0,0,88.07000000000001,99.08,0.15,1013,0.9,60,1.6,0.0000,0.0000
2022,4,2,6,30,7.6000000000000005,26,164,36,0,4,26,164,0,36,77.77,86.54,0.15,1013,0.9,65,2.1,0.0000,0.0000
2022,4,2,7,30,9.8,75,580,232,0,2.7,87,515,0,227,61.39,74.26,0.15,1013,0.9,73,2.7,11.1738,8.5982
2022,4,2,8,30,12,100,759,456,0,1.5,100,759,0,456,48.57,62,0.15,1014,0.9,80,2.6,24.8324,19.3715
2022,4,2,9,30,14.3,111,855,658,0,1.9000000000000001,111,855,0,658,43.19,50.26,0.15,1014,1,84,2.2,37.9764,29.7784
2022,4,2,10,30,16.3,121,905,817,0,3.1,121,905,0,817,41.19,39.730000000000004,0.15,1013,1,88,1.8,48.6447,38.2304
2022,4,2,11,30,18,142,903,909,0,4.4,142,903,0,909,40.47,31.82,0.15,1012,1.1,93,1.4000000000000001,54.9640,43.2408
2022,4,2,12,30,19.200000000000003,172,867,931,7,5.4,420,316,0,697,40.32,28.84,0.15,1010,1.1,91,1.1,42.3357,33.3154
2022,4,2,13,30,19.8,211,786,876,7,6.1000000000000005,407,310,0,669,40.78,32.230000000000004,0.15,1010,1.2000000000000002,148,0.9,40.4249,31.8013
2022,4,2,14,30,19.6,225,704,761,8,6.300000000000001,380,262,0,580,41.76,40.4,0.15,1010,1.4000000000000001,220,0.9,34.4792,27.0946
2022,4,2,15,30,19.5,183,677,609,8,6.6000000000000005,309,281,0,486,43.04,51.03,0.15,1009,1.4000000000000001,238,0.6000000000000001,27.9679,21.9254
2022,4,2,16,30,19.400000000000002,133,620,416,7,7,230,169,0,307,44.64,62.82,0.15,1008,1.4000000000000001,230,0.4,16.6284,12.9645
2022,4,2,17,30,18.1,86,449,202,7,7.300000000000001,72,14,0,76,49.300000000000004,75.08,0.15,1008,1.5,208,0.5,3.7138,2.8537
2022,4,2,18,30,16.900000000000002,20,83,24,8,7.300000000000001,20,1,86,20,53.120000000000005,87.32000000000001,0.15,1008,1.5,205,0.6000000000000001,0.0000,0.0000
2022,4,2,19,30,16.3,0,0,0,3,5.300000000000001,0,0,0,0,48.25,99.84,0.15,1007,1.6,222,0.6000000000000001,0.0000,0.0000
2022,4,2,20,30,15.5,0,0,0,0,5.1000000000000005,0,0,0,0,49.94,111.66,0.15,1007,1.6,239,0.6000000000000001,0.0000,0.0000
2022,4,2,21,30,14.5,0,0,0,0,5.300000000000001,0,0,0,0,54.13,122.60000000000001,0.15,1007,1.6,246,0.8,0.0000,0.0000
2022,4,2,22,30,13.4,0,0,0,0,5.4,0,0,0,0,58.51,131.92000000000002,0.15,1007,1.6,256,0.9,0.0000,0.0000
2022,4,2,23,30,12,0,0,0,0,5.6000000000000005,0,0,29,0,64.77,138.45000000000002,0.15,1007,1.5,269,1.1,0.0000,0.0000
2022,4,3,0,30,10.5,0,0,0,0,5.800000000000001,0,0,14,0,72.58,140.73,0.15,1007,1.4000000000000001,281,1.1,0.0000,0.0000
2022,4,3,1,30,9.1,0,0,0,0,5.800000000000001,0,0,0,0,79.85000000000001,138.04,0.15,1006,1.3,291,1.1,0.0000,0.0000
2022,4,3,2,30,8.200000000000001,0,0,0,0,5.6000000000000005,0,0,0,0,83.86,131.22,0.15,1006,1.3,299,1,0.0000,0.0000
2022,4,3,3,30,7.5,0,0,0,0,5.5,0,0,0,0,86.98,121.72,0.15,1006,1.2000000000000002,304,1.1,0.0000,0.0000
2022,4,3,4,30,7.1000000000000005,0,0,0,0,5.4,0,0,0,0,89.09,110.68,0.15,1006,1.1,306,1.1,0.0000,0.0000
2022,4,3,5,30,7.2,0,0,0,0,5.5,0,0,0,0,88.78,98.79,0.15,1006,1.1,308,1.2000000000000002,0.0000,0.0000
2022,4,3,6,30,8.9,28,127,36,0,5.7,28,127,0,36,80.5,86.28,0.15,1007,1.1,308,1.5,0.0000,0.0000
2022,4,3,7,30,12.100000000000001,82,534,229,0,6.4,82,534,0,229,68.12,73.99,0.15,1007,1.1,311,1.7000000000000002,11.3000,8.6993
2022,4,3,8,30,15.600000000000001,106,738,456,0,7.5,106,738,0,456,58.550000000000004,61.72,0.15,1007,1,324,2.1,24.8769,19.4098
2022,4,3,9,30,18,116,854,666,0,6.5,116,854,0,666,46.96,49.95,0.15,1007,0.8,332,2.5,38.4821,30.1776
2022,4,3,10,30,19.400000000000002,120,918,829,0,4.800000000000001,120,918,0,829,38.17,39.39,0.15,1007,0.8,327,2.4000000000000004,49.3978,38.8243
2022,4,3,11,30,20.6,120,949,930,0,3.9000000000000004,120,949,0,930,33.33,31.44,0.15,1007,0.8,324,2.2,56.2682,44.2685
2022,4,3,12,30,21.5,119,960,963,0,3.8000000000000003,119,960,0,963,31.26,28.46,0.15,1006,0.8,322,2.1,58.5236,46.0557
2022,4,3,13,30,22.1,117,948,922,0,3.9000000000000004,117,948,0,922,30.47,31.92,0.15,1005,0.9,320,2.1,55.7410,43.8516
2022,4,3,14,30,22.200000000000003,110,924,816,0,4.2,110,924,0,816,30.84,40.15,0.15,1005,0.9,319,2.1,48.5374,38.1435
2022,4,3,15,30,21.8,101,873,652,0,4.3,101,873,0,652,31.92,50.84,0.15,1005,1,320,2,37.5480,29.4374
2022,4,3,16,30,20.6,87,784,447,0,4.800000000000001,87,784,0,447,35.59,62.65,0.15,1005,1,323,1.6,24.2389,18.9003
2022,4,3,17,30,17.6,65,604,222,0,8.8,65,604,0,222,56.43,74.93,0.15,1005,1,331,1.2000000000000002,10.8625,8.3489
2022,4,3,18,30,14.600000000000001,21,152,29,0,8.9,21,152,0,29,68.79,87.17,0.15,1006,1,343,1.1,0.0000,0.0000
2022,4,3,19,30,13.200000000000001,0,0,0,0,7.6000000000000005,0,0,0,0,68.8,99.68,0.15,1006,1,175,1.1,0.0000,0.0000
2022,4,3,20,30,12.3,0,0,0,0,7.6000000000000005,0,0,0,0,72.88,111.47,0.15,1007,1,8,1.1,0.0000,0.0000
2022,4,3,21,30,11.4,0,0,0,0,7.6000000000000005,0,0,0,0,77.51,122.37,0.15,1007,1,17,1.1,0.0000,0.0000
2022,4,3,22,30,10.600000000000001,0,0,0,0,7.6000000000000005,0,0,0,0,81.68,131.64000000000001,0.15,1008,1,23,1.2000000000000002,0.0000,0.0000
2022,4,3,23,30,10,0,0,0,0,7.4,0,0,43,0,84.02,138.11,0.15,1008,1,30,1.3,0.0000,0.0000
2022,4,4,0,30,9.3,0,0,0,0,7.1000000000000005,0,0,14,0,85.95,140.35,0.15,1008,1,38,1.3,0.0000,0.0000
2022,4,4,1,30,8.5,0,0,0,0,6.7,0,0,0,0,88.44,137.66,0.15,1008,1,47,1.3,0.0000,0.0000
2022,4,4,2,30,7.800000000000001,0,0,0,0,6.4,0,0,0,0,90.93,130.86,0.15,1009,1,54,1.4000000000000001,0.0000,0.0000
2022,4,4,3,30,7.300000000000001,0,0,0,0,6.2,0,0,0,0,92.54,121.39,0.15,1009,1.1,59,1.5,0.0000,0.0000
2022,4,4,4,30,6.9,0,0,0,0,6,0,0,0,0,93.82000000000001,110.38,0.15,1010,1.1,67,1.7000000000000002,0.0000,0.0000
2022,4,4,5,30,6.9,0,0,0,3,5.7,0,0,0,0,92.21000000000001,98.51,0.15,1010,1.1,76,1.9000000000000001,0.0000,0.0000
2022,4,4,6,30,8.3,29,197,43,0,5.4,30,179,18,42,82.19,86.01,0.15,1011,1.1,84,2.3000000000000003,0.0000,0.0000
2022,4,4,7,30,11.100000000000001,74,589,239,0,5.1000000000000005,74,589,0,239,66.53,73.71000000000001,0.15,1011,1.1,90,2.7,11.8238,9.1069
2022,4,4,8,30,13.9,100,758,462,0,4,118,692,0,449,51.15,61.44,0.15,1011,1.1,96,2.8000000000000003,24.5384,19.1490
2022,4,4,9,30,16.3,115,844,661,0,3.4000000000000004,115,844,0,661,42.2,49.65,0.15,1011,1.2000000000000002,104,2.7,38.2349,29.9863
2022,4,4,10,30,18.3,126,886,814,0,4,126,886,0,814,38.64,39.050000000000004,0.15,1011,1.3,117,2.4000000000000004,48.5413,38.1531
2022,4,4,11,30,20.200000000000003,138,897,906,0,5,138,897,0,906,36.84,31.060000000000002,0.15,1010,1.5,136,2,54.8490,43.1536
2022,4,4,12,30,21.6,146,889,930,0,6.1000000000000005,181,817,0,902,36.63,28.080000000000002,0.15,1010,1.6,159,1.6,54.8451,43.1623
2022,4,4,13,30,22.5,149,866,887,0,7.2,149,866,0,887,37.33,31.6,0.15,1009,1.8,185,1.2000000000000002,53.6528,42.2102
2022,4,4,14,30,22.700000000000003,143,830,780,0,8,143,830,0,780,38.94,39.910000000000004,0.15,1008,1.9000000000000001,208,0.9,46.4222,36.4827
2022,4,4,15,30,22.8,133,767,619,0,8.6,149,726,0,609,40.27,50.65,0.15,1008,2,216,0.7000000000000001,35.0970,27.5174
2022,4,4,16,30,22.400000000000002,114,660,419,8,9.700000000000001,190,384,0,367,44.300000000000004,62.49,0.15,1007,2,214,0.5,19.9219,15.5358
2022,4,4,17,30,21.3,82,470,205,0,10.9,98,371,7,195,51.46,74.78,0.15,1007,1.9000000000000001,163,0.4,9.5540,7.3451
2022,4,4,18,30,19.3,22,103,27,0,9.600000000000001,21,87,14,26,53.550000000000004,87.03,0.15,1007,1.9000000000000001,111,0.7000000000000001,0.0000,0.0000
2022,4,4,19,30,17,0,0,0,0,9.3,0,0,0,0,60.51,99.51,0.15,1007,1.8,113,1.1,0.0000,0.0000
2022,4,4,20,30,15.5,0,0,0,0,9.600000000000001,0,0,0,0,67.95,111.28,0.15,1007,1.8,126,1.3,0.0000,0.0000
2022,4,4,21,30,14.5,0,0,0,0,10.3,0,0,0,0,75.86,122.14,0.15,1008,1.8,144,1.3,0.0000,0.0000
2022,4,4,22,30,13.5,0,0,0,0,11.100000000000001,0,0,0,0,85.19,131.36,0.15,1008,1.8,160,1.3,0.0000,0.0000
2022,4,4,23,30,13.100000000000001,0,0,0,3,11.9,0,0,43,0,92.67,137.77,0.15,1008,1.7000000000000002,166,1.4000000000000001,0.0000,0.0000
2022,4,5,0,30,12.9,0,0,0,0,12.9,0,0,14,0,100,139.97,0.15,1007,1.7000000000000002,169,1.4000000000000001,0.0000,0.0000
2022,4,5,1,30,12.3,0,0,0,0,12.3,0,0,0,0,100,137.28,0.15,1007,1.7000000000000002,173,1.2000000000000002,0.0000,0.0000
2022,4,5,2,30,11.8,0,0,0,0,11.8,0,0,0,0,100,130.5,0.15,1007,1.7000000000000002,177,1.1,0.0000,0.0000
2022,4,5,3,30,11.5,0,0,0,0,11.5,0,0,0,0,100,121.07000000000001,0.15,1007,1.8,181,1.1,0.0000,0.0000
2022,4,5,4,30,11.4,0,0,0,0,11.4,0,0,0,0,100,110.08,0.15,1007,1.9000000000000001,180,1.1,0.0000,0.0000
2022,4,5,5,30,12,0,0,0,0,12,0,0,0,0,100,98.23,0.15,1006,1.9000000000000001,173,1.1,0.0000,0.0000
2022,4,5,6,30,14.200000000000001,30,176,43,0,13.3,30,176,0,43,94.21000000000001,85.76,0.15,1006,1.9000000000000001,164,1.5,0.0000,0.0000
2022,4,5,7,30,17.1,82,520,230,0,15,89,480,0,226,87.7,73.45,0.15,1006,2,167,1.8,11.2075,8.6359
2022,4,5,8,30,19.3,120,666,441,8,16.400000000000002,226,147,0,297,83.44,61.160000000000004,0.15,1007,2.1,171,1.9000000000000001,16.2598,12.6909
2022,4,5,9,30,20.700000000000003,149,742,632,6,16.8,294,75,0,343,78.35000000000001,49.35,0.15,1006,2.2,164,2.2,19.8619,15.5783
2022,4,5,10,30,22.3,178,758,769,6,17.3,196,2,0,198,73.17,38.72,0.15,1004,2.8000000000000003,160,2.7,11.8160,9.2878
2022,4,5,11,30,23.6,216,728,842,6,17.5,263,5,0,267,68.75,30.68,0.15,1002,3.6,159,3.1,16.1736,12.7254
2022,4,5,12,30,22.900000000000002,257,674,854,9,17.5,45,0,0,45,71.48,27.7,0.15,1001,4.1000000000000005,162,3.1,2.7376,2.1545
2022,4,5,13,30,21.8,282,614,807,9,18.3,41,0,0,41,80.57000000000001,31.29,0.15,1000,4.4,169,3.2,2.4812,1.9521
2022,4,5,14,30,21.3,274,563,707,9,19.1,41,0,0,41,87.2,39.68,0.15,999,4.5,177,3.3000000000000003,2.4414,1.9188
2022,4,5,15,30,21.1,236,507,559,6,19.700000000000003,82,0,0,82,91.78,50.46,0.15,998,4.6000000000000005,188,3.3000000000000003,4.7291,3.7080
2022,4,5,16,30,20.900000000000002,182,421,378,9,20.200000000000003,60,1,0,60,95.85000000000001,62.33,0.15,998,4.5,201,3.4000000000000004,3.2604,2.5429
2022,4,5,17,30,20.8,105,314,188,9,20.400000000000002,16,0,0,16,97.65,74.63,0.15,998,4.1000000000000005,208,3.5,0.7850,0.6036
2022,4,5,18,30,20.400000000000002,22,68,26,7,20.200000000000003,10,0,100,10,98.9,86.89,0.15,998,3.5,210,3.5,0.0000,0.0000
2022,4,5,19,30,19.900000000000002,0,0,0,7,19.8,0,0,0,0,99.19,99.34,0.15,998,3.2,215,3.5,0.0000,0.0000
2022,4,5,20,30,19.400000000000002,0,0,0,7,19.3,0,0,0,0,99.27,111.09,0.15,998,2.9000000000000004,219,3.3000000000000003,0.0000,0.0000
2022,4,5,21,30,19,0,0,0,8,18.8,0,0,0,0,98.53,121.91,0.15,998,2.9000000000000004,225,3.3000000000000003,0.0000,0.0000
2022,4,5,22,30,18.8,0,0,0,0,18.5,0,0,0,0,97.94,131.08,0.15,998,2.7,232,3.3000000000000003,0.0000,0.0000
2022,4,5,23,30,18.8,0,0,0,0,18.5,0,0,43,0,97.96000000000001,137.43,0.15,999,2.6,238,3.2,0.0000,0.0000
2022,4,6,0,30,18.6,0,0,0,0,18.400000000000002,0,0,29,0,98.66,139.59,0.15,999,2.4000000000000004,244,2.9000000000000004,0.0000,0.0000
2022,4,6,1,30,18.2,0,0,0,0,18.1,0,0,0,0,99.34,136.9,0.15,999,2.3000000000000003,248,2.5,0.0000,0.0000
2022,4,6,2,30,17.8,0,0,0,0,17.7,0,0,0,0,99.41,130.15,0.15,1000,2.2,253,2.2,0.0000,0.0000
2022,4,6,3,30,17.400000000000002,0,0,0,0,17.3,0,0,0,0,99.41,120.75,0.15,1000,2.2,256,1.8,0.0000,0.0000
2022,4,6,4,30,17,0,0,0,0,17,0,0,0,0,99.78,109.79,0.15,1001,2.2,257,1.5,0.0000,0.0000
2022,4,6,5,30,16.8,0,0,0,0,16.6,0,0,0,0,98.91,97.96000000000001,0.15,1001,2.3000000000000003,256,1.3,0.0000,0.0000
2022,4,6,6,30,17.6,30,226,48,0,16.7,30,226,0,48,94.39,85.5,0.15,1002,2.4000000000000004,254,1.4000000000000001,0.0000,0.0000
2022,4,6,7,30,19.3,69,591,240,0,17.7,78,534,0,233,90.28,73.18,0.15,1002,2.6,250,1.5,11.5837,8.9297
2022,4,6,8,30,21.3,91,746,454,0,18.400000000000002,101,696,0,440,83.79,60.88,0.15,1002,2.8000000000000003,244,1.6,24.1302,18.8369
2022,4,6,9,30,23.1,121,790,639,0,19.1,158,483,0,475,78.12,49.050000000000004,0.15,1002,2.9000000000000004,237,1.8,27.5348,21.5981
2022,4,6,10,30,24.6,153,799,779,3,19.8,273,35,0,300,74.48,38.39,0.15,1002,3.1,232,2.1,17.9161,14.0833
2022,4,6,11,30,25.900000000000002,155,829,871,3,20.5,138,0,0,138,72.17,30.310000000000002,0.15,1001,3.3000000000000003,228,2.4000000000000004,8.3641,6.5811
2022,4,6,12,30,26.6,164,823,895,3,20.900000000000002,96,0,0,96,70.99,27.330000000000002,0.15,1000,3.6,225,2.6,5.8430,4.5987
2022,4,6,13,30,26.6,176,786,850,3,21.3,179,1,7,180,72.52,30.98,0.15,1000,3.9000000000000004,222,2.7,10.8985,8.5747
2022,4,6,14,30,26,176,735,744,3,21.700000000000003,146,1,4,147,77.35000000000001,39.44,0.15,1000,4.1000000000000005,217,2.6,8.7583,6.8836
2022,4,6,15,30,25.3,161,672,590,7,22.200000000000003,211,24,39,226,82.9,50.28,0.15,1000,4.2,210,2.3000000000000003,13.0426,10.2270
2022,4,6,16,30,24.400000000000002,131,577,400,7,22.5,137,20,0,146,89.04,62.17,0.15,1000,4.3,204,2.1,7.9420,6.1948
2022,4,6,17,30,23.3,90,397,196,9,22.5,15,0,0,15,95.31,74.48,0.15,1000,4.3,200,1.9000000000000001,0.7369,0.5668
2022,4,6,18,30,22.3,23,74,27,9,22.1,9,0,100,9,98.69,86.74,0.15,1000,4.4,198,1.7000000000000002,0.0000,0.0000
2022,4,6,19,30,21.8,0,0,0,9,21.700000000000003,0,0,0,0,99.4,99.18,0.15,1000,4.4,193,1.7000000000000002,0.0000,0.0000
2022,4,6,20,30,21.400000000000002,0,0,0,9,21.400000000000002,0,0,0,0,100,110.9,0.15,1000,4.4,188,1.6,0.0000,0.0000
2022,4,6,21,30,21.1,0,0,0,9,21.1,0,0,0,0,100,121.68,0.15,1000,4.5,186,1.6,0.0000,0.0000
2022,4,6,22,30,20.900000000000002,0,0,0,6,20.900000000000002,0,0,0,0,100,130.8,0.15,999,4.5,185,1.6,0.0000,0.0000
2022,4,6,23,30,20.700000000000003,0,0,0,6,20.700000000000003,0,0,29,0,100,137.09,0.15,998,4.4,184,1.7000000000000002,0.0000,0.0000
2022,4,7,0,30,20.5,0,0,0,7,20.5,0,0,14,0,100,139.21,0.15,997,4.2,182,1.9000000000000001,0.0000,0.0000
2022,4,7,1,30,20.3,0,0,0,9,20.3,0,0,0,0,100,136.52,0.15,996,4.1000000000000005,184,2.1,0.0000,0.0000
2022,4,7,2,30,20.200000000000003,0,0,0,6,20.200000000000003,0,0,0,0,99.69,129.8,0.15,996,4.1000000000000005,191,2,0.0000,0.0000
2022,4,7,3,30,20.1,0,0,0,6,20,0,0,0,0,99.34,120.42,0.15,996,4.2,194,1.9000000000000001,0.0000,0.0000
2022,4,7,4,30,20.1,0,0,0,6,20,0,0,0,0,99.14,109.49000000000001,0.15,996,4.2,194,1.9000000000000001,0.0000,0.0000
2022,4,7,5,30,20.400000000000002,0,0,0,6,20.1,0,0,0,0,97.91,97.68,0.15,996,4,207,2.1,0.0000,0.0000
2022,4,7,6,30,20.8,34,135,45,6,20.400000000000002,18,0,100,18,97.4,85.24,0.15,996,3.7,232,2.4000000000000004,0.0000,0.0000
2022,4,7,7,30,21.1,85,497,231,3,20.8,68,115,0,102,98.09,72.92,0.15,997,3.3000000000000003,257,2.6,5.0832,3.9202
2022,4,7,8,30,21.3,107,689,445,0,19.5,107,689,0,445,89.31,60.61,0.15,997,3.1,272,2.6,24.4445,19.0853
2022,4,7,9,30,22,122,782,638,0,17.1,169,422,0,447,73.78,48.76,0.15,997,3.1,271,2.5,25.9379,20.3471
2022,4,7,10,30,22.1,136,828,788,3,15.5,205,0,0,205,66.05,38.06,0.15,997,3,264,2.8000000000000003,12.2514,9.6309
2022,4,7,11,30,21.6,143,856,885,3,13.700000000000001,275,132,0,389,60.63,29.93,0.15,997,2.8000000000000003,262,3.1,23.5906,18.5624
2022,4,7,12,30,21.6,149,866,921,0,11.700000000000001,159,835,0,903,53.4,26.95,0.15,997,2.4000000000000004,257,3.2,54.9880,43.2788
2022,4,7,13,30,22.200000000000003,144,873,895,0,10.100000000000001,144,873,0,895,46.18,30.67,0.15,996,1.8,253,3.4000000000000004,54.2159,42.6571
2022,4,7,14,30,22.400000000000002,120,890,810,0,9.200000000000001,120,890,0,810,42.95,39.21,0.15,996,1.3,255,3.6,48.2853,37.9510
2022,4,7,15,30,21.8,103,867,659,0,8.4,103,867,0,659,42.34,50.09,0.15,996,1.1,260,3.6,38.0581,29.8439
2022,4,7,16,30,20.400000000000002,85,791,456,0,7.9,85,791,0,456,44.61,62.01,0.15,997,1.1,266,3.3000000000000003,24.8308,19.3701
2022,4,7,17,30,18.2,64,623,232,0,8.1,64,623,0,232,51.88,74.33,0.15,998,1.1,268,2.6,11.4126,8.7810
2022,4,7,18,30,16.1,24,198,36,0,8.6,24,198,0,36,61.03,86.59,0.15,999,1.1,267,1.9000000000000001,0.0000,0.0000
2022,4,7,19,30,14.8,0,0,0,0,8.5,0,0,0,0,65.87,99.01,0.15,999,1.1,267,1.7000000000000002,0.0000,0.0000
2022,4,7,20,30,13.9,0,0,0,0,8.5,0,0,0,0,70.08,110.71000000000001,0.15,1000,1.1,271,1.6,0.0000,0.0000
2022,4,7,21,30,13.100000000000001,0,0,0,0,8.6,0,0,0,0,74.35000000000001,121.45,0.15,1000,1.2000000000000002,278,1.5,0.0000,0.0000
2022,4,7,22,30,12.4,0,0,0,0,8.700000000000001,0,0,0,0,78.4,130.51,0.15,1000,1.2000000000000002,287,1.5,0.0000,0.0000
2022,4,7,23,30,11.9,0,0,0,0,8.8,0,0,29,0,81.4,136.75,0.15,1000,1.3,296,1.5,0.0000,0.0000
2022,4,8,0,30,11.5,0,0,0,0,8.8,0,0,14,0,83.71000000000001,138.83,0.15,1000,1.4000000000000001,301,1.6,0.0000,0.0000
2022,4,8,1,30,11.100000000000001,0,0,0,0,8.8,0,0,0,0,85.63,136.14000000000001,0.15,1001,1.3,302,1.5,0.0000,0.0000
2022,4,8,2,30,10.3,0,0,0,0,8.6,0,0,0,0,89.23,129.45,0.15,1001,1.3,300,1.4000000000000001,0.0000,0.0000
2022,4,8,3,30,9.5,0,0,0,0,8.4,0,0,0,0,92.77,120.11,0.15,1001,1.2000000000000002,297,1.2000000000000002,0.0000,0.0000
2022,4,8,4,30,8.700000000000001,0,0,0,0,8.200000000000001,0,0,0,0,96.48,109.2,0.15,1001,1.1,292,1.1,0.0000,0.0000
2022,4,8,5,30,8.6,0,0,0,0,8,0,0,0,0,95.84,97.4,0.15,1002,1,284,1.1,0.0000,0.0000
2022,4,8,6,30,10.200000000000001,34,271,58,0,7.9,34,271,0,58,85.83,84.98,0.15,1003,1,273,1.5,0.0000,0.0000
2022,4,8,7,30,13.100000000000001,71,643,263,0,8.1,71,643,0,263,71.77,72.65,0.15,1003,1,267,1.9000000000000001,13.1398,10.1378
2022,4,8,8,30,15.4,91,803,488,0,6.1000000000000005,91,803,0,488,54.050000000000004,60.33,0.15,1003,1,264,2.3000000000000003,26.8516,20.9681
2022,4,8,9,30,16.6,103,886,690,0,5,103,886,0,690,46.24,48.47,0.15,1003,1,255,2.5,40.0784,31.4421
2022,4,8,10,30,17.400000000000002,110,927,843,0,5.2,140,822,0,790,44.51,37.730000000000004,0.15,1003,1.1,246,2.9000000000000004,47.2460,37.1423
2022,4,8,11,30,17.900000000000002,116,946,939,0,5.300000000000001,209,726,0,841,43.45,29.560000000000002,0.15,1002,1.1,241,3.2,51.0295,40.1543
2022,4,8,12,30,18.3,120,947,967,3,5.2,401,229,0,606,42.14,26.580000000000002,0.15,1001,1.2000000000000002,239,3.5,36.9197,29.0588
2022,4,8,13,30,18.400000000000002,122,931,925,5,4.9,403,129,0,514,41.08,30.37,0.15,1001,1.2000000000000002,239,3.7,31.1505,24.5100
2022,4,8,14,30,18.2,122,893,816,2,4.9,319,209,11,481,41.53,38.980000000000004,0.15,1000,1.3,241,3.7,28.6880,22.5488
2022,4,8,15,30,17.6,115,830,650,5,5.2,299,91,0,358,43.92,49.910000000000004,0.15,1000,1.4000000000000001,243,3.4000000000000004,20.6886,16.2242
2022,4,8,16,30,16.7,103,725,445,5,5.7,205,48,0,228,48.11,61.86,0.15,1000,1.5,244,2.9000000000000004,12.4274,9.6953
2022,4,8,17,30,15.4,79,527,223,5,6.4,117,35,7,127,54.9,74.18,0.15,1001,1.5,249,2.3000000000000003,6.2559,4.8146
2022,4,8,18,30,13.9,27,128,35,5,7.2,13,0,100,13,63.96,86.44,0.15,1001,1.6,264,1.9000000000000001,0.0000,0.0000
2022,4,8,19,30,12.9,0,0,0,4,7.5,0,0,0,0,69.9,98.85000000000001,0.15,1003,1.7000000000000002,283,2.2,0.0000,0.0000
2022,4,8,20,30,12,0,0,0,4,7.6000000000000005,0,0,0,0,74.72,110.52,0.15,1004,1.6,295,2.5,0.0000,0.0000
2022,4,8,21,30,11,0,0,0,4,7.300000000000001,0,0,0,0,78.14,121.22,0.15,1004,1.5,297,2.4000000000000004,0.0000,0.0000
2022,4,8,22,30,10.200000000000001,0,0,0,4,6,0,0,0,0,75.05,130.23,0.15,1005,1.3,290,2.1,0.0000,0.0000
2022,4,8,23,30,9.1,0,0,0,4,4.4,0,0,29,0,72.45,136.42000000000002,0.15,1005,1.1,281,1.9000000000000001,0.0000,0.0000
2022,4,9,0,30,8,0,0,0,4,3.6,0,0,14,0,73.60000000000001,138.46,0.15,1005,1,273,1.8,0.0000,0.0000
2022,4,9,1,30,7,0,0,0,4,3.2,0,0,0,0,76.93,135.76,0.15,1005,1,267,1.7000000000000002,0.0000,0.0000
2022,4,9,2,30,6.300000000000001,0,0,0,0,3.3000000000000003,0,0,0,0,80.84,129.1,0.15,1005,0.9,262,1.6,0.0000,0.0000
2022,4,9,3,30,5.800000000000001,0,0,0,0,3.4000000000000004,0,0,0,0,84.3,119.79,0.15,1005,0.9,260,1.6,0.0000,0.0000
2022,4,9,4,30,5.4,0,0,0,0,3.4000000000000004,0,0,0,0,87.19,108.91,0.15,1005,0.9,263,1.5,0.0000,0.0000
2022,4,9,5,30,5.300000000000001,0,0,0,0,3.5,0,0,0,0,87.88,97.13,0.15,1006,0.8,266,1.6,0.0000,0.0000
2022,4,9,6,30,6.6000000000000005,32,324,62,0,3.5,32,324,0,62,80.52,84.72,0.15,1006,0.8,271,2.1,0.0000,0.0000
2022,4,9,7,30,8.6,64,683,271,0,2.7,64,683,0,271,66.49,72.39,0.15,1007,0.8,279,2.5,13.5724,10.4757
2022,4,9,8,30,10.3,83,831,498,0,1.1,83,831,0,498,52.75,60.06,0.15,1006,0.8,281,2.6,27.4456,21.4353
2022,4,9,9,30,11.5,98,899,697,0,0.30000000000000004,98,899,0,697,46.24,48.18,0.15,1006,0.9,278,2.6,40.5250,31.7948
2022,4,9,10,30,12.100000000000001,112,928,849,4,0.2,401,91,0,473,44.06,37.4,0.15,1006,0.9,273,2.7,28.3075,22.2548
2022,4,9,11,30,12.4,126,934,941,4,0.5,303,30,0,329,44.19,29.2,0.15,1005,1,268,2.9000000000000004,19.9732,15.7171
2022,4,9,12,30,12.4,136,924,965,4,1.1,197,2,0,199,45.86,26.21,0.15,1005,1.1,266,3,12.1294,9.5471
2022,4,9,13,30,12.3,140,906,924,4,1.5,265,1,0,266,47.54,30.07,0.15,1005,1.1,267,3.2,16.1280,12.6902
2022,4,9,14,30,11.9,133,880,819,4,1.6,174,0,0,174,49.4,38.75,0.15,1004,1.1,271,3.3000000000000003,10.3831,8.1614
2022,4,9,15,30,11.600000000000001,115,842,659,4,1.6,174,0,0,174,50.300000000000004,49.730000000000004,0.15,1005,1.1,274,3.3000000000000003,10.0620,7.8911
2022,4,9,16,30,11.200000000000001,91,777,459,4,1.4000000000000001,236,154,0,309,50.72,61.7,0.15,1005,1,276,3.1,16.8595,13.1545
2022,4,9,17,30,10.3,65,622,236,0,1.3,76,539,0,224,53.63,74.04,0.15,1006,1,275,2.5,11.0482,8.5048
2022,4,9,18,30,9,26,208,39,0,1.9000000000000001,26,127,61,34,60.89,86.29,0.15,1007,1,275,2,0.0000,0.0000
2022,4,9,19,30,7.9,0,0,0,0,2.2,0,0,0,0,67.42,98.68,0.15,1008,0.9,279,1.8,0.0000,0.0000
2022,4,9,20,30,7.2,0,0,0,0,2.4000000000000004,0,0,0,0,71.34,110.33,0.15,1009,0.9,287,1.6,0.0000,0.0000
2022,4,9,21,30,6.2,0,0,0,0,2.5,0,0,0,0,77.32000000000001,121,0.15,1009,0.8,294,1.3,0.0000,0.0000
2022,4,9,22,30,5,0,0,0,0,2.8000000000000003,0,0,0,0,85.53,129.95,0.15,1010,0.8,299,1,0.0000,0.0000
2022,4,9,23,30,4.2,0,0,0,0,2.7,0,0,43,0,90.27,136.08,0.15,1010,0.7000000000000001,301,0.9,0.0000,0.0000
2022,4,10,0,30,3.8000000000000003,0,0,0,0,2.6,0,0,14,0,91.84,138.08,0.15,1010,0.7000000000000001,300,0.9,0.0000,0.0000
2022,4,10,1,30,3.8000000000000003,0,0,0,0,2.3000000000000003,0,0,0,0,89.92,135.39000000000001,0.15,1011,0.8,294,1,0.0000,0.0000
2022,4,10,2,30,4,0,0,0,0,2,0,0,0,0,86.93,128.75,0.15,1011,0.8,285,1.1,0.0000,0.0000
2022,4,10,3,30,4.2,0,0,0,0,1.8,0,0,0,0,84.46000000000001,119.47,0.15,1012,0.8,274,1,0.0000,0.0000
2022,4,10,4,30,4.5,0,0,0,0,1.6,0,0,0,0,81.63,108.62,0.15,1012,0.8,261,0.9,0.0000,0.0000
2022,4,10,5,30,5,0,0,0,0,1.5,0,0,0,0,78.2,96.86,0.15,1013,0.8,241,0.8,0.0000,0.0000
2022,4,10,6,30,6.6000000000000005,35,336,67,0,2,35,336,0,67,72.49,84.46000000000001,0.15,1013,0.8,215,0.6000000000000001,0.0000,0.0000
2022,4,10,7,30,9.600000000000001,67,688,278,0,3.2,67,688,0,278,64.46000000000001,72.13,0.15,1014,0.8,204,0.6000000000000001,13.9567,10.7765
2022,4,10,8,30,12.600000000000001,84,836,505,0,2.4000000000000004,84,836,0,505,49.660000000000004,59.800000000000004,0.15,1014,0.8,239,0.7000000000000001,27.8738,21.7728
2022,4,10,9,30,14.9,97,910,707,0,1.9000000000000001,97,910,0,707,41.29,47.89,0.15,1014,0.8,276,1.1,41.1465,32.2847
2022,4,10,10,30,16.5,104,949,861,0,2.4000000000000004,104,949,0,861,38.68,37.08,0.15,1013,0.9,283,1.3,51.5622,40.5390
2022,4,10,11,30,17.8,108,968,956,0,2.9000000000000004,108,968,0,956,37.04,28.830000000000002,0.15,1013,0.9,286,1.5,58.0682,45.6959
2022,4,10,12,30,18.8,109,970,982,0,3.5,109,970,0,982,36.230000000000004,25.84,0.15,1012,1,288,1.5,59.8818,47.1345
2022,4,10,13,30,19.3,108,959,940,0,4.1000000000000005,108,959,0,940,36.59,29.77,0.15,1012,1.1,289,1.6,57.0190,44.8664
2022,4,10,14,30,19.5,103,932,832,0,4.6000000000000005,103,932,0,832,37.45,38.53,0.15,1011,1.2000000000000002,288,1.5,49.6721,39.0449
2022,4,10,15,30,19.400000000000002,95,884,668,0,5.1000000000000005,95,884,0,668,39.01,49.56,0.15,1011,1.2000000000000002,283,1.5,38.6524,30.3144
2022,4,10,16,30,18.900000000000002,82,798,462,0,6,82,798,0,462,42.79,61.550000000000004,0.15,1011,1.3,274,1.2000000000000002,25.2314,19.6885
2022,4,10,17,30,17.1,62,635,238,0,7.800000000000001,62,635,0,238,54.18,73.89,0.15,1011,1.3,256,1,11.7548,9.0511
2022,4,10,18,30,15,26,230,41,0,8.3,26,230,0,41,64.09,86.15,0.15,1011,1.4000000000000001,230,1.1,0.0000,0.0000
2022,4,10,19,30,13.5,0,0,0,0,6.1000000000000005,0,0,0,0,60.72,98.52,0.15,1011,1.4000000000000001,213,1.3,0.0000,0.0000
2022,4,10,20,30,12.3,0,0,0,0,6.300000000000001,0,0,0,0,66.82000000000001,110.14,0.15,1011,1.5,208,1.2000000000000002,0.0000,0.0000
2022,4,10,21,30,11.5,0,0,0,0,6.5,0,0,0,0,71.47,120.77,0.15,1011,1.4000000000000001,210,1.2000000000000002,0.0000,0.0000
2022,4,10,22,30,11.100000000000001,0,0,0,0,6.6000000000000005,0,0,0,0,74,129.67000000000002,0.15,1011,1.4000000000000001,213,1.3,0.0000,0.0000
2022,4,10,23,30,10.700000000000001,0,0,0,0,6.7,0,0,29,0,76.39,135.75,0.15,1011,1.3,217,1.4000000000000001,0.0000,0.0000
2022,4,11,0,30,10.3,0,0,0,0,6.800000000000001,0,0,0,0,79.13,137.71,0.15,1012,1.2000000000000002,223,1.4000000000000001,0.0000,0.0000
2022,4,11,1,30,9.9,0,0,0,0,7,0,0,0,0,82.3,135.02,0.15,1012,1.1,229,1.3,0.0000,0.0000
2022,4,11,2,30,9.4,0,0,0,0,7.300000000000001,0,0,0,0,86.59,128.41,0.15,1012,1,232,1.2000000000000002,0.0000,0.0000
2022,4,11,3,30,8.9,0,0,0,0,7.5,0,0,0,0,91.17,119.16,0.15,1012,0.9,235,1.1,0.0000,0.0000
2022,4,11,4,30,8.200000000000001,0,0,0,0,7.800000000000001,0,0,0,0,97.06,108.33,0.15,1013,0.9,241,1.1,0.0000,0.0000
2022,4,11,5,30,8.4,0,0,0,0,7.9,0,0,0,0,96.74000000000001,96.59,0.15,1013,0.9,247,1,0.0000,0.0000
2022,4,11,6,30,10.700000000000001,36,316,68,0,8.4,36,316,0,68,85.88,84.21000000000001,0.15,1014,0.9,250,1.2000000000000002,0.0000,0.0000
2022,4,11,7,30,14,72,660,277,0,9.4,72,660,0,277,74.02,71.88,0.15,1014,0.9,242,1.1,13.9389,10.7667
2022,4,11,8,30,17.8,92,810,503,0,11.100000000000001,92,810,0,503,64.9,59.54,0.15,1014,0.9,231,1.2000000000000002,27.8051,21.7222
2022,4,11,9,30,21.200000000000003,105,883,700,0,12,105,883,0,700,55.76,47.61,0.15,1014,1,228,1.7000000000000002,40.7769,31.9970
2022,4,11,10,30,23.1,119,913,850,0,11.100000000000001,119,913,0,850,46.89,36.76,0.15,1014,1.1,229,2.1,50.9367,40.0490
2022,4,11,11,30,24.200000000000003,131,917,937,0,11.200000000000001,131,917,0,937,44.160000000000004,28.47,0.15,1014,1.3,227,2.3000000000000003,56.9427,44.8116
2022,4,11,12,30,24.900000000000002,140,907,959,0,11.4,140,907,0,959,42.96,25.48,0.15,1013,1.4000000000000001,224,2.3000000000000003,58.5047,46.0518
2022,4,11,13,30,25.1,152,871,910,0,11.600000000000001,156,862,0,906,42.96,29.48,0.15,1013,1.6,227,2.3000000000000003,54.9800,43.2631
2022,4,11,14,30,24.6,163,805,795,0,11.700000000000001,239,645,0,745,44.5,38.31,0.15,1012,1.8,231,2.1,44.4994,34.9801
2022,4,11,15,30,23.1,156,729,631,7,12.700000000000001,309,253,0,474,51.910000000000004,49.38,0.15,1012,1.9000000000000001,232,1.7000000000000002,27.4447,21.5255
2022,4,11,16,30,21.700000000000003,133,627,433,7,14.700000000000001,227,91,0,271,64.43,61.39,0.15,1012,1.9000000000000001,232,1.2000000000000002,14.8152,11.5617
2022,4,11,17,30,19.900000000000002,95,444,219,7,15.5,108,74,4,129,75.78,73.75,0.15,1012,1.9000000000000001,230,1,6.3795,4.9133
2022,4,11,18,30,18.1,29,119,37,4,14.3,17,0,100,17,78.73,86.01,0.15,1012,1.9000000000000001,225,1,0.0000,0.0000
2022,4,11,19,30,17.2,0,0,0,8,13.200000000000001,0,0,0,0,77.57000000000001,98.35000000000001,0.15,1012,1.9000000000000001,220,1.1,0.0000,0.0000
2022,4,11,20,30,16.8,0,0,0,8,13,0,0,0,0,78.2,109.95,0.15,1013,1.9000000000000001,215,1.2000000000000002,0.0000,0.0000
2022,4,11,21,30,16.5,0,0,0,6,12.9,0,0,0,0,79.03,120.54,0.15,1013,1.9000000000000001,210,1.3,0.0000,0.0000
2022,4,11,22,30,16.2,0,0,0,6,12.600000000000001,0,0,0,0,79.37,129.39000000000001,0.15,1013,1.9000000000000001,206,1.4000000000000001,0.0000,0.0000
2022,4,11,23,30,15.8,0,0,0,6,12.4,0,0,43,0,80.4,135.41,0.15,1013,2,203,1.3,0.0000,0.0000
2022,4,12,0,30,15.200000000000001,0,0,0,7,12.3,0,0,0,0,83.03,137.35,0.15,1012,2.1,201,1.3,0.0000,0.0000
2022,4,12,1,30,14.600000000000001,0,0,0,7,12.3,0,0,0,0,86.05,134.66,0.15,1012,2.1,202,1.2000000000000002,0.0000,0.0000
2022,4,12,2,30,13.8,0,0,0,8,12.3,0,0,0,0,90.86,128.07,0.15,1012,2.1,204,1.1,0.0000,0.0000
2022,4,12,3,30,13.100000000000001,0,0,0,0,12.4,0,0,0,0,95.61,118.85000000000001,0.15,1012,2.2,204,1.1,0.0000,0.0000
2022,4,12,4,30,12.600000000000001,0,0,0,4,12.4,0,0,0,0,99,108.05,0.15,1012,2.2,206,1.1,0.0000,0.0000
2022,4,12,5,30,12.700000000000001,0,0,0,3,12.5,0,0,0,0,98.85000000000001,96.32000000000001,0.15,1013,2.2,214,1,0.0000,0.0000
2022,4,12,6,30,14.600000000000001,40,190,60,0,12.8,40,190,0,60,89.22,83.96000000000001,0.15,1014,2.2,225,1.2000000000000002,0.0000,0.0000
2022,4,12,7,30,17.400000000000002,97,494,253,7,13.600000000000001,147,249,0,226,78.52,71.62,0.15,1015,2.3000000000000003,225,1.5,11.4000,8.8089
2022,4,12,8,30,20.5,128,660,465,0,14.8,128,660,0,465,69.74,59.28,0.15,1015,2.3000000000000003,224,1.9000000000000001,25.7426,20.1138
2022,4,12,9,30,23,141,766,660,0,15.5,141,766,0,660,62.61,47.33,0.15,1015,2.5,229,2.2,38.4821,30.1983
2022,4,12,10,30,24.6,140,835,812,0,15.4,140,835,0,812,56.49,36.45,0.15,1015,2.6,230,2.2,48.6900,38.2841
2022,4,12,11,30,25.6,142,863,903,0,15,142,863,0,903,51.96,28.11,0.15,1014,2.8000000000000003,228,2.1,54.9036,43.2083
2022,4,12,12,30,26.200000000000003,141,874,932,0,14.9,141,874,0,932,49.800000000000004,25.12,0.15,1014,2.8000000000000003,226,2,56.8818,44.7755
2022,4,12,13,30,26.700000000000003,138,864,892,0,15,138,864,0,892,48.660000000000004,29.19,0.15,1013,2.9000000000000004,223,1.9000000000000001,54.1530,42.6136
2022,4,12,14,30,26.8,133,833,789,8,15.100000000000001,275,497,4,666,48.86,38.09,0.15,1013,2.9000000000000004,223,1.9000000000000001,39.7996,31.2867
2022,4,12,15,30,26.5,123,779,632,0,15.3,135,747,0,623,50.35,49.21,0.15,1012,2.9000000000000004,224,1.8,36.0936,28.3104
2022,4,12,16,30,25.5,104,692,437,8,15.700000000000001,192,351,7,361,54.76,61.24,0.15,1012,2.8000000000000003,224,1.5,19.7538,15.4172
2022,4,12,17,30,23.1,75,535,226,0,17.400000000000002,75,535,0,226,70.32000000000001,73.60000000000001,0.15,1012,2.7,219,1,11.1920,8.6218
2022,4,12,18,30,20.3,29,182,42,0,17.5,29,182,0,42,83.76,85.87,0.15,1012,2.6,206,0.8,0.0000,0.0000
2022,4,12,19,30,18.900000000000002,0,0,0,0,15.3,0,0,0,0,79.38,98.19,0.15,1012,2.4000000000000004,191,0.9,0.0000,0.0000
2022,4,12,20,30,18.2,0,0,0,0,14.600000000000001,0,0,0,0,79.39,109.76,0.15,1012,2.3000000000000003,182,1.1,0.0000,0.0000
2022,4,12,21,30,17.6,0,0,0,0,14,0,0,0,0,79.29,120.31,0.15,1012,2.2,180,1.4000000000000001,0.0000,0.0000
2022,4,12,22,30,17.2,0,0,0,8,13.8,0,0,0,0,80.56,129.11,0.15,1012,2.2,182,1.5,0.0000,0.0000
2022,4,12,23,30,16.8,0,0,0,8,14.100000000000001,0,0,29,0,84.18,135.08,0.15,1012,2.2,187,1.4000000000000001,0.0000,0.0000
2022,4,13,0,30,16.400000000000002,0,0,0,7,14.700000000000001,0,0,0,0,89.76,136.98,0.15,1012,2.2,194,1.3,0.0000,0.0000
2022,4,13,1,30,16,0,0,0,7,15.200000000000001,0,0,0,0,95.03,134.29,0.15,1012,2.3000000000000003,198,1.2000000000000002,0.0000,0.0000
2022,4,13,2,30,15.600000000000001,0,0,0,7,15.600000000000001,0,0,0,0,99.86,127.73,0.15,1012,2.2,198,1.2000000000000002,0.0000,0.0000
2022,4,13,3,30,15.200000000000001,0,0,0,8,15.200000000000001,0,0,0,0,100,118.54,0.15,1012,2.2,201,1.1,0.0000,0.0000
2022,4,13,4,30,15.200000000000001,0,0,0,3,15.200000000000001,0,0,0,0,100,107.76,0.15,1012,2.2,203,1.1,0.0000,0.0000
2022,4,13,5,30,15.5,0,0,0,7,15.5,0,0,0,0,100,96.06,0.15,1012,2.2,196,1,0.0000,0.0000
2022,4,13,6,30,16.400000000000002,45,187,65,7,16,50,41,79,54,97.65,83.72,0.15,1012,2.2,181,1.1,0.0000,0.0000
2022,4,13,7,30,17.8,104,488,260,8,16.400000000000002,142,271,4,229,91.52,71.38,0.15,1012,2.2,168,1.5,11.5770,8.9488
2022,4,13,8,30,20,132,667,475,8,16.900000000000002,229,133,0,297,82.51,59.02,0.15,1012,2.2,175,1.9000000000000001,16.4662,12.8675
2022,4,13,9,30,22.8,148,758,664,8,17.400000000000002,305,316,0,520,71.82000000000001,47.050000000000004,0.15,1012,2.4000000000000004,194,2.3000000000000003,30.3466,23.8158
2022,4,13,10,30,24.900000000000002,176,778,804,8,17.2,329,385,0,640,62.22,36.14,0.15,1012,2.5,207,2.4000000000000004,38.4000,30.1945
2022,4,13,11,30,26.1,198,781,889,0,17,293,580,4,806,57.21,27.76,0.15,1012,2.7,213,2.4000000000000004,49.0291,38.5862
2022,4,13,12,30,26.700000000000003,213,772,914,7,16.8,372,359,0,698,54.7,24.76,0.15,1011,2.7,214,2.3000000000000003,42.6181,33.5485
2022,4,13,13,30,26.700000000000003,206,767,877,0,16.6,282,607,0,813,54.04,28.900000000000002,0.15,1010,2.6,208,2.2,49.3774,38.8565
2022,4,13,14,30,26.400000000000002,179,764,782,7,16.2,326,385,0,630,53.61,37.88,0.15,1009,2.5,201,2.2,37.6652,29.6097
2022,4,13,15,30,26,154,727,631,0,15.8,194,617,0,598,53.410000000000004,49.04,0.15,1008,2.4000000000000004,196,2.2,34.6660,27.1919
2022,4,13,16,30,25.1,137,615,434,5,15.700000000000001,158,9,0,162,56.06,61.09,0.15,1008,2.3000000000000003,192,1.9000000000000001,8.8728,6.9256
2022,4,13,17,30,23,104,406,220,8,16.5,104,90,4,130,66.95,73.46000000000001,0.15,1008,2.2,186,1.4000000000000001,6.4462,4.9670
2022,4,13,18,30,21,31,92,38,7,16.6,23,0,100,23,76.13,85.72,0.15,1008,2.3000000000000003,179,1.3,0.0000,0.0000
2022,4,13,19,30,20.3,0,0,0,8,16.1,0,0,0,0,76.98,98.02,0.16,1009,2.3000000000000003,174,1.5,0.0000,0.0000
2022,4,13,20,30,19.900000000000002,0,0,0,0,16.400000000000002,0,0,0,0,80.25,109.57000000000001,0.16,1010,2.4000000000000004,171,1.6,0.0000,0.0000
2022,4,13,21,30,19.1,0,0,0,0,16.8,0,0,0,0,86.78,120.08,0.16,1009,2.3000000000000003,167,1.6,0.0000,0.0000
2022,4,13,22,30,18.2,0,0,0,0,17.3,0,0,0,0,94.46000000000001,128.83,0.16,1008,2.2,162,1.7000000000000002,0.0000,0.0000
2022,4,13,23,30,17.6,0,0,0,0,17.6,0,0,0,0,100,134.75,0.16,1008,2.1,165,1.5,0.0000,0.0000
2022,4,14,0,30,17.3,0,0,0,8,17.3,0,0,0,0,100,136.62,0.16,1009,2.4000000000000004,188,1.3,0.0000,0.0000
2022,4,14,1,30,17.900000000000002,0,0,0,8,17.900000000000002,0,0,0,0,100,133.93,0.16,1010,2.8000000000000003,211,1.6,0.0000,0.0000
2022,4,14,2,30,18.2,0,0,0,7,18.1,0,0,0,0,99.10000000000001,127.39,0.16,1009,2.9000000000000004,210,1.6,0.0000,0.0000
2022,4,14,3,30,17.7,0,0,0,7,17.7,0,0,0,0,100,118.23,0.16,1008,2.6,193,1.3,0.0000,0.0000
2022,4,14,4,30,17.2,0,0,0,6,17.2,0,0,0,0,100,107.48,0.16,1007,2.5,172,1.1,0.0000,0.0000
2022,4,14,5,30,17.400000000000002,0,0,0,7,17.400000000000002,0,0,0,0,100,95.8,0.16,1006,2.6,163,1.2000000000000002,0.0000,0.0000
2022,4,14,6,30,18.3,43,237,70,6,17.7,31,1,71,31,96.55,83.47,0.16,1007,2.7,174,1.4000000000000001,0.0000,0.0000
2022,4,14,7,30,19.400000000000002,89,541,264,7,18,136,46,0,151,91.89,71.13,0.16,1007,2.9000000000000004,191,1.7000000000000002,7.6513,5.9164
2022,4,14,8,30,20.3,115,693,474,7,18.3,237,94,0,286,88.36,58.77,0.16,1008,3,199,2.1,15.8784,12.4097
2022,4,14,9,30,21.3,130,779,663,7,18.400000000000002,316,171,0,433,83.34,46.78,0.16,1008,3.2,204,2.5,25.2912,19.8496
2022,4,14,10,30,22.5,140,824,808,6,18.3,363,185,0,513,76.98,35.83,0.16,1008,3.4000000000000004,213,2.7,30.7987,24.2184
2022,4,14,11,30,23.900000000000002,145,847,897,6,18,422,181,0,583,69.74,27.400000000000002,0.16,1008,3.5,224,2.9000000000000004,35.4809,27.9245
2022,4,14,12,30,25.1,147,854,925,7,17.8,380,309,0,661,63.980000000000004,24.400000000000002,0.16,1007,3.5,229,3,40.3756,31.7840
2022,4,14,13,30,25.6,144,844,885,7,17.7,330,405,0,686,61.7,28.61,0.16,1007,3.6,231,2.9000000000000004,41.6810,32.8009
2022,4,14,14,30,25.400000000000002,138,813,782,7,17.8,324,310,0,569,62.690000000000005,37.660000000000004,0.16,1006,3.7,235,2.7,34.0342,26.7561
2022,4,14,15,30,25,126,760,626,8,18.1,252,82,0,306,65.68,48.870000000000005,0.16,1006,3.8000000000000003,239,2.3000000000000003,17.7494,13.9231
2022,4,14,16,30,24.5,105,676,433,7,18.7,194,103,0,244,70.09,60.94,0.16,1006,3.8000000000000003,241,1.9000000000000001,13.3764,10.4417
2022,4,14,17,30,23.3,76,522,226,7,19.400000000000002,121,81,0,144,78.56,73.32000000000001,0.16,1006,3.6,242,1.5,7.1497,5.5104
2022,4,14,18,30,21.400000000000002,30,184,44,0,19.5,31,157,21,43,89.16,85.58,0.16,1006,3.3000000000000003,247,1.3,0.0000,0.0000
2022,4,14,19,30,20.3,0,0,0,0,18.8,0,0,0,0,91.21000000000001,97.86,0.16,1007,2.7,256,1.4000000000000001,0.0000,0.0000
2022,4,14,20,30,19.400000000000002,0,0,0,0,18.3,0,0,0,0,93.08,109.37,0.16,1008,2.1,268,1.4000000000000001,0.0000,0.0000
2022,4,14,21,30,18,0,0,0,0,17.1,0,0,0,0,94.69,119.85000000000001,0.16,1008,1.7000000000000002,282,1.3,0.0000,0.0000
2022,4,14,22,30,16.5,0,0,0,7,15.8,0,0,0,0,95.67,128.56,0.16,1009,1.5,301,1.2000000000000002,0.0000,0.0000
2022,4,14,23,30,15.3,0,0,0,8,14.600000000000001,0,0,0,0,95.33,134.42000000000002,0.16,1010,1.4000000000000001,320,1.2000000000000002,0.0000,0.0000
2022,4,15,0,30,14.200000000000001,0,0,0,0,13.600000000000001,0,0,0,0,96.12,136.26,0.16,1010,1.4000000000000001,335,1.2000000000000002,0.0000,0.0000
2022,4,15,1,30,13.4,0,0,0,0,12.600000000000001,0,0,0,0,94.76,133.57,0.16,1011,1.3,347,1.3,0.0000,0.0000
2022,4,15,2,30,12.600000000000001,0,0,0,0,11.200000000000001,0,0,0,0,91.12,127.06,0.16,1012,1.2000000000000002,178,1.3,0.0000,0.0000
2022,4,15,3,30,11.9,0,0,0,0,9.600000000000001,0,0,0,0,85.55,117.93,0.16,1013,1.2000000000000002,10,1.3,0.0000,0.0000
2022,4,15,4,30,11.200000000000001,0,0,0,0,8,0,0,0,0,80.78,107.21000000000001,0.16,1013,1.1,20,1.3,0.0000,0.0000
2022,4,15,5,30,11.200000000000001,0,0,0,0,6.9,0,0,0,0,74.65,95.54,0.16,1014,1,27,1.4000000000000001,0.0000,0.0000
2022,4,15,6,30,12.600000000000001,44,293,79,8,6.5,58,31,71,62,66.43,83.22,0.16,1015,1,32,1.7000000000000002,0.0000,0.0000
2022,4,15,7,30,15.3,83,631,290,0,6.7,98,553,0,279,56.620000000000005,70.88,0.16,1015,1,41,2.2,14.1697,10.9604
2022,4,15,8,30,18,104,786,514,0,5.9,111,765,0,510,45.17,58.52,0.16,1016,1,53,2.9000000000000004,28.3536,22.1625
2022,4,15,9,30,19.8,114,870,713,0,3.6,114,870,0,713,34.22,46.51,0.16,1016,1,59,3,41.6813,32.7152
2022,4,15,10,30,21.200000000000003,120,916,865,0,3.6,120,916,0,865,31.44,35.53,0.16,1016,1.1,63,2.7,51.9616,40.8614
2022,4,15,11,30,22.3,125,937,959,0,4.3,125,937,0,959,30.970000000000002,27.060000000000002,0.16,1016,1.1,69,2.4000000000000004,58.3898,45.9558
2022,4,15,12,30,23.1,126,943,987,0,5.2,126,943,0,987,31.240000000000002,24.05,0.16,1015,1.1,77,2.1,60.3121,47.4793
2022,4,15,13,30,23.5,126,931,945,0,5.9,126,931,0,945,32.160000000000004,28.330000000000002,0.16,1014,1.1,86,2,57.4400,45.2035
2022,4,15,14,30,23.5,121,901,836,0,6.5,121,901,0,836,33.480000000000004,37.45,0.16,1013,1.2000000000000002,95,1.9000000000000001,50.0266,39.3297
2022,4,15,15,30,23.200000000000003,113,848,673,0,7,162,715,0,634,35.29,48.7,0.16,1013,1.2000000000000002,104,1.8,36.7966,28.8657
2022,4,15,16,30,22.200000000000003,99,757,468,0,7.6000000000000005,99,757,0,468,38.96,60.800000000000004,0.16,1013,1.2000000000000002,111,1.7000000000000002,25.6783,20.0464
2022,4,15,17,30,19.8,75,588,245,0,10.3,86,533,0,240,54.160000000000004,73.17,0.16,1013,1.2000000000000002,117,1.3,11.9328,9.1990
2022,4,15,18,30,16.900000000000002,31,210,48,0,11.200000000000001,37,117,54,46,68.91,85.43,0.16,1013,1.3,124,1.2000000000000002,0.0000,0.0000
2022,4,15,19,30,15.700000000000001,0,0,0,8,9.3,0,0,0,0,65.7,97.69,0.15,1013,1.3,133,1.4000000000000001,0.0000,0.0000
2022,4,15,20,30,15.4,0,0,0,0,9.1,0,0,0,0,65.93,109.18,0.15,1013,1.3,142,1.6,0.0000,0.0000
2022,4,15,21,30,14.600000000000001,0,0,0,0,9,0,0,0,0,68.91,119.62,0.15,1013,1.3,148,1.4000000000000001,0.0000,0.0000
2022,4,15,22,30,13.3,0,0,0,0,9.3,0,0,0,0,76.85000000000001,128.28,0.15,1013,1.4000000000000001,149,1.2000000000000002,0.0000,0.0000
2022,4,15,23,30,12.200000000000001,0,0,0,0,9.700000000000001,0,0,0,0,84.43,134.1,0.15,1013,1.4000000000000001,149,1.1,0.0000,0.0000
2022,4,16,0,30,11.5,0,0,0,7,9.9,0,0,0,0,89.73,135.9,0.15,1013,1.4000000000000001,149,1,0.0000,0.0000
2022,4,16,1,30,11.100000000000001,0,0,0,6,10.100000000000001,0,0,0,0,93.4,133.21,0.15,1012,1.6,146,1,0.0000,0.0000
2022,4,16,2,30,11.100000000000001,0,0,0,7,10.4,0,0,0,0,95.16,126.72,0.15,1011,1.8,142,1,0.0000,0.0000
2022,4,16,3,30,11.5,0,0,0,6,10.9,0,0,0,0,96.06,117.63,0.15,1010,2,130,1.1,0.0000,0.0000
2022,4,16,4,30,12,0,0,0,6,11.5,0,0,0,0,96.96000000000001,106.93,0.15,1011,2.3000000000000003,129,0.8,0.0000,0.0000
2022,4,16,5,30,12.8,0,0,0,6,12.100000000000001,0,0,0,0,95.41,95.28,0.15,1012,2.7,155,0.5,0.0000,0.0000
2022,4,16,6,30,13.600000000000001,51,130,67,6,12.700000000000001,11,0,57,11,94.01,82.98,0.15,1013,3.1,196,0.5,0.0000,0.0000
2022,4,16,7,30,14.4,120,409,256,6,13.100000000000001,36,0,0,36,91.78,70.64,0.15,1012,3.3000000000000003,201,0.7000000000000001,1.8324,1.4178
2022,4,16,8,30,16.1,152,594,464,6,13.8,67,0,0,67,86.10000000000001,58.27,0.15,1012,3.4000000000000004,197,0.4,3.7299,2.9159
2022,4,16,9,30,18.7,174,686,648,6,15.4,113,2,0,114,81.06,46.25,0.15,1012,3.6,233,0.4,6.6697,5.2353
2022,4,16,10,30,20.700000000000003,188,740,792,7,17,301,28,0,324,79.13,35.230000000000004,0.15,1011,3.8000000000000003,246,1,19.4742,15.3146
2022,4,16,11,30,21.700000000000003,186,782,885,8,17.6,445,241,0,660,77.33,26.71,0.15,1010,3.8000000000000003,238,1.6,40.2029,31.6426
2022,4,16,12,30,22.400000000000002,175,813,919,7,18,393,316,0,682,76.13,23.7,0.15,1009,3.5,245,2,41.6907,32.8208
2022,4,16,13,30,23,158,829,890,8,18.2,366,72,0,430,74.47,28.05,0.15,1008,3.2,255,2.2,26.1467,20.5772
2022,4,16,14,30,23.200000000000003,152,805,793,8,18.2,338,280,11,561,73.42,37.25,0.15,1008,2.8000000000000003,261,2.1,33.5845,26.4040
2022,4,16,15,30,23.200000000000003,142,751,639,7,18,305,133,0,393,72.75,48.53,0.15,1008,2.6,267,2,22.8226,17.9043
2022,4,16,16,30,22.5,124,651,443,7,17.900000000000002,232,201,0,331,75.08,60.65,0.15,1008,2.4000000000000004,271,1.7000000000000002,18.1779,14.1923
2022,4,16,17,30,21,93,469,230,7,18.2,118,21,0,124,83.78,73.03,0.15,1008,2.4000000000000004,268,1.2000000000000002,6.1733,4.7601
2022,4,16,18,30,19.1,35,137,46,7,18.2,35,3,100,35,94.77,85.29,0.15,1009,2.3000000000000003,255,0.8,0.0000,0.0000
2022,4,16,19,30,18.1,0,0,0,7,17.5,0,0,0,0,95.99000000000001,97.53,0.16,1009,2.3000000000000003,242,0.8,0.0000,0.0000
2022,4,16,20,30,17.8,0,0,0,7,17.400000000000002,0,0,0,0,97.74000000000001,108.99000000000001,0.16,1009,2.3000000000000003,238,0.8,0.0000,0.0000
2022,4,16,21,30,17.3,0,0,0,7,17.3,0,0,0,0,100,119.39,0.16,1008,2.3000000000000003,240,0.8,0.0000,0.0000
2022,4,16,22,30,16.8,0,0,0,8,16.8,0,0,0,0,100,128,0.16,1008,2.3000000000000003,244,0.8,0.0000,0.0000
2022,4,16,23,30,16.5,0,0,0,8,16.5,0,0,0,0,100,133.77,0.16,1008,2.3000000000000003,250,0.9,0.0000,0.0000
2022,4,17,0,30,16.2,0,0,0,7,16.2,0,0,0,0,100,135.54,0.16,1008,2.3000000000000003,255,1,0.0000,0.0000
2022,4,17,1,30,15.9,0,0,0,5,15.9,0,0,0,0,100,132.86,0.16,1008,2.5,259,1,0.0000,0.0000
2022,4,17,2,30,15.700000000000001,0,0,0,0,15.700000000000001,0,0,0,0,100,126.4,0.16,1009,2.6,268,1,0.0000,0.0000
2022,4,17,3,30,15.3,0,0,0,0,15.3,0,0,0,0,100,117.33,0.16,1009,2.7,281,1,0.0000,0.0000
2022,4,17,4,30,14.9,0,0,0,0,14.9,0,0,0,0,100,106.66,0.16,1009,2.7,300,0.9,0.0000,0.0000
2022,4,17,5,30,15.200000000000001,0,0,0,4,15.200000000000001,0,0,0,0,100,95.03,0.16,1009,2.6,321,1,0.0000,0.0000
2022,4,17,6,30,16.5,47,261,80,5,15.4,47,89,57,58,93.09,82.75,0.16,1009,2.5,340,1.3,0.0000,0.0000
2022,4,17,7,30,18.7,90,566,280,0,16,123,399,0,257,84.2,70.41,0.16,1009,2.3000000000000003,179,1.6,13.1083,10.1457
2022,4,17,8,30,21.5,115,716,494,8,15.8,197,429,0,424,69.9,58.03,0.16,1009,2.3000000000000003,19,1.9000000000000001,23.6349,18.4786
2022,4,17,9,30,23.900000000000002,128,803,686,0,14.9,184,655,0,639,57.03,45.99,0.16,1009,2.4000000000000004,38,1.8,37.4155,29.3705
2022,4,17,10,30,25.5,135,852,833,0,15.200000000000001,135,852,0,833,52.92,34.94,0.16,1009,2.5,55,1.5,50.0953,39.3967
2022,4,17,11,30,26.700000000000003,147,862,919,0,15.8,147,862,0,919,51.39,26.37,0.16,1008,2.7,70,1.2000000000000002,56.0035,44.0800
2022,4,17,12,30,27.1,154,854,938,0,16.2,154,854,0,938,51.480000000000004,23.35,0.16,1008,2.9000000000000004,77,1,57.3617,45.1587
2022,4,17,13,30,26.900000000000002,158,833,895,0,16.2,158,833,0,895,51.97,27.78,0.16,1008,3.1,84,1,54.4415,42.8458
2022,4,17,14,30,26.5,152,799,790,0,16.3,152,799,0,790,53.39,37.04,0.16,1007,3.2,95,1.3,47.3141,37.1994
2022,4,17,15,30,26,145,732,631,7,16.5,252,385,0,508,55.94,48.370000000000005,0.16,1007,3.2,103,1.5,29.5171,23.1572
2022,4,17,16,30,25,134,606,432,7,16.900000000000002,216,60,0,246,60.96,60.51,0.16,1007,3.4000000000000004,105,1.6,13.5213,10.5575
2022,4,17,17,30,23.400000000000002,102,405,221,7,17.7,81,6,0,83,70.29,72.89,0.16,1007,3.5,110,1.5,4.1375,3.1910
2022,4,17,18,30,22,34,93,42,8,17.7,33,8,100,34,76.71000000000001,85.15,0.16,1007,3.7,118,1.6,0.0000,0.0000
2022,4,17,19,30,20.900000000000002,0,0,0,6,17.7,0,0,0,0,81.74,97.36,0.16,1008,3.9000000000000004,125,1.8,0.0000,0.0000
2022,4,17,20,30,19.900000000000002,0,0,0,8,18.3,0,0,0,0,90.32000000000001,108.8,0.16,1008,4.1000000000000005,126,2.2,0.0000,0.0000
2022,4,17,21,30,19.1,0,0,0,7,18.400000000000002,0,0,0,0,95.81,119.16,0.16,1008,4.1000000000000005,122,2.4000000000000004,0.0000,0.0000
2022,4,17,22,30,18.3,0,0,0,8,18,0,0,0,0,98.32000000000001,127.73,0.16,1008,4.1000000000000005,113,2.5,0.0000,0.0000
2022,4,17,23,30,17.3,0,0,0,7,17.2,0,0,0,0,99.38,133.45,0.16,1007,4.1000000000000005,106,2.9000000000000004,0.0000,0.0000
2022,4,18,0,30,16.400000000000002,0,0,0,6,16.1,0,0,0,0,97.88,135.19,0.16,1007,4.1000000000000005,106,2.9000000000000004,0.0000,0.0000
2022,4,18,1,30,15.700000000000001,0,0,0,9,15.200000000000001,0,0,0,0,97.11,132.51,0.16,1007,4,105,2.7,0.0000,0.0000
2022,4,18,2,30,15.3,0,0,0,6,14.700000000000001,0,0,0,0,96.2,126.07000000000001,0.16,1007,4,100,2.4000000000000004,0.0000,0.0000
2022,4,18,3,30,14.8,0,0,0,7,14.3,0,0,0,0,97.10000000000001,117.04,0.16,1006,4,91,2.2,0.0000,0.0000
2022,4,18,4,30,14.4,0,0,0,7,14,0,0,0,0,97.71000000000001,106.39,0.16,1006,4,82,2.1,0.0000,0.0000
2022,4,18,5,30,14.100000000000001,0,0,0,6,13.700000000000001,0,0,0,0,97.63,94.78,0.16,1006,4,71,1.8,0.0000,0.0000
2022,4,18,6,30,14.100000000000001,54,137,72,6,13.5,7,0,57,7,96.25,82.51,0.16,1006,3.9000000000000004,54,1.4000000000000001,0.0000,0.0000
2022,4,18,7,30,14.200000000000001,122,412,262,6,13.600000000000001,15,0,0,15,96.39,70.17,0.16,1006,3.7,27,1.5,0.7667,0.5936
2022,4,18,8,30,14,156,590,470,6,13.600000000000001,15,0,0,15,97.36,57.79,0.16,1006,3.5,10,2,0.8372,0.6546
2022,4,18,9,30,13.9,174,697,661,6,13,114,1,0,115,94.24,45.730000000000004,0.16,1007,3.1,13,2.3000000000000003,6.7390,5.2903
2022,4,18,10,30,14.600000000000001,188,760,813,7,12.4,197,4,0,200,86.64,34.65,0.16,1006,2.8000000000000003,18,2.1,12.0342,9.4644
2022,4,18,11,30,16,191,800,910,3,12.5,173,229,11,379,79.99,26.03,0.16,1006,2.5,13,1.7000000000000002,23.1058,18.1870
2022,4,18,12,30,17.1,191,812,938,3,13,195,31,7,224,76.97,23,0.16,1006,2.5,179,1.6,13.7034,10.7884
2022,4,18,13,30,17.7,186,802,897,3,13.5,184,286,0,438,76.3,27.51,0.16,1006,2.5,350,1.7000000000000002,26.6524,20.9761
2022,4,18,14,30,17.900000000000002,176,776,797,0,13.700000000000001,180,692,0,734,76.51,36.84,0.16,1006,2.4000000000000004,346,1.8,43.9782,34.5775
2022,4,18,15,30,17.6,159,725,642,0,13.600000000000001,159,725,0,642,77.36,48.21,0.16,1006,2.3000000000000003,345,1.9000000000000001,37.3234,29.2827
2022,4,18,16,30,16.8,133,635,447,0,13,142,405,0,342,78.53,60.36,0.16,1006,2.2,342,1.9000000000000001,18.8147,14.6920
2022,4,18,17,30,15.600000000000001,96,468,235,0,12.3,96,468,0,235,80.47,72.75,0.16,1006,2.2,340,1.8,11.7300,9.0486
2022,4,18,18,30,13.9,37,137,49,0,11.700000000000001,37,130,4,48,86.65,85,0.16,1007,2.1,340,1.4000000000000001,0.0000,0.0000
2022,4,18,19,30,12.700000000000001,0,0,0,0,11.100000000000001,0,0,0,0,90.10000000000001,97.2,0.17,1008,2,339,1.2000000000000002,0.0000,0.0000
2022,4,18,20,30,12.3,0,0,0,0,10.600000000000001,0,0,0,0,89.63,108.61,0.17,1008,1.8,336,1.2000000000000002,0.0000,0.0000
2022,4,18,21,30,11.9,0,0,0,0,10.3,0,0,0,0,89.7,118.93,0.17,1009,1.7000000000000002,333,1.2000000000000002,0.0000,0.0000
2022,4,18,22,30,11.200000000000001,0,0,0,0,10.100000000000001,0,0,0,0,92.69,127.45,0.17,1009,1.4000000000000001,331,1.2000000000000002,0.0000,0.0000
2022,4,18,23,30,10.4,0,0,0,0,9.700000000000001,0,0,0,0,95.38,133.13,0.17,1010,1.2000000000000002,331,1.4000000000000001,0.0000,0.0000
2022,4,19,0,30,9.4,0,0,0,0,8.3,0,0,0,0,93.12,134.84,0.17,1010,1.1,328,1.3,0.0000,0.0000
2022,4,19,1,30,8.4,0,0,0,0,7.300000000000001,0,0,0,0,93.02,132.17000000000002,0.17,1010,0.9,324,1.3,0.0000,0.0000
2022,4,19,2,30,7.800000000000001,0,0,0,0,6.4,0,0,0,0,90.82000000000001,125.75,0.17,1011,0.8,323,1.3,0.0000,0.0000
2022,4,19,3,30,7,0,0,0,0,5.6000000000000005,0,0,0,0,90.5,116.74000000000001,0.17,1012,0.7000000000000001,321,1.3,0.0000,0.0000
2022,4,19,4,30,6.2,0,0,0,0,4.7,0,0,0,0,90.32000000000001,106.12,0.17,1012,0.6000000000000001,320,1.1,0.0000,0.0000
2022,4,19,5,30,6.300000000000001,0,0,0,0,4,0,0,0,0,85.48,94.53,0.17,1013,0.6000000000000001,321,1.2000000000000002,0.0000,0.0000
2022,4,19,6,30,8,47,396,100,0,3.7,47,396,0,100,74.33,82.28,0.17,1014,0.5,324,1.6,0.0000,0.0000
2022,4,19,7,30,10.3,79,706,321,0,2.4000000000000004,79,706,0,321,57.99,69.94,0.17,1014,0.5,329,2,16.4420,12.7335
2022,4,19,8,30,12,98,841,549,0,0.2,98,841,0,549,44.22,57.550000000000004,0.17,1015,0.5,330,2.1,30.6804,23.9926
2022,4,19,9,30,13.4,110,911,749,0,-0.1,110,911,0,749,39.45,45.480000000000004,0.17,1015,0.5,325,2,43.9241,34.4836
2022,4,19,10,30,14.700000000000001,120,943,898,0,0.1,120,943,0,898,36.93,34.36,0.17,1015,0.6000000000000001,318,2,54.0622,42.5193
2022,4,19,11,30,15.9,128,958,991,0,0.6000000000000001,128,958,0,991,35.45,25.7,0.17,1014,0.6000000000000001,314,2.1,60.4409,47.5751
2022,4,19,12,30,16.7,132,956,1014,0,1.2000000000000002,132,956,0,1014,35.06,22.66,0.17,1014,0.6000000000000001,313,2.1,62.0543,48.8552
2022,4,19,13,30,17.3,130,942,968,0,1.7000000000000002,130,942,0,968,35.07,27.240000000000002,0.17,1014,0.7000000000000001,313,2.1,58.9240,46.3756
2022,4,19,14,30,17.6,126,915,860,0,2.1,126,915,0,860,35.35,36.64,0.17,1013,0.7000000000000001,315,2,51.5485,40.5307
2022,4,19,15,30,17.400000000000002,116,862,692,0,2.4000000000000004,116,862,0,692,36.58,48.050000000000004,0.17,1013,0.8,317,1.8,40.2519,31.5816
2022,4,19,16,30,17,101,774,485,0,3,101,774,0,485,39.07,60.22,0.17,1013,0.8,320,1.5,26.7039,20.8541
2022,4,19,17,30,15.600000000000001,78,606,259,0,4.5,78,606,0,259,47.49,72.61,0.17,1014,0.8,322,1,12.9448,9.9879
2022,4,19,18,30,14.3,36,223,56,0,6.1000000000000005,36,223,0,56,57.93,84.85000000000001,0.17,1014,0.8,327,0.7000000000000001,0.0000,0.0000
2022,4,19,19,30,14.3,0,0,0,0,2.8000000000000003,0,0,0,0,46.050000000000004,97.04,0.17,1015,0.8,181,0.4,0.0000,0.0000
2022,4,19,20,30,14.200000000000001,0,0,0,0,2.2,0,0,0,0,44.22,108.42,0.17,1015,0.8,63,0.4,0.0000,0.0000
2022,4,19,21,30,13.3,0,0,0,0,2,0,0,0,0,46.19,118.71000000000001,0.17,1016,0.8,92,0.7000000000000001,0.0000,0.0000
2022,4,19,22,30,12,0,0,0,0,2.4000000000000004,0,0,0,0,51.76,127.18,0.17,1017,0.8,81,1,0.0000,0.0000
2022,4,19,23,30,10.4,0,0,0,0,2.9000000000000004,0,0,0,0,59.78,132.81,0.17,1017,0.9,70,1.1,0.0000,0.0000
2022,4,20,0,30,8.700000000000001,0,0,0,0,3.5,0,0,0,0,69.62,134.5,0.17,1018,0.9,64,1.1,0.0000,0.0000
2022,4,20,1,30,7.6000000000000005,0,0,0,0,3.9000000000000004,0,0,0,0,77.49,131.82,0.17,1018,1,62,1.1,0.0000,0.0000
2022,4,20,2,30,7.1000000000000005,0,0,0,0,4.2,0,0,0,0,81.96000000000001,125.43,0.17,1019,1.1,62,1.2000000000000002,0.0000,0.0000
2022,4,20,3,30,6.7,0,0,0,0,4.4,0,0,0,0,85.31,116.45,0.17,1019,1.1,66,1.2000000000000002,0.0000,0.0000
2022,4,20,4,30,6.2,0,0,0,0,4.5,0,0,0,0,88.7,105.86,0.17,1020,1.2000000000000002,70,1.3,0.0000,0.0000
2022,4,20,5,30,6.300000000000001,0,0,0,0,4.3,0,0,0,0,86.83,94.29,0.17,1021,1.2000000000000002,70,1.5,0.0000,0.0000
2022,4,20,6,30,7.800000000000001,51,293,92,0,4.2,51,293,0,92,78.02,82.05,0.17,1022,1.2000000000000002,70,1.9000000000000001,0.0000,0.0000
2022,4,20,7,30,10.600000000000001,94,595,300,0,4,94,595,0,300,63.730000000000004,69.72,0.17,1022,1.3,80,2.5,15.3965,11.9271
2022,4,20,8,30,13.3,118,741,518,0,2.6,118,741,0,518,48.370000000000005,57.32,0.17,1022,1.3,95,2.9000000000000004,28.9826,22.6673
2022,4,20,9,30,15.5,134,822,713,0,2.3000000000000003,134,822,0,713,41.13,45.230000000000004,0.17,1022,1.3,103,2.8000000000000003,41.8441,32.8524
2022,4,20,10,30,17.2,145,864,861,0,3.1,145,864,0,861,38.85,34.08,0.17,1022,1.4000000000000001,105,2.4000000000000004,51.8609,40.7894
2022,4,20,11,30,18.6,152,884,951,0,4,152,884,0,951,38.1,25.37,0.17,1022,1.5,103,2,58.0242,45.6740
2022,4,20,12,30,19.6,155,886,975,8,4.9,294,623,0,870,38.02,22.32,0.17,1022,1.6,98,1.6,53.2603,41.9326
2022,4,20,13,30,20.200000000000003,155,872,932,8,5.5,279,617,0,829,38.21,26.97,0.17,1021,1.6,96,1.5,50.4805,39.7310
2022,4,20,14,30,20.3,149,838,823,0,6,219,682,0,768,39.19,36.45,0.17,1021,1.7000000000000002,99,1.6,46.0516,36.2096
2022,4,20,15,30,20,139,782,663,0,6.300000000000001,173,703,0,644,40.81,47.89,0.17,1020,1.7000000000000002,104,1.6,37.4800,29.4079
2022,4,20,16,30,19.200000000000003,119,686,461,0,6.7,138,628,0,451,44.06,60.08,0.17,1020,1.7000000000000002,106,1.6,24.8525,19.4098
2022,4,20,17,30,17.1,92,507,245,0,8.200000000000001,92,507,0,245,55.64,72.47,0.17,1020,1.7000000000000002,108,1.3,12.2611,9.4624
2022,4,20,18,30,14.700000000000001,38,163,53,0,9.3,39,118,25,50,70.13,84.71000000000001,0.17,1020,1.7000000000000002,113,1.2000000000000002,0.0000,0.0000
2022,4,20,19,30,13.9,0,0,0,3,8,0,0,0,0,67.52,96.87,0.17,1021,1.7000000000000002,123,1.4000000000000001,0.0000,0.0000
2022,4,20,20,30,13.9,0,0,0,3,8,0,0,0,0,67.5,108.23,0.17,1021,1.8,133,1.5,0.0000,0.0000
2022,4,20,21,30,13.600000000000001,0,0,0,3,8.1,0,0,0,0,69.29,118.48,0.17,1022,1.8,142,1.6,0.0000,0.0000
2022,4,20,22,30,12.9,0,0,0,8,8.4,0,0,0,0,73.9,126.91,0.17,1022,1.7000000000000002,144,1.5,0.0000,0.0000
2022,4,20,23,30,12.200000000000001,0,0,0,8,8.6,0,0,0,0,78.69,132.49,0.17,1022,1.7000000000000002,139,1.3,0.0000,0.0000
2022,4,21,0,30,11.700000000000001,0,0,0,4,8.6,0,0,0,0,81.54,134.16,0.17,1022,1.7000000000000002,133,1.1,0.0000,0.0000
2022,4,21,1,30,11.100000000000001,0,0,0,0,8.6,0,0,0,0,84.65,131.48,0.17,1022,1.7000000000000002,127,1,0.0000,0.0000
2022,4,21,2,30,10.700000000000001,0,0,0,8,8.6,0,0,0,0,86.83,125.12,0.17,1023,1.7000000000000002,124,0.9,0.0000,0.0000
2022,4,21,3,30,10.4,0,0,0,0,8.5,0,0,0,0,87.93,116.17,0.17,1023,1.7000000000000002,121,0.9,0.0000,0.0000
2022,4,21,4,30,10,0,0,0,0,8.4,0,0,0,0,89.57000000000001,105.60000000000001,0.17,1023,1.8,119,0.9,0.0000,0.0000
2022,4,21,5,30,10.5,0,0,0,0,8.4,0,0,0,0,86.98,94.05,0.17,1024,1.8,117,1.1,0.0000,0.0000
2022,4,21,6,30,12.200000000000001,54,271,93,0,8.9,54,271,0,93,80.06,81.82000000000001,0.17,1024,1.8,111,1.4000000000000001,0.0000,0.0000
2022,4,21,7,30,14.700000000000001,100,563,297,0,9.600000000000001,100,563,0,297,71.69,69.49,0.17,1024,1.8,111,1.4000000000000001,15.2736,11.8352
2022,4,21,8,30,17.7,126,714,514,8,11,216,416,0,442,64.9,57.1,0.17,1024,1.8,125,1.6,24.7583,19.3654
2022,4,21,9,30,20.200000000000003,143,795,705,0,11.8,215,599,0,639,58.45,44.99,0.17,1024,1.8,144,1.6,37.5277,29.4650
2022,4,21,10,30,21.6,160,830,850,8,12,310,455,0,688,54.33,33.8,0.17,1024,1.9000000000000001,159,1.1,41.4613,32.6110
2022,4,21,11,30,22.3,169,849,938,8,11.9,313,542,0,804,51.78,25.04,0.17,1024,1.9000000000000001,168,0.8,49.0743,38.6299
2022,4,21,12,30,23,167,861,965,0,12,167,861,0,965,49.800000000000004,21.990000000000002,0.17,1023,2,170,0.7000000000000001,59.0956,46.5278
2022,4,21,13,30,23.5,158,856,923,0,12.200000000000001,158,856,0,923,49.02,26.71,0.17,1022,2.1,180,0.5,56.2231,44.2518
2022,4,21,14,30,23.5,152,825,817,0,12.3,152,825,0,817,49.33,36.26,0.17,1022,2.2,207,0.4,49.0083,38.5354
2022,4,21,15,30,23.3,140,769,657,0,12.4,140,769,0,657,50.44,47.74,0.17,1021,2.2,231,0.5,38.2556,30.0176
2022,4,21,16,30,22.900000000000002,120,674,458,0,13.100000000000001,120,674,0,458,53.910000000000004,59.94,0.17,1021,2.3000000000000003,233,0.5,25.2589,19.7288
2022,4,21,17,30,21.8,90,507,244,0,13.200000000000001,90,507,0,244,58.17,72.34,0.17,1021,2.3000000000000003,231,0.5,12.2259,9.4371
2022,4,21,18,30,20.700000000000003,39,173,55,0,13.9,39,173,0,55,65.13,84.57000000000001,0.17,1021,2.3000000000000003,235,0.7000000000000001,0.0000,0.0000
2022,4,21,19,30,20.1,0,0,0,0,11.700000000000001,0,0,0,0,58.29,96.71000000000001,0.17,1021,2.3000000000000003,239,0.7000000000000001,0.0000,0.0000
2022,4,21,20,30,19.5,0,0,0,0,11.200000000000001,0,0,0,0,58.7,108.04,0.17,1022,2.3000000000000003,231,0.6000000000000001,0.0000,0.0000
2022,4,21,21,30,18.5,0,0,0,0,11,0,0,0,0,61.78,118.25,0.17,1022,2.3000000000000003,208,0.6000000000000001,0.0000,0.0000
2022,4,21,22,30,17,0,0,0,0,11.200000000000001,0,0,0,0,68.62,126.64,0.17,1022,2.3000000000000003,193,0.9,0.0000,0.0000
2022,4,21,23,30,15.5,0,0,0,0,11.5,0,0,0,0,77.21000000000001,132.18,0.17,1022,2.3000000000000003,195,1.1,0.0000,0.0000
2022,4,22,0,30,14.200000000000001,0,0,0,0,11.8,0,0,0,0,85.24,133.82,0.17,1021,2.2,203,1.2000000000000002,0.0000,0.0000
2022,4,22,1,30,13.200000000000001,0,0,0,0,11.9,0,0,0,0,91.78,131.15,0.17,1021,2.2,214,1.1,0.0000,0.0000
2022,4,22,2,30,12.5,0,0,0,0,12,0,0,0,0,96.58,124.8,0.17,1021,2.1,227,1,0.0000,0.0000
2022,4,22,3,30,12,0,0,0,0,12,0,0,0,0,99.99000000000001,115.89,0.17,1021,2.1,246,1,0.0000,0.0000
2022,4,22,4,30,11.600000000000001,0,0,0,0,11.600000000000001,0,0,0,0,100,105.34,0.17,1021,2.2,273,1,0.0000,0.0000
2022,4,22,5,30,12.200000000000001,0,0,0,0,11.8,0,0,0,0,97.65,93.81,0.17,1022,2.3000000000000003,302,0.9,0.0000,0.0000
2022,4,22,6,30,14.5,53,282,94,0,12.4,53,282,0,94,87,81.60000000000001,0.17,1023,2.4000000000000004,320,1,0.0000,0.0000
2022,4,22,7,30,17.6,96,564,296,0,12.9,96,564,0,296,74.07000000000001,69.28,0.17,1023,2.5,322,0.9,15.2503,11.8201
2022,4,22,8,30,21,120,709,507,0,13.9,120,709,0,507,63.74,56.870000000000005,0.17,1023,2.6,164,0.6000000000000001,28.4325,22.2416
2022,4,22,9,30,23.700000000000003,131,795,696,0,13.8,131,795,0,696,53.68,44.75,0.17,1022,2.6,36,0.7000000000000001,40.9039,32.1174
2022,4,22,10,30,25.200000000000003,138,845,842,0,14.200000000000001,138,845,0,842,50.5,33.53,0.17,1022,2.6,70,0.9,50.7661,39.9308
2022,4,22,11,30,26.200000000000003,145,864,930,0,14.8,145,864,0,930,49.410000000000004,24.72,0.17,1022,2.7,82,0.9,56.7861,44.7014
2022,4,22,12,30,27,152,862,953,0,15.200000000000001,152,862,0,953,48.51,21.66,0.17,1021,2.7,90,0.9,58.3797,45.9650
2022,4,22,13,30,27.3,156,841,909,0,15.600000000000001,156,841,0,909,48.89,26.45,0.17,1020,2.8000000000000003,98,0.9,55.3885,43.5957
2022,4,22,14,30,27.3,149,811,805,0,15.9,149,811,0,805,49.76,36.06,0.17,1019,2.8000000000000003,108,0.8,48.3076,37.9854
2022,4,22,15,30,26.900000000000002,137,759,649,0,16.1,137,759,0,649,51.7,47.58,0.17,1019,2.8000000000000003,116,0.8,37.8098,29.6689
2022,4,22,16,30,26.5,117,669,454,0,16.5,135,575,0,424,54.300000000000004,59.800000000000004,0.17,1018,2.8000000000000003,121,0.7000000000000001,23.4029,18.2805
2022,4,22,17,30,25,88,507,243,0,17.400000000000002,88,507,0,243,62.61,72.2,0.17,1018,2.8000000000000003,128,0.6000000000000001,12.1917,9.4127
2022,4,22,18,30,22.700000000000003,38,185,56,0,18.3,38,185,0,56,76.09,84.43,0.17,1018,2.7,142,0.8,0.0000,0.0000
2022,4,22,19,30,20.8,0,0,0,0,16,0,0,0,0,74.10000000000001,96.54,0.17,1018,2.6,154,1.1,0.0000,0.0000
2022,4,22,20,30,19.400000000000002,0,0,0,0,15.600000000000001,0,0,0,0,78.69,107.85000000000001,0.17,1019,2.6,163,1.2000000000000002,0.0000,0.0000
2022,4,22,21,30,18.3,0,0,0,0,15.4,0,0,0,0,83.07000000000001,118.03,0.17,1019,2.6,172,1.3,0.0000,0.0000
2022,4,22,22,30,17.400000000000002,0,0,0,0,15.200000000000001,0,0,0,0,87.19,126.37,0.17,1019,2.6,179,1.4000000000000001,0.0000,0.0000
2022,4,22,23,30,16.6,0,0,0,0,15.100000000000001,0,0,0,0,91.09,131.87,0.17,1019,2.6,186,1.2000000000000002,0.0000,0.0000
2022,4,23,0,30,15.700000000000001,0,0,0,0,15,0,0,0,0,95.79,133.48,0.17,1019,2.6,192,1,0.0000,0.0000
2022,4,23,1,30,14.9,0,0,0,0,14.9,0,0,0,0,100,130.82,0.17,1018,2.6,199,0.9,0.0000,0.0000
2022,4,23,2,30,14.3,0,0,0,0,14.3,0,0,0,0,100,124.5,0.17,1018,2.6,205,0.8,0.0000,0.0000
2022,4,23,3,30,13.8,0,0,0,0,13.8,0,0,0,0,100,115.61,0.17,1018,2.6,211,0.8,0.0000,0.0000
2022,4,23,4,30,13.5,0,0,0,0,13.5,0,0,0,0,100,105.09,0.17,1018,2.5,218,0.7000000000000001,0.0000,0.0000
2022,4,23,5,30,14.200000000000001,0,0,0,0,14.200000000000001,0,0,0,0,100,93.58,0.17,1019,2.5,229,0.7000000000000001,0.0000,0.0000
2022,4,23,6,30,16.3,51,317,99,0,14.700000000000001,51,317,0,99,90.35000000000001,81.38,0.17,1019,2.5,236,0.6000000000000001,0.0000,0.0000
2022,4,23,7,30,19.400000000000002,90,596,303,0,15.4,90,596,0,303,77.5,69.06,0.17,1019,2.5,221,0.8,15.6410,12.1260
2022,4,23,8,30,22.200000000000003,112,735,516,0,15.200000000000001,112,735,0,516,64.54,56.660000000000004,0.17,1020,2.5,192,1,28.9678,22.6624
2022,4,23,9,30,24.1,127,809,704,0,15.3,127,809,0,704,57.78,44.52,0.17,1020,2.5,172,1.1,41.4014,32.5097
2022,4,23,10,30,25.5,139,847,847,0,15.600000000000001,139,847,0,847,54.35,33.26,0.17,1019,2.6,157,1.2000000000000002,51.0916,40.1880
2022,4,23,11,30,26.5,144,866,933,0,16,144,866,0,933,52.63,24.400000000000002,0.17,1019,2.7,148,1.3,56.9900,44.8630
2022,4,23,12,30,27.1,147,872,959,0,16.3,201,733,0,884,51.56,21.330000000000002,0.17,1018,2.7,144,1.4000000000000001,54.1702,42.6514
2022,4,23,13,30,27.5,143,865,919,0,16.3,143,865,0,919,50.54,26.2,0.17,1017,2.7,143,1.4000000000000001,56.0153,44.0899
2022,4,23,14,30,27.5,135,839,815,0,16.3,135,839,0,815,50.39,35.88,0.17,1016,2.7,144,1.4000000000000001,48.9249,38.4717
2022,4,23,15,30,27.1,125,788,658,0,16.2,125,788,0,658,51.34,47.43,0.17,1016,2.7,145,1.4000000000000001,38.3529,30.0963
2022,4,23,16,30,26.400000000000002,108,699,461,0,16.2,108,699,0,461,53.550000000000004,59.660000000000004,0.17,1015,2.7,147,1.3,25.4658,19.8934
2022,4,23,17,30,24.6,83,538,249,0,17,83,538,0,249,62.51,72.06,0.17,1015,2.6,151,1.1,12.5090,9.6597
2022,4,23,18,30,21.900000000000002,37,212,58,0,18,37,212,0,58,78.57000000000001,84.28,0.17,1015,2.6,157,1.1,0.0000,0.0000
2022,4,23,19,30,20.1,0,0,0,0,16,0,0,0,0,77.34,96.38,0.17,1016,2.5,164,1.4000000000000001,0.0000,0.0000
2022,4,23,20,30,19.3,0,0,0,0,15.700000000000001,0,0,0,0,79.51,107.66,0.17,1016,2.4000000000000004,172,1.6,0.0000,0.0000
2022,4,23,21,30,18.5,0,0,0,0,15.4,0,0,0,0,82.42,117.8,0.17,1016,2.4000000000000004,179,1.6,0.0000,0.0000
2022,4,23,22,30,17.400000000000002,0,0,0,0,15.4,0,0,0,0,88.23,126.10000000000001,0.17,1016,2.2,183,1.3,0.0000,0.0000
2022,4,23,23,30,16.400000000000002,0,0,0,0,15.5,0,0,0,0,94.55,131.56,0.17,1016,2.1,186,1.1,0.0000,0.0000
2022,4,24,0,30,15.700000000000001,0,0,0,0,15.600000000000001,0,0,0,0,99.34,133.15,0.17,1016,2,189,1,0.0000,0.0000
2022,4,24,1,30,14.9,0,0,0,0,14.9,0,0,0,0,100,130.49,0.17,1016,1.8,195,0.9,0.0000,0.0000
2022,4,24,2,30,14.3,0,0,0,0,14.3,0,0,0,0,100,124.19,0.17,1016,1.8,205,0.8,0.0000,0.0000
2022,4,24,3,30,13.9,0,0,0,0,13.9,0,0,0,0,100,115.33,0.17,1016,1.7000000000000002,217,0.8,0.0000,0.0000
2022,4,24,4,30,13.700000000000001,0,0,0,0,13.700000000000001,0,0,0,0,100,104.84,0.17,1016,1.6,232,0.8,0.0000,0.0000
2022,4,24,5,30,14.5,0,0,0,3,14.5,0,0,14,0,100,93.35000000000001,0.17,1017,1.6,246,0.8,0.0000,0.0000
2022,4,24,6,30,16.8,49,391,109,0,15.200000000000001,49,391,0,109,90.34,81.17,0.17,1017,1.5,248,0.6000000000000001,0.0000,0.0000
2022,4,24,7,30,19.6,80,671,322,0,15.700000000000001,80,671,0,322,78.41,68.85000000000001,0.17,1018,1.5,224,0.8,16.6521,12.9130
2022,4,24,8,30,21.8,97,804,541,0,14.9,97,804,0,541,64.72,56.44,0.17,1017,1.5,197,1.1,30.4045,23.7887
2022,4,24,9,30,23.3,108,874,734,0,14.200000000000001,128,818,0,714,56.69,44.29,0.17,1017,1.5,185,1.1,42.0171,32.9947
2022,4,24,10,30,24.700000000000003,118,911,882,0,13.600000000000001,118,911,0,882,50.15,33,0.17,1017,1.5,179,1.1,53.2266,41.8687
2022,4,24,11,30,25.8,123,928,970,0,13.3,123,928,0,970,46.02,24.09,0.17,1016,1.6,177,1.1,59.2707,46.6593
2022,4,24,12,30,26.6,126,929,993,0,13.3,126,929,0,993,43.78,21,0.17,1015,1.6,178,1.1,60.8686,47.9264
2022,4,24,13,30,27.1,126,914,948,0,13.3,126,914,0,948,42.71,25.95,0.17,1015,1.7000000000000002,180,1.1,57.8008,45.4961
2022,4,24,14,30,27.3,119,889,841,0,13.4,119,889,0,841,42.42,35.69,0.17,1014,1.8,185,1,50.5043,39.7146
2022,4,24,15,30,27.1,109,843,681,0,13.5,127,803,0,672,43.27,47.28,0.17,1014,1.8,191,0.9,39.1881,30.7527
2022,4,24,16,30,27,95,761,481,0,13.9,127,661,0,462,44.67,59.52,0.17,1013,1.8,196,0.8,25.5416,19.9541
2022,4,24,17,30,25.6,74,608,263,0,14.700000000000001,74,608,0,263,50.95,71.93,0.17,1013,1.8,199,0.8,13.2283,10.2171
2022,4,24,18,30,23.400000000000002,37,274,65,0,15.600000000000001,37,274,0,65,61.68,84.14,0.17,1013,1.8,192,0.8,0.0000,0.0000
2022,4,24,19,30,21.700000000000003,0,0,0,0,13,0,0,0,0,57.85,96.22,0.17,1014,1.8,174,1.1,0.0000,0.0000
2022,4,24,20,30,19.8,0,0,0,0,13.4,0,0,0,0,66.46000000000001,107.47,0.17,1014,1.8,167,1.5,0.0000,0.0000
2022,4,24,21,30,18.3,0,0,0,0,14.200000000000001,0,0,0,0,77,117.57000000000001,0.17,1014,1.8,171,1.7000000000000002,0.0000,0.0000
2022,4,24,22,30,17.400000000000002,0,0,0,0,14.700000000000001,0,0,0,0,84.32000000000001,125.83,0.17,1014,1.8,178,1.6,0.0000,0.0000
2022,4,24,23,30,16.7,0,0,0,0,15.100000000000001,0,0,0,0,90.54,131.25,0.17,1014,1.8,185,1.4000000000000001,0.0000,0.0000
2022,4,25,0,30,15.9,0,0,0,0,15.3,0,0,0,0,96.31,132.82,0.17,1014,1.8,192,1.2000000000000002,0.0000,0.0000
2022,4,25,1,30,15.3,0,0,0,0,15.3,0,0,0,0,100,130.16,0.17,1014,1.8,200,1.1,0.0000,0.0000
2022,4,25,2,30,14.700000000000001,0,0,0,0,14.700000000000001,0,0,0,0,100,123.89,0.17,1014,1.8,209,1,0.0000,0.0000
2022,4,25,3,30,14.100000000000001,0,0,0,0,14.100000000000001,0,0,0,0,100,115.06,0.17,1014,1.8,220,0.9,0.0000,0.0000
2022,4,25,4,30,13.600000000000001,0,0,0,0,13.600000000000001,0,0,0,0,100,104.59,0.17,1014,1.9000000000000001,231,0.8,0.0000,0.0000
2022,4,25,5,30,14.5,0,0,0,0,14.5,0,0,0,0,100,93.12,0.17,1015,1.9000000000000001,241,0.9,0.0000,0.0000
2022,4,25,6,30,16.900000000000002,51,367,109,0,15.200000000000001,51,367,0,109,89.77,80.96000000000001,0.17,1015,1.9000000000000001,243,0.9,0.0000,0.0000
2022,4,25,7,30,20.1,85,637,317,0,15.9,85,637,0,317,76.79,68.64,0.17,1015,2,240,1.3,16.4232,12.7385
2022,4,25,8,30,23.1,106,767,532,0,16.1,106,767,0,532,64.62,56.230000000000004,0.17,1015,2,242,1.6,29.9297,23.4193
2022,4,25,9,30,25.1,120,838,722,0,16.2,120,838,0,722,57.78,44.07,0.17,1015,2,245,1.5,42.5143,33.3866
2022,4,25,10,30,26.700000000000003,128,877,866,0,16.2,128,877,0,866,52.56,32.75,0.17,1014,2.1,244,1.4000000000000001,52.2833,41.1278
2022,4,25,11,30,27.8,135,894,953,0,16.400000000000002,147,873,0,946,49.85,23.78,0.17,1014,2.2,242,1.4000000000000001,57.8240,45.5214
2022,4,25,12,30,28.6,138,894,974,0,16.6,258,570,0,791,48.38,20.68,0.17,1013,2.3000000000000003,239,1.4000000000000001,48.5009,38.1891
2022,4,25,13,30,29,138,879,930,3,16.8,303,411,29,673,47.870000000000005,25.7,0.17,1012,2.4000000000000004,235,1.4000000000000001,41.0461,32.3088
2022,4,25,14,30,29,130,855,826,0,17,247,461,0,622,48.22,35.51,0.17,1012,2.4000000000000004,232,1.5,37.3658,29.3836
2022,4,25,15,30,28.700000000000003,116,811,668,0,17,151,658,0,599,49.18,47.13,0.17,1011,2.5,229,1.4000000000000001,34.9480,27.4263
2022,4,25,16,30,27.900000000000002,99,737,474,0,17.1,99,737,71,474,51.800000000000004,59.39,0.17,1011,2.4000000000000004,224,1.2000000000000002,26.2245,20.4891
2022,4,25,17,30,26.1,75,593,260,0,18.1,75,593,100,260,61.300000000000004,71.79,0.17,1011,2.4000000000000004,218,1,13.0944,10.1157
2022,4,25,18,30,23.6,36,273,65,0,19.6,36,273,0,65,78.18,84,0.17,1011,2.4000000000000004,211,0.9,0.0000,0.0000
2022,4,25,19,30,21.8,0,0,0,0,17.3,0,0,0,0,75.57000000000001,96.05,0.16,1012,2.3000000000000003,202,1.1,0.0000,0.0000
2022,4,25,20,30,20.900000000000002,0,0,0,0,16.900000000000002,0,0,0,0,77.71000000000001,107.28,0.16,1012,2.3000000000000003,191,1.1,0.0000,0.0000
2022,4,25,21,30,20.3,0,0,0,0,16.6,0,0,0,0,79.43,117.35000000000001,0.16,1012,2.3000000000000003,183,1.3,0.0000,0.0000
2022,4,25,22,30,20,0,0,0,0,16.6,0,0,0,0,80.58,125.57000000000001,0.16,1012,2.3000000000000003,183,1.7000000000000002,0.0000,0.0000
2022,4,25,23,30,19.5,0,0,0,0,16.6,0,0,0,0,83.51,130.95,0.16,1012,2.3000000000000003,189,1.8,0.0000,0.0000
2022,4,26,0,30,18.8,0,0,0,0,16.8,0,0,0,0,87.98,132.49,0.16,1011,2.3000000000000003,198,1.8,0.0000,0.0000
2022,4,26,1,30,18.3,0,0,0,0,16.900000000000002,0,0,0,0,91.34,129.84,0.16,1011,2.4000000000000004,206,1.8,0.0000,0.0000
2022,4,26,2,30,17.900000000000002,0,0,0,0,17,0,0,0,0,94.51,123.59,0.16,1011,2.4000000000000004,212,1.6,0.0000,0.0000
2022,4,26,3,30,17.7,0,0,0,0,17.2,0,0,0,0,96.92,114.79,0.16,1011,2.5,215,1.5,0.0000,0.0000
2022,4,26,4,30,17.400000000000002,0,0,0,0,17.400000000000002,0,0,0,0,100,104.35000000000001,0.16,1012,2.6,217,1.4000000000000001,0.0000,0.0000
2022,4,26,5,30,18,0,0,0,0,17.6,0,0,0,0,97.5,92.9,0.16,1012,2.7,220,1.5,0.0000,0.0000
2022,4,26,6,30,19.8,51,364,110,0,17.900000000000002,51,364,0,110,88.62,80.75,0.16,1012,2.8000000000000003,223,1.8,0.0000,0.0000
2022,4,26,7,30,22.3,84,623,313,0,18.400000000000002,84,623,0,313,78.66,68.44,0.16,1012,3,228,1.9000000000000001,16.2437,12.6021
2022,4,26,8,30,24.8,103,752,523,0,18.900000000000002,103,752,0,523,69.75,56.03,0.16,1012,3.1,236,2.1,29.4521,23.0476
2022,4,26,9,30,26.900000000000002,120,812,706,0,19,170,701,0,676,61.81,43.85,0.16,1012,3.2,242,2.2,39.8301,31.2801
2022,4,26,10,30,28.200000000000003,138,837,844,0,18.900000000000002,292,504,0,717,57.24,32.49,0.16,1011,3.3000000000000003,243,2.2,43.3066,34.0674
2022,4,26,11,30,28.8,144,855,928,0,19,220,612,29,781,55.34,23.48,0.16,1011,3.4000000000000004,243,2.3000000000000003,47.7540,37.5946
2022,4,26,12,30,29,164,832,944,8,18.7,248,20,0,267,53.92,20.36,0.16,1010,3.6,244,2.3000000000000003,16.3761,12.8946
2022,4,26,13,30,28.900000000000002,184,786,894,7,18.6,336,206,43,522,53.94,25.45,0.16,1009,3.7,249,2.3000000000000003,31.8462,25.0677
2022,4,26,14,30,28.5,184,740,788,7,18.7,203,7,71,209,55.42,35.33,0.16,1009,3.8000000000000003,258,2.3000000000000003,12.5597,9.8769
2022,4,26,15,30,27.5,181,658,630,8,18.8,129,16,0,140,59.06,46.980000000000004,0.16,1009,3.9000000000000004,271,2.1,8.1721,6.4135
2022,4,26,16,30,25.8,161,542,438,0,19.400000000000002,174,501,4,430,67.89,59.25,0.16,1009,4,289,1.8,23.8091,18.6033
2022,4,26,17,30,23.900000000000002,115,380,235,0,20.3,130,268,7,214,80.23,71.66,0.16,1010,3.9000000000000004,310,1.4000000000000001,10.7907,8.3376
2022,4,26,18,30,22.3,43,129,57,8,20.5,42,3,89,42,89.58,83.86,0.16,1010,3.7,326,1.2000000000000002,0.0000,0.0000
2022,4,26,19,30,21.1,0,0,0,8,20.200000000000003,0,0,0,0,94.83,95.89,0.16,1011,3.3000000000000003,336,1.1,0.0000,0.0000
2022,4,26,20,30,20,0,0,0,7,19.5,0,0,0,0,96.79,107.09,0.16,1011,3,340,1.2000000000000002,0.0000,0.0000
2022,4,26,21,30,19,0,0,0,8,18.6,0,0,0,0,97.3,117.13,0.16,1012,2.7,340,1.4000000000000001,0.0000,0.0000
2022,4,26,22,30,18,0,0,0,0,16.8,0,0,0,0,92.51,125.3,0.16,1012,2.6,344,1.8,0.0000,0.0000
2022,4,26,23,30,16.8,0,0,0,0,14.3,0,0,0,0,84.99,130.65,0.16,1012,2.4000000000000004,350,1.9000000000000001,0.0000,0.0000
2022,4,27,0,30,15.600000000000001,0,0,0,0,12.3,0,0,0,0,80.62,132.17000000000002,0.16,1012,2.1,353,1.9000000000000001,0.0000,0.0000
2022,4,27,1,30,14.600000000000001,0,0,0,0,10.600000000000001,0,0,0,0,76.8,129.53,0.16,1013,1.8,180,1.9000000000000001,0.0000,0.0000
2022,4,27,2,30,13.600000000000001,0,0,0,0,9.3,0,0,0,0,75.43,123.3,0.16,1013,1.6,7,1.8,0.0000,0.0000
2022,4,27,3,30,12.600000000000001,0,0,0,0,8.3,0,0,0,0,74.97,114.53,0.16,1013,1.4000000000000001,11,1.6,0.0000,0.0000
2022,4,27,4,30,11.600000000000001,0,0,0,0,7.4,0,0,0,0,75.58,104.11,0.16,1014,1.2000000000000002,13,1.4000000000000001,0.0000,0.0000
2022,4,27,5,30,11.4,0,0,0,0,6.800000000000001,0,0,0,0,73.5,92.68,0.16,1014,1,13,1.5,0.0000,0.0000
2022,4,27,6,30,12.700000000000001,58,352,116,0,6.7,58,352,0,116,66.88,80.55,0.16,1014,0.9,15,2,0.0000,0.0000
2022,4,27,7,30,14.700000000000001,96,633,331,0,5.9,96,633,0,331,55.43,68.24,0.16,1015,0.9,19,2.5,17.2070,13.3524
2022,4,27,8,30,16.7,118,777,554,0,4.800000000000001,118,777,0,554,45.31,55.83,0.16,1015,0.8,19,2.5,31.2280,24.4394
2022,4,27,9,30,18.8,129,859,751,0,4.2,129,859,0,751,37.96,43.63,0.16,1014,0.8,16,2.3000000000000003,44.2761,34.7732
2022,4,27,10,30,20.700000000000003,134,908,902,0,4,134,908,0,902,33.43,32.25,0.16,1014,0.8,12,2.1,54.5024,42.8756
2022,4,27,11,30,22.200000000000003,138,930,993,0,4.3,138,930,0,993,30.970000000000002,23.18,0.16,1013,0.8,8,1.9000000000000001,60.7361,47.8158
2022,4,27,12,30,23.3,142,931,1017,0,4.7,142,931,0,1017,29.79,20.05,0.16,1013,0.8,182,1.8,62.3939,49.1300
2022,4,27,13,30,24,144,912,969,0,5.1000000000000005,144,912,0,969,29.43,25.21,0.16,1012,0.9,356,1.7000000000000002,59.1337,46.5478
2022,4,27,14,30,24.1,138,883,860,0,5.5,138,883,0,860,30.060000000000002,35.15,0.16,1012,0.9,353,1.7000000000000002,51.6987,40.6565
2022,4,27,15,30,23.900000000000002,129,825,693,0,5.800000000000001,129,825,0,693,31.21,46.83,0.16,1011,1,353,1.7000000000000002,40.4712,31.7631
2022,4,27,16,30,23,113,731,488,0,6.2,113,731,0,488,33.88,59.120000000000005,0.16,1011,1.1,354,1.6,27.0404,21.1295
2022,4,27,17,30,20.8,88,565,267,0,8.4,88,565,0,267,44.96,71.52,0.16,1011,1.1,356,1.2000000000000002,13.4806,10.4181
2022,4,27,18,30,18.2,42,227,67,0,11,42,227,0,67,62.86,83.71000000000001,0.16,1012,1.2000000000000002,183,1.1,0.0000,0.0000
2022,4,27,19,30,16.6,0,0,0,0,8.8,0,0,0,0,60.14,95.73,0.16,1012,1.3,15,1.2000000000000002,0.0000,0.0000
2022,4,27,20,30,15.700000000000001,0,0,0,0,8.700000000000001,0,0,0,0,63.300000000000004,106.9,0.16,1012,1.3,28,1.2000000000000002,0.0000,0.0000
2022,4,27,21,30,14.700000000000001,0,0,0,0,8.9,0,0,0,0,68.44,116.91,0.16,1013,1.3,38,1.1,0.0000,0.0000
2022,4,27,22,30,13.8,0,0,0,0,9.1,0,0,0,0,73.46000000000001,125.04,0.16,1013,1.3,43,1.1,0.0000,0.0000
2022,4,27,23,30,12.9,0,0,0,0,9.3,0,0,0,0,78.55,130.35,0.16,1013,1.4000000000000001,44,1,0.0000,0.0000
2022,4,28,0,30,12.200000000000001,0,0,0,0,9.4,0,0,0,0,82.75,131.85,0.16,1013,1.4000000000000001,41,0.9,0.0000,0.0000
2022,4,28,1,30,11.5,0,0,0,0,9.4,0,0,0,0,86.73,129.21,0.16,1013,1.4000000000000001,33,0.9,0.0000,0.0000
2022,4,28,2,30,10.9,0,0,0,0,9.3,0,0,0,0,89.74,123.01,0.16,1013,1.5,26,0.9,0.0000,0.0000
2022,4,28,3,30,10.4,0,0,0,0,9,0,0,0,0,91.31,114.27,0.16,1013,1.5,24,1,0.0000,0.0000
2022,4,28,4,30,10,0,0,0,0,8.700000000000001,0,0,0,0,91.41,103.88,0.16,1014,1.5,24,1,0.0000,0.0000
2022,4,28,5,30,10.700000000000001,0,0,0,0,8.200000000000001,0,0,0,0,84.66,92.47,0.16,1014,1.5,27,1.1,0.0000,0.0000
2022,4,28,6,30,13,62,301,112,0,8.4,62,301,0,112,73.39,80.35000000000001,0.16,1015,1.5,30,1.3,0.0000,0.0000
2022,4,28,7,30,16.2,108,563,318,0,8.700000000000001,108,563,0,318,60.93,68.05,0.16,1015,1.5,34,1.3,16.5577,12.8511
2022,4,28,8,30,19.400000000000002,135,703,532,0,9.1,135,703,0,532,51.25,55.63,0.16,1015,1.5,40,1.8,30.0167,23.4933
2022,4,28,9,30,21.5,149,793,725,0,6.2,149,793,0,725,37.11,43.42,0.16,1015,1.5,42,2.1,42.7678,33.5900
2022,4,28,10,30,22.8,151,852,873,0,5.9,151,852,0,873,33.42,32.01,0.16,1015,1.6,41,1.9000000000000001,52.7709,41.5146
2022,4,28,11,30,23.900000000000002,155,874,960,0,6,155,874,0,960,31.64,22.88,0.16,1014,1.7000000000000002,38,1.6,58.7362,46.2422
2022,4,28,12,30,24.700000000000003,155,879,982,0,6.300000000000001,155,879,0,982,30.810000000000002,19.740000000000002,0.16,1014,1.8,33,1.3,60.2631,47.4529
2022,4,28,13,30,25.200000000000003,153,866,938,0,6.7,153,866,0,938,30.63,24.98,0.16,1013,1.9000000000000001,26,1,57.2573,45.0716
2022,4,28,14,30,25.3,147,837,833,0,7,147,837,0,833,31.150000000000002,34.980000000000004,0.16,1012,1.9000000000000001,21,0.8,50.0916,39.3935
2022,4,28,15,30,25.1,136,783,673,0,7.300000000000001,136,783,0,673,32.22,46.69,0.16,1012,2,18,0.6000000000000001,39.3206,30.8611
2022,4,28,16,30,24.700000000000003,118,692,475,0,7.800000000000001,118,692,0,475,34.01,58.980000000000004,0.16,1011,2,11,0.5,26.3407,20.5843
2022,4,28,17,30,23.5,92,530,261,0,8.5,92,530,0,261,38.47,71.39,0.16,1011,2,175,0.4,13.1935,10.1981
2022,4,28,18,30,21.6,43,215,67,0,9.600000000000001,43,215,0,67,46.230000000000004,83.57000000000001,0.16,1011,2,231,0.4,0.0000,0.0000
2022,4,28,19,30,19.6,0,0,0,0,7.2,0,0,0,0,44.63,95.57000000000001,0.16,1012,1.9000000000000001,124,0.7000000000000001,0.0000,0.0000
2022,4,28,20,30,17.400000000000002,0,0,0,0,7.9,0,0,0,0,53.57,106.71000000000001,0.16,1012,1.9000000000000001,134,1.1,0.0000,0.0000
2022,4,28,21,30,15.600000000000001,0,0,0,0,8.6,0,0,0,0,63.26,116.69,0.16,1012,1.9000000000000001,142,1.2000000000000002,0.0000,0.0000
2022,4,28,22,30,14.700000000000001,0,0,0,0,8.8,0,0,0,0,67.62,124.78,0.16,1012,1.9000000000000001,154,1.2000000000000002,0.0000,0.0000
2022,4,28,23,30,14.100000000000001,0,0,0,0,9.3,0,0,0,0,73.04,130.05,0.16,1012,1.9000000000000001,168,1.3,0.0000,0.0000
2022,4,29,0,30,13.5,0,0,0,0,10,0,0,0,0,79.32000000000001,131.54,0.16,1012,2,183,1.3,0.0000,0.0000
2022,4,29,1,30,13,0,0,0,0,10.4,0,0,0,0,84.08,128.91,0.16,1012,2,197,1.2000000000000002,0.0000,0.0000
2022,4,29,2,30,12.5,0,0,0,0,10.5,0,0,0,0,87.62,122.73,0.16,1012,2.1,208,1.1,0.0000,0.0000
2022,4,29,3,30,12.100000000000001,0,0,0,0,10.600000000000001,0,0,0,0,90.37,114.01,0.16,1013,2.1,215,1,0.0000,0.0000
2022,4,29,4,30,11.700000000000001,0,0,0,0,10.700000000000001,0,0,0,0,93.3,103.65,0.16,1013,2.1,222,1,0.0000,0.0000
2022,4,29,5,30,12.4,1,3,1,0,10.8,1,3,0,1,90.01,92.25,0.16,1014,2,232,1,0.0000,0.0000
2022,4,29,6,30,14.700000000000001,65,283,113,0,11.4,65,283,0,113,80.85000000000001,80.15,0.16,1014,2,243,1.1,0.0000,0.0000
2022,4,29,7,30,17.900000000000002,112,542,316,8,12,191,132,0,241,68.36,67.86,0.16,1014,2,241,1.3,12.5684,9.7568
2022,4,29,8,30,21.200000000000003,138,689,529,0,11.600000000000001,172,592,0,508,54.19,55.44,0.16,1014,2,231,1.6,28.6884,22.4554
2022,4,29,9,30,23.400000000000002,150,779,718,0,10.100000000000001,175,727,0,705,42.94,43.22,0.16,1014,2,225,1.6,41.6106,32.6824
2022,4,29,10,30,24.900000000000002,157,832,864,0,9.600000000000001,157,832,0,864,37.980000000000004,31.77,0.16,1014,2,222,1.4000000000000001,52.2473,41.1037
2022,4,29,11,30,26,163,855,952,0,9.600000000000001,163,855,0,952,35.59,22.59,0.16,1013,2,219,1.2000000000000002,58.2642,45.8715
2022,4,29,12,30,26.8,171,850,973,0,9.700000000000001,192,794,0,941,34.12,19.43,0.16,1012,2,214,1.1,57.7625,45.4846
2022,4,29,13,30,27.1,177,825,926,3,9.8,396,292,0,661,33.82,24.740000000000002,0.16,1012,2.1,208,1,40.3599,31.7709
2022,4,29,14,30,27.1,172,789,820,5,9.9,293,54,4,337,34.12,34.800000000000004,0.16,1011,2.1,204,1,20.2719,15.9428
2022,4,29,15,30,26.6,163,726,662,8,10.100000000000001,322,120,0,405,35.480000000000004,46.550000000000004,0.16,1010,2.2,199,1.1,23.6729,18.5805
2022,4,29,16,30,25.8,141,626,465,3,10.5,229,296,4,382,38.27,58.85,0.16,1010,2.2,196,1.1,21.1988,16.5672
2022,4,29,17,30,24.1,106,460,254,0,11,109,444,0,252,43.78,71.25,0.16,1010,2.3000000000000003,193,1,12.7550,9.8611
2022,4,29,18,30,21.900000000000002,46,169,65,0,14.200000000000001,46,153,4,64,61.51,83.43,0.16,1011,2.3000000000000003,187,1.2000000000000002,0.0000,0.0000
2022,4,29,19,30,20.200000000000003,0,0,0,3,12.700000000000001,0,0,0,0,61.910000000000004,95.41,0.16,1011,2.4000000000000004,180,1.6,0.0000,0.0000
2022,4,29,20,30,19.5,0,0,0,0,12.4,0,0,0,0,63.67,106.53,0.16,1012,2.5,179,2,0.0000,0.0000
2022,4,29,21,30,18.900000000000002,0,0,0,0,12.200000000000001,0,0,0,0,64.92,116.47,0.16,1012,2.5,183,2.1,0.0000,0.0000
2022,4,29,22,30,17.900000000000002,0,0,0,0,12.200000000000001,0,0,0,0,69.42,124.53,0.16,1012,2.6,188,1.8,0.0000,0.0000
2022,4,29,23,30,16.8,0,0,0,0,12.5,0,0,0,0,75.54,129.76,0.16,1012,2.6,190,1.4000000000000001,0.0000,0.0000
2022,4,30,0,30,15.9,0,0,0,0,12.700000000000001,0,0,0,0,81.37,131.23,0.16,1012,2.6,192,1.2000000000000002,0.0000,0.0000
2022,4,30,1,30,15.3,0,0,0,0,12.9,0,0,0,0,85.67,128.6,0.16,1012,2.5,194,1.1,0.0000,0.0000
2022,4,30,2,30,14.8,0,0,0,0,13.100000000000001,0,0,0,0,89.58,122.45,0.16,1012,2.5,196,1,0.0000,0.0000
2022,4,30,3,30,14.3,0,0,0,0,13.3,0,0,0,0,93.48,113.76,0.16,1012,2.5,198,1,0.0000,0.0000
2022,4,30,4,30,13.8,0,0,0,4,13.4,0,0,0,0,97.31,103.42,0.16,1012,2.4000000000000004,200,0.9,0.0000,0.0000
2022,4,30,5,30,14.600000000000001,1,3,1,3,13.4,1,1,21,1,92.7,92.05,0.16,1013,2.4000000000000004,204,0.9,0.0000,0.0000
2022,4,30,6,30,16.900000000000002,66,280,115,0,14,66,280,0,115,82.99,79.96000000000001,0.16,1013,2.5,211,1,5.4831,4.1786
2022,4,30,7,30,19.8,113,534,316,0,14.3,113,534,0,316,70.65,67.67,0.16,1013,2.6,216,1.5,16.5058,12.8159
2022,4,30,8,30,22.3,140,676,525,0,13.5,140,676,0,525,57.53,55.25,0.16,1013,2.6,221,1.8,29.6750,23.2294
2022,4,30,9,30,24.200000000000003,155,760,711,0,12.3,155,760,0,711,47.32,43.02,0.16,1013,2.6,222,1.6,41.9874,32.9796
2022,4,30,10,30,25.900000000000002,164,810,854,0,11.4,164,810,0,854,40.44,31.54,0.16,1013,2.6,216,1.6,51.6617,40.6439
2022,4,30,11,30,27.1,167,837,941,0,11.100000000000001,167,837,0,941,36.95,22.31,0.16,1012,2.6,208,1.6,57.6074,45.3552
2022,4,30,12,30,27.900000000000002,161,854,968,0,11,161,854,0,968,34.94,19.13,0.16,1011,2.5,202,1.6,59.4350,46.8023
2022,4,30,13,30,28.200000000000003,153,854,930,0,10.9,153,854,0,930,34,24.51,0.16,1010,2.5,199,1.6,56.7997,44.7128
2022,4,30,14,30,28.200000000000003,145,825,824,0,10.700000000000001,145,825,0,824,33.55,34.63,0.16,1009,2.6,196,1.5,49.5826,38.9949
2022,4,30,15,30,27.900000000000002,134,775,668,0,10.4,134,775,0,668,33.660000000000004,46.410000000000004,0.16,1009,2.6,192,1.3,39.0628,30.6607
2022,4,30,16,30,27.200000000000003,116,690,474,0,10.700000000000001,116,690,0,474,35.61,58.72,0.16,1009,2.6,185,1.2000000000000002,26.3232,20.5734
2022,4,30,17,30,25.3,89,534,262,0,10.9,89,534,0,262,40.43,71.12,0.16,1009,2.6,177,1.1,13.2771,10.2666
2022,4,30,18,30,22.400000000000002,44,224,70,8,13.9,52,124,61,66,58.74,83.29,0.16,1010,2.6,168,1.3,0.0000,0.0000
2022,4,30,19,30,20.5,0,0,0,8,11.9,0,0,0,0,57.89,95.24,0.16,1010,2.6,163,1.8,0.0000,0.0000
2022,4,30,20,30,19.6,0,0,0,0,11.3,0,0,0,0,58.58,106.34,0.16,1011,2.7,162,2,0.0000,0.0000
2022,4,30,21,30,18.6,0,0,0,0,11.600000000000001,0,0,0,0,63.63,116.25,0.16,1011,2.7,167,1.7000000000000002,0.0000,0.0000
2022,4,30,22,30,17.8,0,0,0,0,12.600000000000001,0,0,0,0,71.45,124.27,0.16,1011,2.8000000000000003,176,1.4000000000000001,0.0000,0.0000
2022,4,30,23,30,17,0,0,0,0,13.5,0,0,0,0,79.65,129.47,0.16,1011,2.8000000000000003,186,1.2000000000000002,0.0000,0.0000
2022,5,1,0,30,16.400000000000002,0,0,0,0,13.9,0,0,0,0,85.42,130.92000000000002,0.16,1011,2.9000000000000004,193,1.1,0.0000,0.0000
2022,5,1,1,30,15.9,0,0,0,0,14.200000000000001,0,0,0,0,89.49,128.31,0.16,1011,3,198,1,0.0000,0.0000
2022,5,1,2,30,15.5,0,0,0,0,14.3,0,0,0,0,92.72,122.18,0.16,1011,3,200,1,0.0000,0.0000
2022,5,1,3,30,15.200000000000001,0,0,0,0,14.5,0,0,0,0,95.46000000000001,113.51,0.16,1011,3.1,201,0.9,0.0000,0.0000
2022,5,1,4,30,15,0,0,0,0,14.600000000000001,0,0,0,0,97.64,103.2,0.16,1011,3.1,201,0.9,0.0000,0.0000
2022,5,1,5,30,15.9,2,3,2,0,14.8,1,0,25,1,93.09,91.85000000000001,0.16,1011,3.2,202,1.1,0.0000,0.0000
2022,5,1,6,30,18.1,63,304,117,3,15.200000000000001,78,74,14,91,83.14,79.78,0.16,1012,3.2,205,1.4000000000000001,4.3378,3.3064
2022,5,1,7,30,21.1,104,557,317,0,15.8,104,557,0,317,71.74,67.49,0.16,1012,3.3000000000000003,215,1.8,16.5826,12.8780
2022,5,1,8,30,24,129,690,524,0,16.400000000000002,129,690,0,524,62.51,55.07,0.16,1012,3.3000000000000003,227,2.1,29.6433,23.2063
2022,5,1,9,30,25.900000000000002,152,753,704,0,17,177,697,0,688,57.9,42.83,0.16,1012,3.4000000000000004,229,2,40.6498,31.9300
2022,5,1,10,30,27.1,171,784,841,0,17.400000000000002,196,732,0,821,55.27,31.32,0.16,1012,3.4000000000000004,226,1.9000000000000001,49.6828,39.0879
2022,5,1,11,30,27.900000000000002,173,813,927,0,17.5,215,678,4,843,53.14,22.03,0.16,1011,3.4000000000000004,222,2,51.6224,40.6438
2022,5,1,12,30,28.400000000000002,181,809,947,0,17.5,246,664,7,874,51.620000000000005,18.830000000000002,0.16,1010,3.5,220,2.1,53.6769,42.2687
2022,5,1,13,30,28.200000000000003,191,778,900,8,17.5,361,151,0,499,52.15,24.28,0.16,1009,3.6,220,2.2,30.4843,23.9977
2022,5,1,14,30,27.5,189,734,794,7,17.5,340,141,0,456,54.49,34.46,0.16,1009,3.8000000000000003,219,2.1,27.4475,21.5869
2022,5,1,15,30,26.400000000000002,177,668,639,7,17.7,312,104,0,384,58.93,46.27,0.16,1009,3.9000000000000004,216,1.8,22.4651,17.6336
2022,5,1,16,30,25.200000000000003,150,575,450,0,18.6,186,477,0,435,66.87,58.59,0.16,1009,3.9000000000000004,211,1.3,24.1747,18.8954
2022,5,1,17,30,23.8,109,429,249,8,19.900000000000002,137,198,14,201,78.75,70.99,0.16,1009,3.8000000000000003,207,1,10.1980,7.8871
2022,5,1,18,30,22.5,47,168,67,6,19.900000000000002,25,1,86,25,85.2,83.15,0.16,1009,3.6,201,1.1,0.0000,0.0000
2022,5,1,19,30,21.6,0,0,0,6,19.400000000000002,0,0,0,0,87.11,95.08,0.16,1010,3.4000000000000004,193,1.2000000000000002,0.0000,0.0000
2022,5,1,20,30,21,0,0,0,7,19.200000000000003,0,0,0,0,89.35000000000001,106.16,0.16,1010,3.2,186,1.3,0.0000,0.0000
2022,5,1,21,30,20.400000000000002,0,0,0,0,19.1,0,0,0,0,92.27,116.03,0.16,1010,3.1,184,1.3,0.0000,0.0000
2022,5,1,22,30,19.900000000000002,0,0,0,3,19,0,0,0,0,94.64,124.02,0.16,1010,3.1,188,1.3,0.0000,0.0000
2022,5,1,23,30,19.3,0,0,0,0,18.900000000000002,0,0,0,0,97.56,129.19,0.16,1010,3.1,195,1.3,0.0000,0.0000
2022,5,2,0,30,18.900000000000002,0,0,0,0,18.8,0,0,0,0,99.38,130.62,0.16,1010,3.1,202,1.2000000000000002,0.0000,0.0000
2022,5,2,1,30,18.6,0,0,0,0,18.6,0,0,0,0,100,128.01,0.16,1010,3.1,207,1.1,0.0000,0.0000
2022,5,2,2,30,18.3,0,0,0,0,18.3,0,0,0,0,100,121.9,0.16,1010,3.2,210,1.1,0.0000,0.0000
2022,5,2,3,30,18,0,0,0,3,18,0,0,0,0,100,113.27,0.16,1011,3.2,213,1,0.0000,0.0000
2022,5,2,4,30,17.7,0,0,0,3,17.7,0,0,0,0,100,102.98,0.16,1011,3.2,215,1,0.0000,0.0000
2022,5,2,5,30,18.2,2,4,2,7,17.8,1,0,29,1,97.75,91.65,0.16,1011,3.2,216,1.1,0.0000,0.0000
2022,5,2,6,30,19.700000000000003,65,301,119,7,18.5,88,38,14,95,93.02,79.59,0.16,1011,3.2,217,1.4000000000000001,4.5280,3.4522
2022,5,2,7,30,21.8,106,549,318,7,19.5,168,284,0,278,86.84,67.32000000000001,0.16,1012,3.2,226,1.7000000000000002,14.5628,11.3113
2022,5,2,8,30,24.6,136,673,523,0,19.900000000000002,177,565,0,502,75.2,54.89,0.16,1012,3.2,239,1.8,28.4224,22.2521
2022,5,2,9,30,27.1,165,726,699,0,19.1,165,726,0,699,61.83,42.64,0.16,1012,3.2,243,1.8,41.3205,32.4580
2022,5,2,10,30,28.6,186,759,836,0,18.6,186,759,0,836,54.9,31.1,0.16,1011,3.2,238,1.8,50.6081,39.8168
2022,5,2,11,30,29.6,192,785,921,0,18.6,192,785,0,921,51.53,21.76,0.16,1011,3.1,233,1.7000000000000002,56.4139,44.4170
2022,5,2,12,30,30.3,195,790,944,0,18.400000000000002,236,692,0,892,48.99,18.53,0.16,1010,3.1,231,1.8,54.7958,43.1505
2022,5,2,13,30,30.700000000000003,192,779,903,0,18.2,218,741,11,895,47.25,24.060000000000002,0.16,1010,3,231,1.8,54.6897,43.0532
2022,5,2,14,30,30.900000000000002,178,758,804,0,18,197,713,0,786,46.04,34.300000000000004,0.16,1009,3,232,1.8,47.3246,37.2205
2022,5,2,15,30,30.6,160,708,651,0,17.8,160,708,0,651,46.31,46.13,0.16,1009,3,231,1.7000000000000002,38.1018,29.9083
2022,5,2,16,30,29.8,141,608,459,0,17.5,161,547,0,447,47.72,58.46,0.16,1009,3.1,232,1.5,24.8592,19.4317
2022,5,2,17,30,27.900000000000002,109,436,252,0,18.400000000000002,110,430,4,251,56.32,70.86,0.16,1009,3.1,229,1.1,12.7500,9.8625
2022,5,2,18,30,25.400000000000002,47,159,66,0,19.700000000000003,48,137,18,65,70.93,83.01,0.16,1009,3.1,221,0.9,0.0000,0.0000
2022,5,2,19,30,23.700000000000003,0,0,0,0,18.3,0,0,0,0,71.93,94.92,0.16,1010,3.1,212,1,0.0000,0.0000
2022,5,2,20,30,22.900000000000002,0,0,0,0,17.8,0,0,0,0,73.10000000000001,105.97,0.16,1010,3.1,206,1.2000000000000002,0.0000,0.0000
2022,5,2,21,30,22.400000000000002,0,0,0,0,17.5,0,0,0,0,74.02,115.82000000000001,0.16,1010,3.1,202,1.3,0.0000,0.0000
2022,5,2,22,30,21.900000000000002,0,0,0,8,17.5,0,0,0,0,76.3,123.77,0.16,1010,3.1,200,1.3,0.0000,0.0000
2022,5,2,23,30,21.3,0,0,0,8,17.7,0,0,0,0,80.01,128.9,0.16,1010,3.1,199,1.3,0.0000,0.0000
2022,5,3,0,30,20.700000000000003,0,0,0,8,17.8,0,0,0,0,83.72,130.32,0.16,1010,3.1,200,1.3,0.0000,0.0000
2022,5,3,1,30,20.200000000000003,0,0,0,0,17.900000000000002,0,0,0,0,86.76,127.72,0.16,1010,3.1,201,1.3,0.0000,0.0000
2022,5,3,2,30,19.700000000000003,0,0,0,8,18,0,0,0,0,89.74,121.64,0.16,1010,3.2,203,1.2000000000000002,0.0000,0.0000
2022,5,3,3,30,19.400000000000002,0,0,0,7,18,0,0,0,0,91.88,113.03,0.16,1010,3.3000000000000003,205,1.1,0.0000,0.0000
2022,5,3,4,30,19.1,0,0,0,8,18.2,0,0,0,0,94.55,102.77,0.16,1011,3.4000000000000004,207,1,0.0000,0.0000
2022,5,3,5,30,19.6,2,4,2,7,18.400000000000002,2,0,43,2,92.56,91.45,0.16,1011,3.5,208,1.1,0.0000,0.0000
2022,5,3,6,30,21.400000000000002,68,279,119,0,18.7,77,175,29,109,84.78,79.41,0.16,1011,3.5,210,1.4000000000000001,5.1955,3.9620
2022,5,3,7,30,23.8,112,531,318,0,19.200000000000003,112,531,0,318,75.47,67.14,0.16,1011,3.6,216,1.7000000000000002,16.6825,12.9601
2022,5,3,8,30,26,139,664,523,0,19.6,139,664,0,523,67.8,54.72,0.16,1011,3.6,224,1.9000000000000001,29.6345,23.2026
2022,5,3,9,30,27.5,157,740,703,0,19.1,157,740,0,703,60.32,42.46,0.16,1012,3.7,227,2,41.5766,32.6603
2022,5,3,10,30,28.400000000000002,164,791,843,0,18.6,164,791,0,843,55.29,30.89,0.16,1011,3.8000000000000003,222,2.1,51.0485,40.1642
2022,5,3,11,30,29,168,817,928,0,18.400000000000002,179,796,0,920,52.72,21.490000000000002,0.16,1011,3.8000000000000003,215,2.2,56.3675,44.3811
2022,5,3,12,30,29.3,180,807,946,0,18.3,292,564,4,828,51.58,18.240000000000002,0.16,1010,3.8000000000000003,210,2.3000000000000003,50.8762,40.0644
2022,5,3,13,30,29.3,194,771,899,8,18.2,384,301,21,659,51.39,23.84,0.16,1010,3.9000000000000004,207,2.4000000000000004,40.2785,31.7088
2022,5,3,14,30,29,182,744,798,7,18.2,281,72,0,341,52.09,34.14,0.16,1009,3.9000000000000004,205,2.4000000000000004,20.5374,16.1528
2022,5,3,15,30,28.400000000000002,162,699,648,7,18.2,288,76,0,341,54.06,45.99,0.16,1009,3.9000000000000004,203,2.3000000000000003,19.9667,15.6735
2022,5,3,16,30,27.700000000000003,132,628,462,7,18.6,237,182,0,333,57.59,58.33,0.16,1009,3.8000000000000003,199,2.1,18.5324,14.4872
2022,5,3,17,30,26.400000000000002,97,490,259,6,19.3,131,160,0,184,64.93,70.73,0.16,1009,3.8000000000000003,195,1.6,9.3577,7.2397
2022,5,3,18,30,24.6,47,213,73,7,19.900000000000002,40,3,71,40,75.13,82.87,0.16,1009,3.7,193,1.2000000000000002,0.0000,0.0000
2022,5,3,19,30,23.3,0,0,0,6,19.700000000000003,0,0,0,0,80.29,94.77,0.16,1009,3.7,192,1.2000000000000002,0.0000,0.0000
2022,5,3,20,30,22.700000000000003,0,0,0,8,19.8,0,0,0,0,83.48,105.79,0.16,1010,3.7,191,1.2000000000000002,0.0000,0.0000
2022,5,3,21,30,22.1,0,0,0,0,19.900000000000002,0,0,0,0,87.21000000000001,115.60000000000001,0.16,1010,3.7,189,1.3,0.0000,0.0000
2022,5,3,22,30,21.5,0,0,0,8,19.900000000000002,0,0,0,0,90.53,123.52,0.16,1009,3.6,190,1.4000000000000001,0.0000,0.0000
2022,5,3,23,30,20.900000000000002,0,0,0,8,19.8,0,0,0,0,93.45,128.63,0.16,1009,3.6,195,1.3,0.0000,0.0000
2022,5,4,0,30,20.3,0,0,0,0,19.700000000000003,0,0,0,0,96.57000000000001,130.03,0.16,1009,3.6,203,1.2000000000000002,0.0000,0.0000
2022,5,4,1,30,19.900000000000002,0,0,0,3,19.700000000000003,0,0,0,0,98.67,127.44,0.16,1009,3.5,210,1.2000000000000002,0.0000,0.0000
2022,5,4,2,30,19.700000000000003,0,0,0,8,19.6,0,0,0,0,99.58,121.38,0.16,1009,3.6,216,1.1,0.0000,0.0000
2022,5,4,3,30,19.5,0,0,0,8,19.5,0,0,0,0,100,112.8,0.16,1009,3.5,221,1,0.0000,0.0000
2022,5,4,4,30,19.3,0,0,0,7,19.3,0,0,0,0,100,102.56,0.16,1009,3.5,222,0.9,0.0000,0.0000
2022,5,4,5,30,19.700000000000003,2,4,2,7,19.3,2,0,43,2,97.8,91.26,0.16,1009,3.4000000000000004,223,1,0.0000,0.0000
2022,5,4,6,30,20.6,76,215,116,8,19.8,78,8,0,79,95.27,79.24,0.16,1009,3.3000000000000003,223,1.2000000000000002,3.7661,2.8726
2022,5,4,7,30,21.700000000000003,134,458,313,8,20.400000000000002,201,128,0,251,92.16,66.98,0.16,1009,3.2,224,1.3,13.1847,10.2444
2022,5,4,8,30,23.6,163,613,519,8,20.900000000000002,254,322,0,441,85.08,54.550000000000004,0.16,1010,3.1,235,1.4000000000000001,25.0075,19.5811
2022,5,4,9,30,25.900000000000002,168,724,704,0,20.700000000000003,168,724,0,704,73.18,42.28,0.16,1010,3.1,249,1.6,41.6552,32.7231
2022,5,4,10,30,27.900000000000002,168,790,847,0,19.3,247,626,0,785,59.5,30.68,0.16,1009,3.3000000000000003,252,1.7000000000000002,47.5517,37.4137
2022,5,4,11,30,29.1,185,794,925,0,18.7,247,691,0,891,53.34,21.23,0.16,1009,3.4000000000000004,247,1.8,54.6043,42.9935
2022,5,4,12,30,29.5,204,772,938,0,18.5,246,684,0,897,51.58,17.96,0.16,1008,3.6,243,1.9000000000000001,55.1280,43.4132
2022,5,4,13,30,29.6,220,730,889,7,18.6,365,417,0,747,51.78,23.63,0.16,1008,3.6,240,2,45.6676,35.9518
2022,5,4,14,30,29.3,225,673,783,7,18.900000000000002,331,466,0,717,53.42,33.980000000000004,0.16,1007,3.6,237,1.9000000000000001,43.1951,33.9740
2022,5,4,15,30,28.8,209,604,630,0,19.1,236,545,0,616,55.800000000000004,45.86,0.16,1007,3.5,234,1.8,36.0831,28.3255
2022,5,4,16,30,28.1,172,522,447,0,19.400000000000002,172,522,0,447,59.06,58.2,0.16,1007,3.5,229,1.7000000000000002,24.8943,19.4616
2022,5,4,17,30,26.8,118,395,249,0,19.900000000000002,117,312,0,221,65.96000000000001,70.60000000000001,0.16,1007,3.4000000000000004,225,1.3,11.2527,8.7073
2022,5,4,18,30,24.900000000000002,49,161,69,0,20.5,49,161,0,69,76.64,82.73,0.16,1007,3.5,223,1.1,0.0000,0.0000
2022,5,4,19,30,23.6,0,0,0,0,19.5,0,0,0,0,77.66,94.61,0.16,1007,3.4000000000000004,224,1.2000000000000002,0.0000,0.0000
2022,5,4,20,30,23.1,0,0,0,0,19.1,0,0,0,0,78.05,105.61,0.16,1008,3.4000000000000004,228,1.3,0.0000,0.0000
2022,5,4,21,30,22.5,0,0,0,0,18.8,0,0,0,0,79.64,115.39,0.16,1008,3.3000000000000003,238,1.3,0.0000,0.0000
2022,5,4,22,30,22,0,0,0,0,18.7,0,0,0,0,81.60000000000001,123.27,0.16,1008,3.2,252,1.3,0.0000,0.0000
2022,5,4,23,30,21.6,0,0,0,0,18.900000000000002,0,0,0,0,84.45,128.35,0.16,1008,3.1,269,1.2000000000000002,0.0000,0.0000
2022,5,5,0,30,20.900000000000002,0,0,0,0,19.200000000000003,0,0,0,0,90.11,129.74,0.16,1007,3,287,1.1,0.0000,0.0000
2022,5,5,1,30,20.1,0,0,0,0,19.6,0,0,0,0,96.75,127.16,0.16,1007,2.9000000000000004,302,1,0.0000,0.0000
2022,5,5,2,30,19.400000000000002,0,0,0,0,19.400000000000002,0,0,0,0,100,121.12,0.16,1007,2.7,315,0.9,0.0000,0.0000
2022,5,5,3,30,18.8,0,0,0,0,18.8,0,0,0,0,100,112.57000000000001,0.16,1007,2.6,326,0.9,0.0000,0.0000
2022,5,5,4,30,18.3,0,0,0,0,18.3,0,0,0,0,100,102.35000000000001,0.16,1008,2.5,332,0.9,0.0000,0.0000
2022,5,5,5,30,18.6,4,11,4,0,18.3,4,11,0,4,98.16,91.08,0.16,1008,2.4000000000000004,334,1.2000000000000002,0.0000,0.0000
2022,5,5,6,30,20.3,66,333,129,0,17.7,74,228,4,117,84.97,79.07000000000001,0.16,1009,2.3000000000000003,343,1.6,5.5790,4.2565
2022,5,5,7,30,22.700000000000003,109,570,333,0,16.8,109,570,0,333,69.31,66.81,0.16,1009,2.2,180,1.6,17.5159,13.6119
2022,5,5,8,30,25.3,134,699,541,0,16.6,134,699,0,541,58.49,54.39,0.16,1009,2.2,184,1.4000000000000001,30.7003,24.0401
2022,5,5,9,30,27.700000000000003,150,777,727,0,16.6,150,777,0,727,51,42.1,0.16,1009,2.1,344,1.1,43.0361,33.8091
2022,5,5,10,30,29.6,162,821,870,0,16.1,162,821,0,870,44.07,30.48,0.16,1009,2.1,321,1.1,52.7168,41.4784
2022,5,5,11,30,30.700000000000003,168,842,954,0,15.600000000000001,181,823,0,949,40.14,20.97,0.16,1008,2.2,310,1.3,58.1731,45.8041
2022,5,5,12,30,31.5,167,849,976,0,15.3,167,849,0,976,37.65,17.68,0.16,1008,2.3000000000000003,307,1.3,59.9963,47.2476
2022,5,5,13,30,31.900000000000002,160,842,933,0,15.100000000000001,160,842,0,933,36.25,23.41,0.16,1007,2.4000000000000004,306,1.2000000000000002,57.0522,44.9149
2022,5,5,14,30,32,150,816,828,0,14.9,150,816,0,828,35.69,33.82,0.16,1006,2.6,305,1.1,49.8964,39.2455
2022,5,5,15,30,31.700000000000003,139,764,672,0,14.9,139,764,0,672,36.15,45.72,0.16,1006,2.7,307,1,39.3801,30.9146
2022,5,5,16,30,31.1,121,673,477,0,14.9,128,655,0,474,37.37,58.08,0.16,1006,2.8000000000000003,315,0.9,26.4150,20.6517
2022,5,5,17,30,29.5,97,510,267,8,15.4,146,301,0,247,42.52,70.47,0.16,1006,2.8000000000000003,325,0.7000000000000001,12.5914,9.7449
2022,5,5,18,30,27,47,216,75,0,18,49,199,18,75,57.76,82.60000000000001,0.16,1007,2.8000000000000003,169,0.8,0.0000,0.0000
2022,5,5,19,30,24.8,0,0,0,7,16.7,0,0,0,0,60.92,94.45,0.16,1007,2.8000000000000003,26,1,0.0000,0.0000
2022,5,5,20,30,23.200000000000003,0,0,0,0,16.900000000000002,0,0,0,0,67.58,105.43,0.16,1007,2.9000000000000004,61,1,0.0000,0.0000
2022,5,5,21,30,22.5,0,0,0,7,17,0,0,0,0,71.18,115.18,0.16,1007,3,85,1.1,0.0000,0.0000
2022,5,5,22,30,22.3,0,0,0,0,17.400000000000002,0,0,0,0,73.8,123.03,0.16,1007,3.2,99,1.3,0.0000,0.0000
2022,5,5,23,30,21.900000000000002,0,0,0,7,18,0,0,0,0,78.41,128.08,0.16,1006,3.4000000000000004,106,1.4000000000000001,0.0000,0.0000
2022,5,6,0,30,21.5,0,0,0,4,18.7,0,0,0,0,84.13,129.46,0.16,1006,3.5,109,1.3,0.0000,0.0000
2022,5,6,1,30,21.200000000000003,0,0,0,0,19.3,0,0,0,0,89.07000000000001,126.88000000000001,0.16,1005,3.6,109,1.1,0.0000,0.0000
2022,5,6,2,30,20.900000000000002,0,0,0,3,19.8,0,0,0,0,93.35000000000001,120.87,0.16,1005,3.7,113,1,0.0000,0.0000
2022,5,6,3,30,20.700000000000003,0,0,0,0,20.1,0,0,0,0,96.07000000000001,112.34,0.16,1004,3.8000000000000003,122,0.9,0.0000,0.0000
2022,5,6,4,30,20.5,0,0,0,7,20.200000000000003,0,0,0,0,98.28,102.15,0.16,1004,3.8000000000000003,141,0.8,0.0000,0.0000
2022,5,6,5,30,21.1,2,3,2,8,20.3,2,2,43,2,95.45,90.9,0.16,1004,3.7,171,0.9,0.0000,0.0000
2022,5,6,6,30,22.400000000000002,83,160,114,7,20.5,25,0,7,25,88.9,78.91,0.16,1004,3.6,201,1.3,1.1925,0.9100
2022,5,6,7,30,24.1,163,363,307,8,20.3,170,57,0,193,79.28,66.66,0.16,1004,3.4000000000000004,226,1.7000000000000002,10.1640,7.8998
2022,5,6,8,30,25.900000000000002,213,504,508,8,19.5,283,183,0,390,67.79,54.230000000000004,0.16,1003,3.3000000000000003,242,2.2,22.1474,17.3437
2022,5,6,9,30,27.200000000000003,221,636,694,8,18.7,345,359,0,612,59.84,41.94,0.16,1003,3.3000000000000003,242,2.5,36.2434,28.4735
2022,5,6,10,30,27.8,200,744,842,7,18.3,406,177,0,559,56.21,30.28,0.16,1002,3.4000000000000004,236,2.8000000000000003,33.8823,26.6596
2022,5,6,11,30,28.200000000000003,206,770,926,8,17.900000000000002,416,322,0,717,53.67,20.72,0.16,1001,3.4000000000000004,232,3.2,43.9619,34.6150
2022,5,6,12,30,28.200000000000003,185,808,956,6,17.2,441,99,0,535,51.28,17.400000000000002,0.16,1000,3.2,228,3.3000000000000003,32.8943,25.9049
2022,5,6,13,30,28.1,153,841,926,6,16.900000000000002,385,98,0,475,50.52,23.2,0.16,999,3.1,224,3.4000000000000004,29.0524,22.8721
2022,5,6,14,30,28.1,129,838,827,0,17.2,270,451,7,645,51.7,33.660000000000004,0.16,998,3.4000000000000004,219,3.6,38.8796,30.5809
2022,5,6,15,30,28,117,795,673,7,18,261,69,7,309,54.45,45.59,0.16,997,3.6,216,3.8000000000000003,18.1149,14.2212
2022,5,6,16,30,27.5,108,697,478,6,18.8,44,1,0,45,59.120000000000005,57.95,0.16,996,3.9000000000000004,212,4,2.5095,1.9621
2022,5,6,17,30,26.5,89,529,267,0,19.6,79,274,4,171,65.78,70.34,0.16,995,4,209,4.2,8.7274,6.7555
2022,5,6,18,30,25.200000000000003,47,226,77,0,20.3,47,226,0,77,74.48,82.46000000000001,0.16,995,4.1000000000000005,213,4.2,0.0000,0.0000
2022,5,6,19,30,24.200000000000003,0,0,0,0,21.1,0,0,0,0,82.88,94.29,0.16,995,3.9000000000000004,226,3.8000000000000003,0.0000,0.0000
2022,5,6,20,30,23.3,0,0,0,0,21.6,0,0,0,0,89.91,105.25,0.16,996,3.4000000000000004,248,3.1,0.0000,0.0000
2022,5,6,21,30,22.200000000000003,0,0,0,3,20.900000000000002,0,0,0,0,92.36,114.97,0.16,997,2.7,270,2.6,0.0000,0.0000
2022,5,6,22,30,20.6,0,0,0,3,17.900000000000002,0,0,0,0,84.64,122.79,0.16,997,2.2,280,2.1,0.0000,0.0000
2022,5,6,23,30,19.1,0,0,0,3,15.3,0,0,0,0,78.60000000000001,127.81,0.16,997,2.2,273,1.6,0.0000,0.0000
2022,5,7,0,30,18.2,0,0,0,0,14.100000000000001,0,0,0,0,77.04,129.18,0.16,996,2.3000000000000003,261,1.5,0.0000,0.0000
2022,5,7,1,30,17.7,0,0,0,0,13.8,0,0,0,0,78.01,126.61,0.16,996,2.6,252,1.6,0.0000,0.0000
2022,5,7,2,30,17.3,0,0,0,0,13.8,0,0,0,0,79.88,120.62,0.16,996,2.7,248,1.6,0.0000,0.0000
2022,5,7,3,30,16.900000000000002,0,0,0,0,13.8,0,0,0,0,81.86,112.12,0.16,996,2.8000000000000003,245,1.6,0.0000,0.0000
2022,5,7,4,30,16.6,0,0,0,0,13.9,0,0,0,0,83.9,101.96000000000001,0.16,996,2.8000000000000003,243,1.6,0.0000,0.0000
2022,5,7,5,30,16.8,4,18,4,0,14.100000000000001,4,16,4,4,83.85000000000001,90.15,0.16,996,2.8000000000000003,242,1.7000000000000002,0.0000,0.0000
2022,5,7,6,30,18.3,61,381,135,0,14.4,76,254,0,126,78.2,78.74,0.16,996,2.8000000000000003,251,2.1,6.0127,4.5898
2022,5,7,7,30,20.200000000000003,94,616,340,0,14.8,94,616,0,340,71.07000000000001,66.5,0.16,996,2.8000000000000003,272,2.4000000000000004,17.9282,13.9364
2022,5,7,8,30,21.6,113,741,548,0,14.700000000000001,113,741,0,548,64.66,54.08,0.16,996,2.8000000000000003,283,2.4000000000000004,31.1406,24.3877
2022,5,7,9,30,22.8,130,806,731,0,14.100000000000001,130,806,0,731,58.04,41.77,0.16,996,2.7,285,2.4000000000000004,43.3094,34.0257
2022,5,7,10,30,23.8,146,837,870,3,13.600000000000001,355,269,0,588,52.9,30.09,0.16,996,2.7,281,2.5,35.6503,28.0512
2022,5,7,11,30,24.5,152,856,954,3,13.200000000000001,384,147,0,522,49.43,20.48,0.16,996,2.7,279,2.6,32.0128,25.2068
2022,5,7,12,30,24.6,153,862,977,8,12.9,396,64,11,457,48.2,17.13,0.16,996,2.7,281,2.8000000000000003,28.1042,22.1328
2022,5,7,13,30,24.5,149,852,933,6,12.8,360,38,0,395,48.19,23,0.16,995,2.8000000000000003,286,2.9000000000000004,24.1645,19.0242
2022,5,7,14,30,24.3,140,828,830,8,12.9,354,311,0,613,49.11,33.51,0.16,995,2.8000000000000003,292,2.9000000000000004,36.9605,29.0718
2022,5,7,15,30,24,123,790,677,7,13,239,250,0,414,50.29,45.46,0.16,996,2.9000000000000004,297,2.7,24.2800,19.0616
2022,5,7,16,30,23.700000000000003,103,720,486,3,13.100000000000001,226,76,0,266,51.61,57.83,0.16,996,3,300,2.5,14.8433,11.6062
2022,5,7,17,30,22.8,80,586,278,4,13.3,42,0,0,42,55.13,70.21000000000001,0.16,997,3,301,1.9000000000000001,2.1461,1.6615
2022,5,7,18,30,21,44,303,84,4,14.5,29,0,82,29,66.2,82.32000000000001,0.16,998,3,299,1.2000000000000002,0.0000,0.0000
2022,5,7,19,30,19.700000000000003,0,0,0,3,15,0,0,0,0,74.09,94.14,0.16,998,3,299,1,0.0000,0.0000
2022,5,7,20,30,19.400000000000002,0,0,0,3,15.100000000000001,0,0,0,0,76.39,105.07000000000001,0.16,999,3,307,1,0.0000,0.0000
2022,5,7,21,30,19,0,0,0,4,15.4,0,0,0,0,79.43,114.77,0.16,1000,3,322,1.1,0.0000,0.0000
2022,5,7,22,30,18.5,0,0,0,4,15.5,0,0,0,0,82.60000000000001,122.55,0.16,1000,3,344,1.2000000000000002,0.0000,0.0000
2022,5,7,23,30,17.7,0,0,0,3,15.600000000000001,0,0,0,0,87.60000000000001,127.55,0.16,1001,3,192,1.6,0.0000,0.0000
2022,5,8,0,30,16.2,0,0,0,0,15.100000000000001,0,0,0,0,93.38,128.91,0.16,1001,3,32,2.1,0.0000,0.0000
2022,5,8,1,30,14.5,0,0,0,3,13.200000000000001,0,0,0,0,92.08,126.35000000000001,0.16,1002,2.8000000000000003,38,2.5,0.0000,0.0000
2022,5,8,2,30,13.200000000000001,0,0,0,3,10.9,0,0,0,0,86.23,120.38,0.16,1002,2.6,36,2.5,0.0000,0.0000
2022,5,8,3,30,12.5,0,0,0,3,9.3,0,0,0,0,81.01,111.91,0.16,1003,2.5,30,2.3000000000000003,0.0000,0.0000
2022,5,8,4,30,12.100000000000001,0,0,0,4,8.6,0,0,0,0,79.41,101.77,0.16,1004,2.3000000000000003,27,2.2,0.0000,0.0000
2022,5,8,5,30,12.100000000000001,5,17,5,3,8.4,2,0,57,2,78.32000000000001,89.99,0.16,1005,2.2,30,2.3000000000000003,0.0000,0.0000
2022,5,8,6,30,12.8,67,362,139,3,8.200000000000001,43,0,0,43,73.69,78.59,0.16,1005,2.1,34,2.5,2.0529,1.5674
2022,5,8,7,30,14.200000000000001,107,598,347,3,7.800000000000001,168,13,0,173,65.48,66.35,0.16,1006,2,34,2.5,9.1331,7.1005
2022,5,8,8,30,16,129,729,558,3,7.6000000000000005,163,0,0,163,57.35,53.93,0.16,1006,2,30,2.4000000000000004,9.2688,7.2592
2022,5,8,9,30,17.8,140,810,746,3,7.6000000000000005,220,0,0,220,51.32,41.62,0.16,1007,1.9000000000000001,23,2.2,13.0392,10.2445
2022,5,8,10,30,19.400000000000002,145,859,890,3,7.9,398,30,0,424,47.36,29.91,0.16,1007,1.9000000000000001,16,2.1,25.7139,20.2332
2022,5,8,11,30,20.700000000000003,145,887,977,3,8.4,457,232,0,675,45.14,20.240000000000002,0.16,1006,1.9000000000000001,10,1.9000000000000001,41.4048,32.6025
2022,5,8,12,30,21.700000000000003,143,898,1002,2,8.9,497,300,0,784,43.82,16.86,0.16,1006,1.9000000000000001,5,1.9000000000000001,48.2233,37.9777
2022,5,8,13,30,22.200000000000003,138,892,960,0,9.200000000000001,201,762,0,903,43.44,22.8,0.16,1006,1.9000000000000001,3,1.9000000000000001,55.2533,43.5004
2022,5,8,14,30,22.200000000000003,132,864,854,0,9.4,132,864,0,854,43.96,33.36,0.16,1006,2,6,1.9000000000000001,51.5049,40.5127
2022,5,8,15,30,21.6,125,812,696,0,9.4,125,812,0,696,45.7,45.33,0.16,1006,2,13,2,40.8343,32.0589
2022,5,8,16,30,20.8,113,726,501,0,9.3,113,726,0,501,47.85,57.71,0.16,1007,2,21,2.1,27.9745,21.8749
2022,5,8,17,30,19.5,90,577,287,2,9.200000000000001,127,230,0,205,51.46,70.08,0.16,1008,2,30,2.1,10.4872,8.1204
2022,5,8,18,30,17.5,50,288,89,0,9.1,50,288,0,89,57.870000000000005,82.18,0.16,1008,2,41,2,0.0000,0.0000
2022,5,8,19,30,15.600000000000001,0,0,0,0,9.3,0,0,0,0,66.01,93.99,0.16,1009,2,51,1.8,0.0000,0.0000
2022,5,8,20,30,14.3,0,0,0,3,9.3,0,0,0,0,71.71000000000001,104.89,0.16,1010,2,59,1.9000000000000001,0.0000,0.0000
2022,5,8,21,30,13.200000000000001,0,0,0,3,9,0,0,0,0,75.67,114.56,0.16,1011,2,62,2,0.0000,0.0000
2022,5,8,22,30,12.3,0,0,0,0,8.5,0,0,0,0,77.45,122.32000000000001,0.16,1012,2,61,2,0.0000,0.0000
2022,5,8,23,30,11.600000000000001,0,0,0,3,7.800000000000001,0,0,0,0,77.59,127.29,0.16,1012,1.9000000000000001,58,1.8,0.0000,0.0000
2022,5,9,0,30,10.9,0,0,0,3,7.4,0,0,0,0,79.17,128.64000000000001,0.16,1012,1.9000000000000001,52,1.6,0.0000,0.0000
2022,5,9,1,30,10.5,0,0,0,3,7.1000000000000005,0,0,0,0,79.7,126.09,0.16,1012,1.9000000000000001,46,1.5,0.0000,0.0000
2022,5,9,2,30,10.3,0,0,0,4,6.9,0,0,0,0,79.71000000000001,120.14,0.16,1012,1.9000000000000001,40,1.6,0.0000,0.0000
2022,5,9,3,30,10.200000000000001,0,0,0,3,6.800000000000001,0,0,0,0,79.52,111.7,0.16,1012,2,36,1.7000000000000002,0.0000,0.0000
2022,5,9,4,30,10.200000000000001,0,0,0,3,6.7,0,0,0,0,79.04,101.58,0.16,1013,2,33,1.7000000000000002,0.0000,0.0000
2022,5,9,5,30,10.5,6,18,6,0,6.7,6,18,0,6,77.53,89.84,0.16,1014,2,31,1.8,0.0000,0.0000
2022,5,9,6,30,11.8,70,360,142,0,6.5,70,360,0,142,70.11,78.43,0.16,1014,1.9000000000000001,35,2.2,6.7832,5.1805
2022,5,9,7,30,13.700000000000001,107,606,351,0,5.7,107,606,0,351,58.32,66.21000000000001,0.16,1015,1.9000000000000001,40,2.3000000000000003,18.5505,14.4240
2022,5,9,8,30,15.9,128,737,563,0,4.5,128,737,0,563,46.54,53.79,0.16,1015,1.9000000000000001,40,2.3000000000000003,32.0339,25.0900
2022,5,9,9,30,18.1,140,811,748,0,4.3,140,811,0,748,40.13,41.47,0.16,1015,1.9000000000000001,37,2.1,44.3501,34.8452
2022,5,9,10,30,20.200000000000003,150,853,891,0,5.1000000000000005,150,853,0,891,37.06,29.73,0.16,1014,1.8,32,1.9000000000000001,54.0499,42.5303
2022,5,9,11,30,22,156,874,977,0,6.1000000000000005,156,874,0,977,35.56,20.01,0.16,1014,1.8,26,1.7000000000000002,59.9420,47.1994
2022,5,9,12,30,23.400000000000002,152,888,1003,0,7,152,888,0,1003,34.75,16.6,0.16,1013,1.7000000000000002,20,1.6,61.7055,48.5959
2022,5,9,13,30,24.5,142,890,964,0,7.5,142,890,0,964,33.71,22.6,0.16,1012,1.6,17,1.6,58.9980,46.4492
2022,5,9,14,30,25,136,866,861,0,7.5,136,866,0,861,32.74,33.21,0.16,1012,1.6,15,1.6,51.9406,40.8561
2022,5,9,15,30,24.900000000000002,125,823,705,0,7.2,125,823,0,705,32.24,45.2,0.16,1011,1.5,16,1.6,41.3783,32.4869
2022,5,9,16,30,24.200000000000003,107,750,509,0,6.800000000000001,107,750,0,509,32.71,57.58,0.16,1011,1.5,19,1.6,28.4406,22.2407
2022,5,9,17,30,22.3,83,617,294,0,6.800000000000001,83,617,0,294,36.82,69.96000000000001,0.16,1012,1.5,24,1.3,15.0564,11.6601
2022,5,9,18,30,19,46,338,93,0,9.600000000000001,46,338,0,93,54.4,82.05,0.16,1013,1.5,28,1,0.0000,0.0000
2022,5,9,19,30,16.5,0,0,0,0,8.5,0,0,0,0,59,93.83,0.16,1013,1.5,33,1,0.0000,0.0000
2022,5,9,20,30,15.4,0,0,0,0,8,0,0,0,0,61.27,104.72,0.16,1014,1.5,40,1.1,0.0000,0.0000
2022,5,9,21,30,14.4,0,0,0,0,7.800000000000001,0,0,0,0,64.7,114.36,0.16,1015,1.4000000000000001,48,1.1,0.0000,0.0000
2022,5,9,22,30,13.700000000000001,0,0,0,0,7.5,0,0,0,0,66.31,122.09,0.16,1015,1.2000000000000002,53,1.2000000000000002,0.0000,0.0000
2022,5,9,23,30,12.9,0,0,0,0,7.1000000000000005,0,0,0,0,67.96000000000001,127.03,0.16,1015,1.1,55,1.2000000000000002,0.0000,0.0000
2022,5,10,0,30,12,0,0,0,0,6.800000000000001,0,0,0,0,70.65,128.37,0.16,1015,0.9,54,1.1,0.0000,0.0000
2022,5,10,1,30,10.9,0,0,0,0,6.6000000000000005,0,0,0,0,74.76,125.83,0.16,1014,0.8,50,1.1,0.0000,0.0000
2022,5,10,2,30,9.9,0,0,0,0,6.4,0,0,0,0,78.7,119.91,0.16,1014,0.7000000000000001,42,1.1,0.0000,0.0000
2022,5,10,3,30,9.200000000000001,0,0,0,0,6.1000000000000005,0,0,0,0,81.2,111.49000000000001,0.16,1015,0.6000000000000001,31,1.1,0.0000,0.0000
2022,5,10,4,30,8.8,0,0,0,0,5.9,0,0,0,0,82.23,101.4,0.16,1015,0.7000000000000001,18,1.1,0.0000,0.0000
2022,5,10,5,30,9.9,9,51,9,0,5.800000000000001,9,51,0,9,75.53,89.7,0.16,1016,0.7000000000000001,185,1.4000000000000001,0.0000,0.0000
2022,5,10,6,30,12.700000000000001,57,514,161,0,5.7,57,514,0,161,62.54,78.29,0.16,1016,0.8,351,1.6,7.6950,5.8782
2022,5,10,7,30,16.5,81,731,378,0,6,81,731,0,378,49.870000000000005,66.07000000000001,0.16,1017,0.9,179,2,19.9992,15.5524
2022,5,10,8,30,20.1,97,840,595,0,3.7,97,840,0,595,33.94,53.65,0.16,1017,0.9,16,2.7,33.8754,26.5336
2022,5,10,9,30,22.200000000000003,108,899,783,0,1.8,108,899,0,783,25.96,41.32,0.16,1016,1,17,3,46.4427,36.4902
2022,5,10,10,30,24,115,934,927,0,2.5,115,934,0,927,24.52,29.560000000000002,0.16,1016,1,13,2.9000000000000004,56.2478,44.2604
2022,5,10,11,30,25.5,119,951,1014,0,3.9000000000000004,119,951,0,1014,24.830000000000002,19.78,0.16,1015,1,13,2.8000000000000003,62.2247,48.9974
2022,5,10,12,30,26.8,122,953,1037,0,5.2,122,953,0,1037,25.11,16.34,0.16,1014,1,14,2.7,63.8090,50.2530
2022,5,10,13,30,27.700000000000003,121,943,993,0,6,121,943,0,993,25.21,22.41,0.16,1014,1,16,2.6,60.7847,47.8564
2022,5,10,14,30,28.1,116,921,888,0,6.300000000000001,116,921,0,888,25.12,33.07,0.16,1013,1,19,2.5,53.5823,42.1481
2022,5,10,15,30,27.900000000000002,108,877,727,0,6.2,108,877,0,727,25.32,45.08,0.16,1012,1,22,2.4000000000000004,42.6846,33.5133
2022,5,10,16,30,27,99,790,524,0,6.300000000000001,99,790,0,524,26.71,57.46,0.16,1012,1.1,25,2.2,29.2970,22.9117
2022,5,10,17,30,24.700000000000003,82,634,301,0,7.2,90,597,0,296,32.660000000000004,69.83,0.16,1012,1.2000000000000002,27,1.7000000000000002,15.1764,11.7550
2022,5,10,18,30,21.1,48,336,95,0,10,48,336,0,95,49.07,81.91,0.16,1013,1.3,30,1.3,0.0000,0.0000
2022,5,10,19,30,18.5,0,0,0,0,9.3,0,0,0,0,55.050000000000004,93.68,0.16,1013,1.3,36,1.3,0.0000,0.0000
2022,5,10,20,30,17.6,0,0,0,0,9.3,0,0,0,0,58.4,104.55,0.16,1014,1.3,43,1.3,0.0000,0.0000
2022,5,10,21,30,16.6,0,0,0,0,9.600000000000001,0,0,0,0,63.51,114.16,0.16,1014,1.3,49,1.3,0.0000,0.0000
2022,5,10,22,30,15.9,0,0,0,0,9.9,0,0,0,0,67.74,121.86,0.16,1014,1.3,54,1.3,0.0000,0.0000
2022,5,10,23,30,15.3,0,0,0,0,10.100000000000001,0,0,0,0,70.93,126.78,0.16,1014,1.4000000000000001,57,1.4000000000000001,0.0000,0.0000
2022,5,11,0,30,14.600000000000001,0,0,0,0,10.100000000000001,0,0,0,0,74.44,128.11,0.16,1014,1.4000000000000001,58,1.4000000000000001,0.0000,0.0000
2022,5,11,1,30,13.700000000000001,0,0,0,0,10.100000000000001,0,0,0,0,78.65,125.58,0.16,1014,1.4000000000000001,53,1.3,0.0000,0.0000
2022,5,11,2,30,12.8,0,0,0,0,9.8,0,0,0,0,82.17,119.69,0.16,1014,1.3,43,1.2000000000000002,0.0000,0.0000
2022,5,11,3,30,12,0,0,0,0,9.5,0,0,0,0,84.85000000000001,111.29,0.16,1015,1.2000000000000002,28,1.1,0.0000,0.0000
2022,5,11,4,30,11.700000000000001,0,0,0,0,9.200000000000001,0,0,0,0,84.71000000000001,101.22,0.16,1015,1.1,13,1.2000000000000002,0.0000,0.0000
2022,5,11,5,30,12.600000000000001,9,48,9,0,9,9,48,0,9,78.54,89.57000000000001,0.16,1015,1,181,1.5,0.0000,0.0000
2022,5,11,6,30,15.100000000000001,57,502,160,0,9,57,502,0,160,66.77,78.14,0.16,1015,1,180,2,7.6521,5.8470
2022,5,11,7,30,18.1,83,723,378,0,7.6000000000000005,83,723,0,378,50.44,65.93,0.16,1015,1,12,2.5,20.0208,15.5712
2022,5,11,8,30,20.700000000000003,98,830,591,0,5.4,98,830,0,591,36.800000000000004,53.52,0.16,1015,1.1,19,2.9000000000000004,33.6666,26.3713
2022,5,11,9,30,22.700000000000003,106,889,775,0,5.4,106,889,0,775,32.63,41.18,0.16,1015,1.3,18,3,45.9842,36.1308
2022,5,11,10,30,24.5,110,920,912,0,6.1000000000000005,110,920,0,912,30.71,29.400000000000002,0.16,1014,1.6,15,2.9000000000000004,55.3505,43.5550
2022,5,11,11,30,26,115,930,991,0,6.800000000000001,115,930,0,991,29.45,19.56,0.16,1014,1.9000000000000001,14,2.8000000000000003,60.8249,47.8958
2022,5,11,12,30,27.200000000000003,117,927,1008,0,7.5,117,927,0,1008,28.85,16.080000000000002,0.16,1013,2,15,2.7,62.0358,48.8571
2022,5,11,13,30,28,117,913,962,0,8.5,117,913,0,962,29.330000000000002,22.22,0.16,1012,2.1,18,2.6,58.8984,46.3718
2022,5,11,14,30,28.400000000000002,112,889,858,0,9.4,112,889,0,858,30.55,32.92,0.16,1011,2.2,20,2.4000000000000004,51.7854,40.7353
2022,5,11,15,30,28.3,103,848,703,0,10.200000000000001,103,848,0,703,32.3,44.95,0.16,1011,2.2,22,2.4000000000000004,41.2912,32.4202
2022,5,11,16,30,27.6,91,777,510,0,10.5,91,777,0,510,34.47,57.34,0.16,1010,2.2,24,2.3000000000000003,28.5320,22.3147
2022,5,11,17,30,25.900000000000002,72,653,298,0,10.8,72,653,0,298,38.78,69.71000000000001,0.16,1010,2.1,27,2,15.2953,11.8488
2022,5,11,18,30,23,42,390,98,0,11.8,42,390,0,98,49.35,81.78,0.16,1011,2,33,1.6,0.0000,0.0000
2022,5,11,19,30,20.5,0,0,0,0,11.600000000000001,0,0,0,0,56.59,93.53,0.16,1011,1.8,40,1.4000000000000001,0.0000,0.0000
2022,5,11,20,30,19,0,0,0,0,10.8,0,0,0,0,58.85,104.37,0.16,1012,1.9000000000000001,45,1.4000000000000001,0.0000,0.0000
2022,5,11,21,30,17.7,0,0,0,0,10.200000000000001,0,0,0,0,61.36,113.96000000000001,0.16,1012,2.2,47,1.3,0.0000,0.0000
2022,5,11,22,30,17.5,0,0,0,0,9.5,0,0,0,0,59.39,121.64,0.16,1012,2.5,49,1.5,0.0000,0.0000
2022,5,11,23,30,17.400000000000002,0,0,0,0,8.3,0,0,0,0,55.24,126.54,0.16,1012,2.7,49,1.6,0.0000,0.0000
2022,5,12,0,30,16.7,0,0,0,0,8.200000000000001,0,0,0,0,57.160000000000004,127.86,0.16,1012,3,42,1.4000000000000001,0.0000,0.0000
2022,5,12,1,30,16,0,0,0,0,8.9,0,0,0,0,62.82,125.34,0.16,1012,3.1,31,1.3,0.0000,0.0000
2022,5,12,2,30,15.5,0,0,0,0,9.8,0,0,0,0,69.05,119.46000000000001,0.16,1012,3.2,19,1.3,0.0000,0.0000
2022,5,12,3,30,15.200000000000001,0,0,0,0,10.600000000000001,0,0,0,0,74.17,111.10000000000001,0.16,1011,3.3000000000000003,9,1.3,0.0000,0.0000
2022,5,12,4,30,14.9,0,0,0,0,11.200000000000001,0,0,0,0,78.73,101.05,0.16,1011,3.3000000000000003,182,1.3,0.0000,0.0000
2022,5,12,5,30,15.4,8,42,8,0,11.700000000000001,8,42,0,8,78.48,89.45,0.16,1012,3.3000000000000003,357,1.6,0.0000,0.0000
2022,5,12,6,30,17.3,59,430,148,0,12.3,59,430,0,148,72.27,78.01,0.16,1012,3.3000000000000003,186,2.4000000000000004,7.0824,5.4129
2022,5,12,7,30,19.8,89,638,351,3,13.3,110,293,0,230,66.32000000000001,65.8,0.16,1012,3.3000000000000003,21,2.9000000000000004,12.1942,9.4851
2022,5,12,8,30,22.200000000000003,109,751,557,0,14.200000000000001,141,490,0,433,60.43,53.39,0.16,1012,3.3000000000000003,27,3,24.6799,19.3328
2022,5,12,9,30,24.3,118,822,738,0,14.5,118,822,0,738,54.28,41.050000000000004,0.16,1011,3.3000000000000003,29,2.9000000000000004,43.8028,34.4176
2022,5,12,10,30,26,123,864,877,0,14.700000000000001,123,864,0,877,49.81,29.240000000000002,0.16,1011,3.3000000000000003,31,2.8000000000000003,53.2386,41.8938
2022,5,12,11,30,27,130,879,959,0,14.8,216,622,0,803,47.35,19.35,0.16,1010,3.4000000000000004,33,2.8000000000000003,49.2949,38.8170
2022,5,12,12,30,27.5,147,860,974,3,15,337,299,0,625,46.35,15.83,0.16,1009,3.4000000000000004,37,2.8000000000000003,38.4712,30.2988
2022,5,12,13,30,27.5,164,820,924,0,15.200000000000001,303,356,0,633,47.01,22.03,0.16,1009,3.5,40,2.8000000000000003,38.7628,30.5190
2022,5,12,14,30,27,159,787,821,3,15.5,262,17,0,276,49.29,32.78,0.16,1008,3.6,43,2.8000000000000003,16.6622,13.1070
2022,5,12,15,30,26.1,146,738,669,6,15.8,37,0,0,37,53.25,44.83,0.16,1008,3.7,47,2.8000000000000003,2.1740,1.7070
2022,5,12,16,30,24.900000000000002,125,660,482,6,16.2,183,72,0,222,58.620000000000005,57.22,0.16,1009,3.8000000000000003,50,2.7,12.4275,9.7200
2022,5,12,17,30,23.400000000000002,94,528,278,9,16.6,57,159,0,112,65.58,69.59,0.16,1009,3.8000000000000003,51,2.4000000000000004,5.7547,4.4586
2022,5,12,18,30,21.6,51,270,90,8,17.2,37,14,57,39,76.23,81.65,0.16,1009,3.9000000000000004,50,2,0.0000,0.0000
2022,5,12,19,30,20.200000000000003,0,0,0,4,17.900000000000002,0,0,11,0,86.79,93.38,0.16,1009,3.9000000000000004,46,1.8,0.0000,0.0000
2022,5,12,20,30,19.400000000000002,0,0,0,3,18.2,0,0,0,0,92.71000000000001,104.2,0.16,1010,3.8000000000000003,45,2.1,0.0000,0.0000
2022,5,12,21,30,18.8,0,0,0,3,18,0,0,0,0,94.96000000000001,113.77,0.16,1010,3.7,48,2.4000000000000004,0.0000,0.0000
2022,5,12,22,30,18.400000000000002,0,0,0,3,17.7,0,0,0,0,95.93,121.42,0.16,1010,3.6,50,2.4000000000000004,0.0000,0.0000
2022,5,12,23,30,18.1,0,0,0,3,17.6,0,0,0,0,96.8,126.3,0.16,1010,3.5,51,2.4000000000000004,0.0000,0.0000
2022,5,13,0,30,17.900000000000002,0,0,0,0,17.400000000000002,0,0,0,0,97.02,127.61,0.16,1010,3.6,54,2.4000000000000004,0.0000,0.0000
2022,5,13,1,30,17.8,0,0,0,0,17.3,0,0,0,0,96.79,125.10000000000001,0.16,1009,3.6,57,2.4000000000000004,0.0000,0.0000
2022,5,13,2,30,17.6,0,0,0,0,17.2,0,0,0,0,97.57000000000001,119.25,0.16,1009,3.7,57,2.2,0.0000,0.0000
2022,5,13,3,30,17.5,0,0,0,0,17.1,0,0,0,0,97.71000000000001,110.91,0.16,1009,3.7,56,2,0.0000,0.0000
2022,5,13,4,30,17.400000000000002,0,0,0,0,17.1,0,0,0,0,97.86,100.88,0.16,1010,3.7,56,1.9000000000000001,0.0000,0.0000
2022,5,13,5,30,17.6,9,39,9,3,17,3,0,57,3,96.08,89.32000000000001,0.16,1010,3.6,57,1.8,0.0000,0.0000
2022,5,13,6,30,18.3,60,426,150,4,17.2,31,0,0,31,93.28,77.87,0.16,1010,3.6,58,1.9000000000000001,1.4845,1.1349
2022,5,13,7,30,19.6,90,637,352,3,17.6,116,2,0,117,88.51,65.68,0.16,1011,3.6,63,2,6.2088,4.8300
2022,5,13,8,30,21.3,105,755,557,3,17.900000000000002,223,13,0,231,81.22,53.27,0.16,1011,3.6,73,2.1,13.1732,10.3195
2022,5,13,9,30,22.900000000000002,110,832,739,3,17.900000000000002,176,1,0,177,73.43,40.92,0.16,1011,3.6,85,2.1,10.5089,8.2574
2022,5,13,10,30,23.900000000000002,112,877,878,3,17.3,314,51,0,359,66.49,29.080000000000002,0.16,1011,3.6,94,2.1,21.7982,17.1534
2022,5,13,11,30,24.3,119,890,960,7,16.8,298,496,18,767,62.89,19.14,0.16,1010,3.6,100,2.1,47.0933,37.0838
2022,5,13,12,30,24.5,125,889,981,0,16.5,306,366,0,659,60.97,15.59,0.16,1010,3.6,102,2.1,40.5706,31.9525
2022,5,13,13,30,24.6,124,878,939,0,16.3,215,652,21,820,59.93,21.85,0.16,1010,3.6,103,2.1,50.2230,39.5424
2022,5,13,14,30,24.6,116,859,839,8,16.2,193,45,0,231,59.38,32.64,0.16,1009,3.6,103,2,13.9488,10.9727
2022,5,13,15,30,24.3,105,821,688,6,16,210,147,0,314,59.77,44.71,0.16,1009,3.6,102,1.9000000000000001,18.4559,14.4916
2022,5,13,16,30,23.900000000000002,92,752,500,6,16,204,33,0,222,61.120000000000005,57.11,0.16,1009,3.6,100,1.7000000000000002,12.4345,9.7260
2022,5,13,17,30,22.900000000000002,73,628,293,8,16.1,90,494,29,263,65.43,69.46000000000001,0.16,1009,3.5,99,1.3,13.5287,10.4835
2022,5,13,18,30,21.1,44,368,98,0,17.1,49,298,57,93,78.01,81.52,0.16,1009,3.5,99,0.9,0.0000,0.0000
2022,5,13,19,30,19.5,0,0,0,0,16.900000000000002,0,0,0,0,85.10000000000001,93.23,0.16,1009,3.4000000000000004,103,0.9,0.0000,0.0000
2022,5,13,20,30,18.900000000000002,0,0,0,3,16.8,0,0,0,0,87.67,104.04,0.16,1009,3.4000000000000004,108,0.9,0.0000,0.0000
2022,5,13,21,30,18.3,0,0,0,3,16.8,0,0,0,0,91.15,113.58,0.16,1010,3.4000000000000004,116,0.9,0.0000,0.0000
2022,5,13,22,30,17.8,0,0,0,0,16.8,0,0,0,0,94.05,121.2,0.16,1009,3.4000000000000004,123,0.8,0.0000,0.0000
2022,5,13,23,30,17.3,0,0,0,3,16.8,0,0,0,0,97.11,126.06,0.16,1009,3.4000000000000004,130,0.7000000000000001,0.0000,0.0000
2022,5,14,0,30,16.8,0,0,0,3,16.8,0,0,0,0,100,127.37,0.16,1009,3.3000000000000003,134,0.8,0.0000,0.0000
2022,5,14,1,30,16.8,0,0,0,0,16.8,0,0,0,0,100,124.87,0.16,1008,3.3000000000000003,138,0.8,0.0000,0.0000
2022,5,14,2,30,17.2,0,0,0,0,16.900000000000002,0,0,0,0,98.05,119.04,0.16,1008,3.3000000000000003,142,0.6000000000000001,0.0000,0.0000
2022,5,14,3,30,17.400000000000002,0,0,0,3,17,0,0,0,0,97.46000000000001,110.72,0.16,1008,3.3000000000000003,247,0.30000000000000004,0.0000,0.0000
2022,5,14,4,30,17.3,0,0,0,0,16.900000000000002,0,0,0,0,97.38,100.72,0.16,1009,3.3000000000000003,177,0.4,0.0000,0.0000
2022,5,14,5,30,17.6,9,59,10,3,16.7,7,39,29,8,94.34,89.2,0.16,1009,3.3000000000000003,9,0.6000000000000001,0.0000,0.0000
2022,5,14,6,30,19.900000000000002,54,486,157,0,17.6,54,486,0,157,86.69,77.75,0.16,1010,3.3000000000000003,12,0.6000000000000001,7.5230,5.7523
2022,5,14,7,30,22.400000000000002,76,693,363,0,18,76,693,0,363,76.09,65.56,0.16,1010,3.2,8,0.5,19.2808,15.0005
2022,5,14,8,30,24.400000000000002,91,796,568,0,16.1,91,796,0,568,59.7,53.15,0.16,1010,3.2,173,0.4,32.4077,25.3885
2022,5,14,9,30,26.3,99,859,749,0,15.100000000000001,99,859,0,749,50.22,40.79,0.16,1010,3.2,330,0.30000000000000004,44.4839,34.9544
2022,5,14,10,30,27.6,101,899,888,0,14.9,196,688,0,798,45.97,28.94,0.16,1009,3.2,312,0.2,48.4636,38.1373
2022,5,14,11,30,28.6,106,915,971,0,14.9,106,915,0,971,43.22,18.94,0.16,1008,3.2,265,0.1,59.6287,46.9553
2022,5,14,12,30,29.400000000000002,119,902,989,3,14.8,273,228,0,493,41.07,15.35,0.16,1007,3.2,212,0.2,30.3558,23.9078
2022,5,14,13,30,29.700000000000003,133,869,941,3,14.8,354,380,0,707,40.300000000000004,21.67,0.16,1007,3.3000000000000003,197,0.30000000000000004,43.3096,34.0996
2022,5,14,14,30,29.700000000000003,128,844,840,0,14.700000000000001,139,823,0,833,40.03,32.51,0.16,1006,3.3000000000000003,199,0.4,50.3113,39.5776
2022,5,14,15,30,29.400000000000002,117,800,687,0,14.700000000000001,127,778,0,681,40.71,44.59,0.16,1006,3.3000000000000003,204,0.4,40.0408,31.4408
2022,5,14,16,30,28.700000000000003,105,721,498,0,14.700000000000001,105,721,0,498,42.4,56.99,0.16,1006,3.4000000000000004,218,0.30000000000000004,27.9107,21.8323
2022,5,14,17,30,27.6,86,579,290,0,15.4,100,491,0,273,47.24,69.34,0.16,1006,3.4000000000000004,254,0.30000000000000004,14.0580,10.8951
2022,5,14,18,30,26,50,307,96,0,17.3,50,295,0,94,58.76,81.39,0.16,1006,3.4000000000000004,300,0.4,0.0000,0.0000
2022,5,14,19,30,24.6,0,0,0,0,16.3,0,0,0,0,59.910000000000004,93.09,0.16,1007,3.5,330,0.6000000000000001,0.0000,0.0000
2022,5,14,20,30,23.8,0,0,0,0,16.2,0,0,0,0,62.36,103.87,0.16,1007,3.5,347,0.6000000000000001,0.0000,0.0000
2022,5,14,21,30,23.3,0,0,0,0,16.1,0,0,0,0,64.01,113.39,0.16,1007,3.5,182,0.5,0.0000,0.0000
2022,5,14,22,30,22.8,0,0,0,8,16,0,0,0,0,65.34,120.99000000000001,0.16,1007,3.5,75,0.30000000000000004,0.0000,0.0000
2022,5,14,23,30,22,0,0,0,3,16,0,0,0,0,68.75,125.82000000000001,0.16,1007,3.5,160,0.4,0.0000,0.0000
2022,5,15,0,30,20.900000000000002,0,0,0,3,16.1,0,0,0,0,73.84,127.13000000000001,0.16,1007,3.5,189,0.8,0.0000,0.0000
2022,5,15,1,30,19.900000000000002,0,0,0,0,16.2,0,0,0,0,79.18,124.64,0.16,1007,3.5,204,0.9,0.0000,0.0000
2022,5,15,2,30,19.1,0,0,0,0,16.3,0,0,0,0,83.68,118.83,0.16,1007,3.5,216,0.9,0.0000,0.0000
2022,5,15,3,30,18.400000000000002,0,0,0,0,16.400000000000002,0,0,0,0,88.10000000000001,110.54,0.16,1007,3.4000000000000004,228,0.9,0.0000,0.0000
2022,5,15,4,30,18,0,0,0,7,16.5,0,0,0,0,90.86,100.56,0.16,1007,3.4000000000000004,238,0.8,0.0000,0.0000
2022,5,15,5,30,18.900000000000002,9,44,10,7,16.6,7,0,64,7,86.63,89.08,0.16,1007,3.3000000000000003,245,0.9,0.0000,0.0000
2022,5,15,6,30,21.1,64,419,154,8,17.1,97,194,18,139,77.86,77.62,0.16,1008,3.3000000000000003,247,1,6.6652,5.0976
2022,5,15,7,30,24.200000000000003,94,632,357,8,17.1,162,358,0,311,64.57000000000001,65.44,0.16,1008,3.2,250,1.1,16.5338,12.8647
2022,5,15,8,30,27.1,114,745,562,7,15.4,168,596,0,526,48.75,53.04,0.16,1008,3.2,251,1.2000000000000002,30.0253,23.5230
2022,5,15,9,30,28.8,136,793,737,8,14.700000000000001,274,456,0,620,42.1,40.67,0.16,1007,3.1,239,1.1,36.8332,28.9432
2022,5,15,10,30,29.900000000000002,162,807,869,8,14.600000000000001,326,441,7,712,39.36,28.8,0.16,1007,3.2,225,1.2000000000000002,43.2493,34.0344
2022,5,15,11,30,30.5,174,820,950,8,14.700000000000001,391,349,0,721,38.29,18.75,0.16,1006,3.3000000000000003,217,1.3,44.2833,34.8717
2022,5,15,12,30,30.700000000000003,169,833,973,8,14.8,391,280,21,661,38.04,15.120000000000001,0.16,1005,3.3000000000000003,214,1.5,40.7063,32.0600
2022,5,15,13,30,30.5,156,835,933,0,14.9,183,755,0,886,38.69,21.490000000000002,0.16,1005,3.4000000000000004,212,1.6,54.2844,42.7410
2022,5,15,14,30,30,153,803,831,7,15,319,394,7,652,40.09,32.37,0.16,1004,3.4000000000000004,212,1.6,39.3885,30.9856
2022,5,15,15,30,29.400000000000002,142,753,679,8,15.200000000000001,294,242,0,467,42.03,44.47,0.16,1004,3.5,210,1.6,27.4677,21.5687
2022,5,15,16,30,28.700000000000003,122,677,492,8,15.4,201,423,0,432,44.4,56.88,0.16,1004,3.4000000000000004,208,1.5,24.2252,18.9503
2022,5,15,17,30,27.3,95,543,288,3,15.9,123,51,0,141,49.65,69.22,0.16,1004,3.4000000000000004,204,1.3,7.2683,5.6339
2022,5,15,18,30,24.900000000000002,53,288,97,0,17.5,54,250,4,92,63.46,81.26,0.16,1004,3.4000000000000004,200,1,0.0000,0.0000
2022,5,15,19,30,22.900000000000002,0,0,0,0,17.5,0,0,0,0,71.48,92.94,0.16,1005,3.4000000000000004,200,1,0.0000,0.0000
2022,5,15,20,30,22,0,0,0,0,17.3,0,0,0,0,74.57000000000001,103.7,0.16,1006,3.4000000000000004,202,1.1,0.0000,0.0000
2022,5,15,21,30,21.3,0,0,0,3,17.400000000000002,0,0,0,0,78.27,113.2,0.16,1006,3.4000000000000004,204,1.1,0.0000,0.0000
2022,5,15,22,30,20.6,0,0,0,0,17.5,0,0,0,0,82.3,120.78,0.16,1005,3.4000000000000004,203,1,0.0000,0.0000
2022,5,15,23,30,20.1,0,0,0,0,17.6,0,0,0,0,85.8,125.60000000000001,0.16,1005,3.4000000000000004,202,1.1,0.0000,0.0000
2022,5,16,0,30,19.700000000000003,0,0,0,8,18,0,0,0,0,89.75,126.9,0.16,1004,3.4000000000000004,201,1.1,0.0000,0.0000
2022,5,16,1,30,19.5,0,0,0,3,18.400000000000002,0,0,0,0,93.14,124.42,0.16,1003,3.3000000000000003,200,1.1,0.0000,0.0000
2022,5,16,2,30,19.3,0,0,0,0,18.8,0,0,0,0,96.95,118.64,0.16,1003,3.3000000000000003,203,1.1,0.0000,0.0000
2022,5,16,3,30,19,0,0,0,0,19,0,0,0,0,100,110.37,0.16,1003,3.4000000000000004,209,1.1,0.0000,0.0000
2022,5,16,4,30,18.8,0,0,0,0,18.8,0,0,0,0,100,100.41,0.16,1003,3.4000000000000004,216,1,0.0000,0.0000
2022,5,16,5,30,19.6,9,33,10,3,19.200000000000003,6,0,71,6,97.68,88.96000000000001,0.16,1004,3.4000000000000004,220,1.2000000000000002,0.0000,0.0000
2022,5,16,6,30,21.400000000000002,76,338,149,0,19.900000000000002,76,338,14,149,91.35000000000001,77.5,0.16,1004,3.5,223,1.6,7.1497,5.4693
2022,5,16,7,30,23.900000000000002,119,546,347,0,20.1,131,504,0,341,79.44,65.33,0.16,1004,3.5,232,1.8,18.1438,14.1187
2022,5,16,8,30,27.1,143,672,548,0,18.8,143,672,0,548,60.32,52.93,0.16,1004,3.5,242,2,31.2956,24.5192
2022,5,16,9,30,29.8,154,755,728,0,17,154,755,0,728,46.14,40.56,0.16,1004,3.5,247,2.1,43.2607,33.9945
2022,5,16,10,30,31.400000000000002,155,811,867,0,16.7,155,811,0,867,41.26,28.66,0.16,1003,3.6,249,2.1,52.6748,41.4523
2022,5,16,11,30,32.4,156,838,950,0,16.900000000000002,156,838,0,950,39.51,18.56,0.16,1002,3.6,250,2.2,58.3574,45.9550
2022,5,16,12,30,33,149,854,974,0,17,211,722,7,909,38.42,14.89,0.16,1002,3.6,252,2.2,55.9871,44.0954
2022,5,16,13,30,33.300000000000004,139,856,936,0,16.8,168,797,11,910,37.480000000000004,21.32,0.16,1001,3.6,255,2.2,55.7639,43.9063
2022,5,16,14,30,33.4,137,827,836,0,16.6,201,685,0,780,36.7,32.24,0.16,1000,3.5,259,2.3000000000000003,47.1314,37.0771
2022,5,16,15,30,33.1,133,771,684,0,16.3,207,570,0,615,36.71,44.36,0.16,1000,3.4000000000000004,263,2.2,36.1840,28.4137
2022,5,16,16,30,32.4,126,669,493,5,16.2,169,153,7,253,37.85,56.76,0.16,1000,3.3000000000000003,267,2,14.1961,11.1055
2022,5,16,17,30,30.6,106,503,285,0,16.5,121,341,14,243,42.76,69.11,0.16,1000,3.3000000000000003,273,1.5,12.5383,9.7200
2022,5,16,18,30,28,58,234,94,0,18.5,58,234,0,94,56.17,81.13,0.16,1001,3.4000000000000004,283,1.1,0.0000,0.0000
2022,5,16,19,30,26.200000000000003,0,0,0,3,18.6,0,0,0,0,63.07,92.8,0.16,1002,3.3000000000000003,299,1,0.0000,0.0000
2022,5,16,20,30,25.3,0,0,0,3,19,0,0,0,0,67.97,103.54,0.16,1003,3.3000000000000003,320,1,0.0000,0.0000
2022,5,16,21,30,24.400000000000002,0,0,0,0,19.200000000000003,0,0,0,0,72.77,113.02,0.16,1004,3.1,340,1.3,0.0000,0.0000
2022,5,16,22,30,23.400000000000002,0,0,0,0,18.900000000000002,0,0,0,0,76.06,120.57000000000001,0.16,1004,3,353,1.6,0.0000,0.0000
2022,5,16,23,30,22,0,0,0,0,18.3,0,0,0,0,79.47,125.37,0.16,1005,2.8000000000000003,179,1.7000000000000002,0.0000,0.0000
2022,5,17,0,30,20.6,0,0,0,0,17.400000000000002,0,0,0,0,82.06,126.67,0.16,1005,2.6,2,1.6,0.0000,0.0000
2022,5,17,1,30,19.400000000000002,0,0,0,0,16.5,0,0,0,0,83.41,124.21000000000001,0.16,1006,2.4000000000000004,5,1.5,0.0000,0.0000
2022,5,17,2,30,18.3,0,0,0,0,15.8,0,0,0,0,85.26,118.44,0.16,1006,2.2,9,1.3,0.0000,0.0000
2022,5,17,3,30,17.400000000000002,0,0,0,0,15.200000000000001,0,0,0,0,86.92,110.2,0.16,1007,2.1,13,1.2000000000000002,0.0000,0.0000
2022,5,17,4,30,16.7,0,0,0,0,14.8,0,0,0,0,88.38,100.27,0.16,1008,2,14,1.1,0.0000,0.0000
2022,5,17,5,30,17.3,12,48,13,0,14.5,12,48,0,13,83.63,88.85000000000001,0.16,1008,1.9000000000000001,13,1.3,0.0000,0.0000
2022,5,17,6,30,19.700000000000003,69,432,163,0,14.4,69,432,0,163,71.46000000000001,77.39,0.16,1009,1.9000000000000001,20,1.6,7.8266,5.9883
2022,5,17,7,30,22.8,99,649,371,0,13.5,99,649,0,371,55.92,65.23,0.16,1009,1.9000000000000001,36,1.9000000000000001,19.7548,15.3736
2022,5,17,8,30,25.700000000000003,116,770,581,0,11.5,116,770,0,581,41.11,52.83,0.16,1009,1.9000000000000001,43,1.9000000000000001,33.1942,26.0075
2022,5,17,9,30,27.700000000000003,123,846,767,0,10.8,123,846,0,767,34.800000000000004,40.45,0.16,1009,1.9000000000000001,35,1.5,45.5903,35.8258
2022,5,17,10,30,29.1,123,894,908,0,10.8,123,894,0,908,32.07,28.53,0.16,1009,1.9000000000000001,16,1.2000000000000002,55.1758,43.4209
2022,5,17,11,30,30.3,124,916,993,0,10.9,124,916,0,993,30.11,18.38,0.16,1009,1.9000000000000001,170,1,61.0077,48.0425
2022,5,17,12,30,31.1,125,920,1015,0,10.700000000000001,125,920,0,1015,28.47,14.66,0.16,1008,1.9000000000000001,328,1,62.5249,49.2450
2022,5,17,13,30,31.5,123,910,972,0,10.5,123,910,0,972,27.42,21.150000000000002,0.16,1008,2,317,1.1,59.5729,46.9058
2022,5,17,14,30,31.5,116,889,869,0,10.3,116,889,0,869,27.11,32.11,0.16,1007,2,313,1.2000000000000002,52.5205,41.3171
2022,5,17,15,30,31.1,108,849,716,0,10.3,108,849,0,716,27.69,44.24,0.16,1007,2,312,1.2000000000000002,42.1408,33.0921
2022,5,17,16,30,30.3,93,782,523,0,10.200000000000001,93,782,0,523,28.82,56.65,0.16,1007,2,309,1.1,29.3622,22.9711
2022,5,17,17,30,28.700000000000003,75,659,311,0,10.5,75,659,0,311,32.22,68.99,0.16,1007,2,306,0.9,16.0638,12.4548
2022,5,17,18,30,26.3,47,399,109,0,13.700000000000001,47,399,0,109,45.95,81.01,0.16,1007,2,302,0.9,0.0000,0.0000
2022,5,17,19,30,24.700000000000003,0,0,0,0,13.200000000000001,0,0,0,0,48.92,92.66,0.16,1008,2.1,294,1,0.0000,0.0000
2022,5,17,20,30,24.1,0,0,0,0,12.3,0,0,0,0,47.79,103.38,0.16,1008,2.1,279,0.9,0.0000,0.0000
2022,5,17,21,30,23.6,0,0,0,0,12.100000000000001,0,0,0,0,48.59,112.83,0.16,1009,2.1,261,0.9,0.0000,0.0000
2022,5,17,22,30,23,0,0,0,0,11.9,0,0,0,0,49.58,120.37,0.16,1009,2.1,252,0.9,0.0000,0.0000
2022,5,17,23,30,22.3,0,0,0,0,11.8,0,0,0,0,51.27,125.15,0.16,1009,2.1,254,1,0.0000,0.0000
2022,5,18,0,30,21.5,0,0,0,0,11.700000000000001,0,0,0,0,53.61,126.45,0.16,1009,2.1,264,0.9,0.0000,0.0000
2022,5,18,1,30,20.8,0,0,0,0,11.700000000000001,0,0,0,0,56.13,124,0.16,1009,2.1,283,0.9,0.0000,0.0000
2022,5,18,2,30,20.1,0,0,0,0,11.9,0,0,0,0,59.120000000000005,118.25,0.16,1009,2.1,309,0.7000000000000001,0.0000,0.0000
2022,5,18,3,30,19.400000000000002,0,0,0,0,12.200000000000001,0,0,0,0,62.97,110.04,0.16,1010,2.1,335,0.6000000000000001,0.0000,0.0000
2022,5,18,4,30,18.8,0,0,0,0,12.600000000000001,0,0,0,0,67.05,100.12,0.16,1010,2.1,180,0.4,0.0000,0.0000
2022,5,18,5,30,19.200000000000003,12,58,13,0,13,12,58,0,13,67.25,88.74,0.16,1010,2.1,70,0.2,0.0000,0.0000
2022,5,18,6,30,21,65,454,165,0,14.700000000000001,65,454,0,165,67.36,77.28,0.16,1011,2,166,0.2,7.9280,6.0671
2022,5,18,7,30,24.1,92,671,374,0,15.5,92,671,0,374,58.61,65.13,0.16,1011,1.9000000000000001,193,0.5,19.9294,15.5108
2022,5,18,8,30,27.8,107,788,584,0,13.3,107,788,0,584,40.92,52.730000000000004,0.16,1010,1.9000000000000001,179,0.8,33.3795,26.1536
2022,5,18,9,30,30.3,117,854,768,0,10.5,117,854,0,768,29.38,40.35,0.16,1010,1.8,183,0.9,45.6606,35.8816
2022,5,18,10,30,31.6,126,888,907,0,10,126,888,0,907,26.47,28.41,0.16,1010,1.9000000000000001,192,1,55.1242,43.3807
2022,5,18,11,30,32.7,129,905,989,0,10,129,905,0,989,24.76,18.21,0.16,1009,1.9000000000000001,201,1.1,60.7702,47.8559
2022,5,18,12,30,33.4,136,900,1008,0,10,136,900,0,1008,23.900000000000002,14.44,0.16,1008,2,203,1.2000000000000002,62.1022,48.9125
2022,5,18,13,30,33.800000000000004,144,875,961,0,10.200000000000001,144,875,0,961,23.6,20.98,0.16,1008,2.1,202,1.4000000000000001,58.9081,46.3829
2022,5,18,14,30,33.800000000000004,142,842,856,0,10.4,142,842,0,856,23.98,31.98,0.16,1007,2.1,200,1.6,51.7458,40.7083
2022,5,18,15,30,33.4,138,779,697,0,10.4,138,779,0,697,24.560000000000002,44.13,0.16,1006,2.2,201,1.9000000000000001,41.0352,32.2247
2022,5,18,16,30,32.4,130,672,501,0,10.5,130,672,0,501,26.11,56.54,0.16,1005,2.4000000000000004,202,2,28.1425,22.0180
2022,5,18,17,30,30.400000000000002,108,508,291,0,11.100000000000001,108,508,0,291,30.51,68.87,0.16,1005,2.5,202,1.7000000000000002,15.0463,11.6676
2022,5,18,18,30,27.1,57,258,98,0,13.5,57,258,0,98,43.03,80.88,0.16,1004,2.5,199,1.3,0.0000,0.0000
2022,5,18,19,30,24.700000000000003,0,0,0,0,13.5,0,0,0,0,49.76,92.51,0.16,1005,2.6,197,1.2000000000000002,0.0000,0.0000
2022,5,18,20,30,23.8,0,0,0,0,13.8,0,0,0,0,53.6,103.22,0.16,1006,2.8000000000000003,199,1.3,0.0000,0.0000
2022,5,18,21,30,23.5,0,0,0,0,14.5,0,0,0,0,57.08,112.66,0.16,1007,2.9000000000000004,199,1.4000000000000001,0.0000,0.0000
2022,5,18,22,30,23.400000000000002,0,0,0,8,14.8,0,0,0,0,58.44,120.17,0.16,1006,2.8000000000000003,195,1.6,0.0000,0.0000
2022,5,18,23,30,22.8,0,0,0,0,15.4,0,0,0,0,63.1,124.94,0.16,1006,2.7,191,1.7000000000000002,0.0000,0.0000
2022,5,19,0,30,22.200000000000003,0,0,0,8,16.2,0,0,0,0,68.84,126.23,0.16,1005,2.7,192,1.8,0.0000,0.0000
2022,5,19,1,30,21.6,0,0,0,0,16.900000000000002,0,0,0,0,74.49,123.79,0.16,1004,2.8000000000000003,195,1.6,0.0000,0.0000
2022,5,19,2,30,21,0,0,0,0,17.3,0,0,0,0,79.42,118.07000000000001,0.16,1004,2.8000000000000003,204,1.4000000000000001,0.0000,0.0000
2022,5,19,3,30,20.400000000000002,0,0,0,0,17.5,0,0,0,0,83.54,109.88,0.16,1005,2.9000000000000004,216,1.2000000000000002,0.0000,0.0000
2022,5,19,4,30,20,0,0,0,7,17.5,0,0,0,0,85.8,99.99000000000001,0.16,1005,3.1,226,1.2000000000000002,0.0000,0.0000
2022,5,19,5,30,20.6,11,38,12,0,17.5,11,11,36,11,82.66,88.63,0.16,1005,3.2,232,1.4000000000000001,0.0000,0.0000
2022,5,19,6,30,22.700000000000003,76,349,153,5,17.6,70,20,7,74,73.03,77.18,0.16,1005,3.3000000000000003,237,1.6,3.5578,2.7232
2022,5,19,7,30,25.900000000000002,121,541,349,0,17.6,121,541,0,349,60.17,65.03,0.16,1005,3.5,250,2,18.6110,14.4859
2022,5,19,8,30,29.3,152,651,547,0,16.900000000000002,152,651,0,547,47.36,52.64,0.16,1005,3.6,267,2.6,31.2764,24.5065
2022,5,19,9,30,31.5,170,725,723,0,17.8,170,725,0,723,44.17,40.25,0.16,1005,3.6,273,2.7,42.9954,33.7877
2022,5,19,10,30,32.800000000000004,175,780,862,0,18.5,175,780,0,862,42.65,28.29,0.16,1005,3.5,269,2.5,52.3979,41.2357
2022,5,19,11,30,34,170,817,947,0,18.3,170,817,0,947,39.42,18.04,0.16,1004,3.4000000000000004,265,2.4000000000000004,58.1973,45.8301
2022,5,19,12,30,34.9,178,814,967,0,17.8,178,814,0,967,36.4,14.23,0.16,1003,3.4000000000000004,263,2.4000000000000004,59.5838,46.9293
2022,5,19,13,30,35.4,188,784,921,0,17.400000000000002,204,754,0,909,34.5,20.82,0.16,1003,3.4000000000000004,264,2.3000000000000003,55.7289,43.8800
2022,5,19,14,30,35.6,181,754,821,0,17.1,186,743,0,817,33.480000000000004,31.86,0.16,1002,3.4000000000000004,265,2.2,49.3979,38.8617
2022,5,19,15,30,35.2,175,688,670,0,17,175,688,0,670,33.99,44.01,0.16,1002,3.4000000000000004,267,2.1,39.4589,30.9876
2022,5,19,16,30,34.300000000000004,166,567,480,0,17.1,166,567,0,480,35.93,56.43,0.16,1002,3.4000000000000004,267,1.8,26.9776,21.1076
2022,5,19,17,30,32.4,137,390,278,0,17.6,137,390,0,278,41.35,68.76,0.16,1002,3.4000000000000004,268,1.4000000000000001,14.3878,11.1583
2022,5,19,18,30,29.5,65,169,92,0,19.5,65,169,0,92,54.910000000000004,80.76,0.16,1002,3.4000000000000004,270,1,0.0000,0.0000
2022,5,19,19,30,27.3,0,0,0,8,19.1,0,0,29,0,60.870000000000005,92.38,0.16,1003,3.3000000000000003,271,0.9,0.0000,0.0000
2022,5,19,20,30,26.3,0,0,0,8,19,0,0,0,0,64.17,103.07000000000001,0.16,1003,3.3000000000000003,266,1,0.0000,0.0000
2022,5,19,21,30,25.6,0,0,0,7,19.1,0,0,0,0,67.41,112.48,0.16,1004,3.2,252,1.1,0.0000,0.0000
2022,5,19,22,30,24.900000000000002,0,0,0,8,19.1,0,0,0,0,70.37,119.97,0.16,1004,3.2,237,1.2000000000000002,0.0000,0.0000
2022,5,19,23,30,24.5,0,0,0,3,19.1,0,0,0,0,71.91,124.73,0.16,1004,3.2,230,1.3,0.0000,0.0000
2022,5,20,0,30,24.5,0,0,0,3,19.1,0,0,0,0,71.86,126.02,0.16,1004,3.3000000000000003,229,1.6,0.0000,0.0000
2022,5,20,1,30,24.3,0,0,0,3,19.1,0,0,0,0,72.63,123.59,0.16,1004,3.3000000000000003,230,1.6,0.0000,0.0000
2022,5,20,2,30,23.700000000000003,0,0,0,3,19.200000000000003,0,0,0,0,75.74,117.9,0.16,1005,3.3000000000000003,228,1.5,0.0000,0.0000
2022,5,20,3,30,23.1,0,0,0,0,19.200000000000003,0,0,0,0,78.95,109.73,0.16,1005,3.2,227,1.4000000000000001,0.0000,0.0000
2022,5,20,4,30,22.6,0,0,0,0,19.3,0,0,0,0,81.43,99.86,0.16,1006,3.1,230,1.3,0.0000,0.0000
2022,5,20,5,30,23.1,11,42,12,0,19.3,11,42,0,12,79.21000000000001,88.53,0.16,1007,2.9000000000000004,233,1.3,0.0000,0.0000
2022,5,20,6,30,25.200000000000003,76,359,156,0,19.400000000000002,76,359,0,156,70.39,77.08,0.16,1007,2.7,239,1.6,7.5051,5.7457
2022,5,20,7,30,27.8,116,573,359,0,18.900000000000002,116,573,0,359,58.370000000000005,64.94,0.16,1008,2.5,242,1.9000000000000001,19.1570,14.9120
2022,5,20,8,30,30.3,138,703,565,0,17.7,138,703,0,565,46.87,52.550000000000004,0.16,1008,2.4000000000000004,235,2.2,32.3176,25.3231
2022,5,20,9,30,32.2,149,784,748,0,16.2,149,784,0,748,38.31,40.160000000000004,0.16,1008,2.4000000000000004,227,2.5,44.4916,34.9640
2022,5,20,10,30,33.5,154,832,887,0,14.8,154,832,0,887,32.47,28.18,0.16,1008,2.4000000000000004,222,2.8000000000000003,53.9257,42.4384
2022,5,20,11,30,34.6,159,852,970,0,13.8,159,852,0,970,28.6,17.88,0.16,1008,2.4000000000000004,220,2.9000000000000004,59.6182,46.9494
2022,5,20,12,30,35.300000000000004,162,853,990,0,12.9,186,818,0,980,26.09,14.02,0.16,1007,2.4000000000000004,218,3,60.3924,47.5666
2022,5,20,13,30,35.5,161,840,947,7,12.4,282,592,0,836,24.82,20.66,0.16,1007,2.5,217,3,51.2611,40.3625
2022,5,20,14,30,35.4,153,815,846,8,12,291,503,0,719,24.38,31.73,0.16,1007,2.5,216,2.9000000000000004,43.4817,34.2078
2022,5,20,15,30,34.800000000000004,137,779,698,0,12,137,779,0,698,25.14,43.9,0.16,1007,2.6,216,2.8000000000000003,41.1206,32.2932
2022,5,20,16,30,33.800000000000004,114,715,511,8,12.3,205,432,4,445,27.09,56.32,0.16,1007,2.7,216,2.6,25.0241,19.5801
2022,5,20,17,30,32,91,583,303,0,13,91,583,0,303,31.42,68.64,0.16,1007,2.8000000000000003,219,1.9000000000000001,15.6979,12.1759
2022,5,20,18,30,29,55,328,108,0,15,64,190,39,95,42.51,80.63,0.16,1008,2.9000000000000004,224,1.2000000000000002,0.0000,0.0000
2022,5,20,19,30,26.6,0,0,0,0,15.9,0,0,29,0,51.88,92.24,0.16,1009,3,223,0.9,0.0000,0.0000
2022,5,20,20,30,25.400000000000002,0,0,0,8,16.1,0,0,0,0,56.36,102.92,0.16,1009,3.2,213,0.9,0.0000,0.0000
2022,5,20,21,30,24.5,0,0,0,7,16.5,0,0,0,0,61.2,112.31,0.16,1010,3.2,198,0.9,0.0000,0.0000
2022,5,20,22,30,23.900000000000002,0,0,0,7,17.2,0,0,0,0,66.33,119.78,0.16,1010,3.4000000000000004,183,0.9,0.0000,0.0000
2022,5,20,23,30,23.700000000000003,0,0,0,7,17.900000000000002,0,0,0,0,69.98,124.53,0.16,1010,3.6,172,1.1,0.0000,0.0000
2022,5,21,0,30,23.700000000000003,0,0,0,6,18.900000000000002,0,0,0,0,74.64,125.81,0.16,1011,3.9000000000000004,171,1.3,0.0000,0.0000
2022,5,21,1,30,23.700000000000003,0,0,0,7,19.900000000000002,0,0,0,0,79.5,123.4,0.16,1011,4.1000000000000005,180,1.3,0.0000,0.0000
2022,5,21,2,30,23.6,0,0,0,7,20.700000000000003,0,0,0,0,83.86,117.73,0.16,1011,4.3,193,1.3,0.0000,0.0000
2022,5,21,3,30,23.400000000000002,0,0,0,7,21.1,0,0,0,0,86.97,109.58,0.16,1011,4.4,206,1.3,0.0000,0.0000
2022,5,21,4,30,23.200000000000003,0,0,0,7,21.400000000000002,0,0,0,0,89.36,99.73,0.16,1012,4.6000000000000005,216,1.3,0.0000,0.0000
2022,5,21,5,30,23.400000000000002,10,13,10,8,21.5,9,2,71,9,89.33,88.43,0.16,1013,4.6000000000000005,223,1.3,0.0000,0.0000
2022,5,21,6,30,24.3,90,239,144,8,21.8,110,62,14,124,85.82000000000001,76.98,0.16,1013,4.6000000000000005,228,1.5,5.9696,4.5710
2022,5,21,7,30,25.6,139,468,338,8,21.900000000000002,195,160,0,263,80.13,64.86,0.16,1013,4.5,232,1.8,14.0425,10.9316
2022,5,21,8,30,26.8,163,611,535,8,21.8,257,352,0,471,73.98,52.47,0.16,1013,4.6000000000000005,234,1.9000000000000001,26.9498,21.1176
2022,5,21,9,30,27.900000000000002,173,704,712,3,21.6,396,134,0,499,68.48,40.08,0.16,1014,4.7,231,1.8,29.6865,23.3296
2022,5,21,10,30,28.8,177,761,848,3,21.200000000000003,426,106,7,520,63.7,28.080000000000002,0.16,1014,4.800000000000001,223,1.8,31.6180,24.8829
2022,5,21,11,30,29.400000000000002,191,772,926,7,20.900000000000002,322,459,32,759,60.410000000000004,17.73,0.16,1014,4.800000000000001,212,1.8,46.6551,36.7412
2022,5,21,12,30,29.5,198,770,946,6,20.8,66,0,0,66,59.47,13.82,0.16,1014,4.800000000000001,203,1.9000000000000001,4.0677,3.2039
2022,5,21,13,30,29.3,197,757,906,9,20.8,63,0,0,63,60.33,20.51,0.16,1013,4.800000000000001,197,2.1,3.8635,3.0421
2022,5,21,14,30,28.900000000000002,186,732,809,6,21,129,0,0,129,62.54,31.61,0.16,1013,4.800000000000001,194,2.2,7.8028,6.1387
2022,5,21,15,30,28.5,167,688,664,6,21.3,256,39,0,284,64.95,43.79,0.16,1013,4.800000000000001,194,2.2,16.7361,13.1437
2022,5,21,16,30,27.8,144,610,483,9,21.5,37,0,0,37,68.51,56.21,0.16,1013,4.800000000000001,193,2,2.0818,1.6290
2022,5,21,17,30,26.700000000000003,112,471,284,6,21.900000000000002,99,8,0,102,74.79,68.53,0.16,1013,4.800000000000001,192,1.7000000000000002,5.2894,4.1032
2022,5,21,18,30,25.3,61,228,99,6,22.400000000000002,39,1,43,39,83.89,80.51,0.16,1014,4.9,192,1.4000000000000001,0.0000,0.0000
2022,5,21,19,30,24.200000000000003,1,2,1,6,22.5,0,0,29,0,90.38,92.10000000000001,0.16,1014,4.800000000000001,195,1.3,0.0000,0.0000
2022,5,21,20,30,23.6,0,0,0,6,22.5,0,0,0,0,93.84,102.76,0.16,1014,4.800000000000001,198,1.3,0.0000,0.0000
2022,5,21,21,30,23.1,0,0,0,7,22.5,0,0,0,0,96.69,112.14,0.16,1015,4.7,204,1.2000000000000002,0.0000,0.0000
2022,5,21,22,30,22.8,0,0,0,7,22.5,0,0,0,0,98,119.59,0.16,1015,4.6000000000000005,210,1.2000000000000002,0.0000,0.0000
2022,5,21,23,30,22.6,0,0,0,6,22.400000000000002,0,0,0,0,98.58,124.33,0.16,1015,4.5,215,1.3,0.0000,0.0000
2022,5,22,0,30,22.400000000000002,0,0,0,7,22.200000000000003,0,0,0,0,98.76,125.62,0.16,1014,4.4,218,1.3,0.0000,0.0000
2022,5,22,1,30,22.1,0,0,0,7,22,0,0,0,0,99.62,123.22,0.16,1014,4.3,217,1.3,0.0000,0.0000
2022,5,22,2,30,21.900000000000002,0,0,0,6,21.900000000000002,0,0,0,0,99.86,117.56,0.16,1014,4.2,216,1.3,0.0000,0.0000
2022,5,22,3,30,21.8,0,0,0,7,21.700000000000003,0,0,0,0,99.58,109.44,0.16,1014,4.1000000000000005,218,1.2000000000000002,0.0000,0.0000
2022,5,22,4,30,21.700000000000003,0,0,0,8,21.6,0,0,0,0,99.41,99.61,0.16,1015,4.2,223,1.1,0.0000,0.0000
2022,5,22,5,30,21.900000000000002,8,2,8,8,21.5,7,0,86,7,97.71000000000001,88.33,0.16,1015,4.2,229,1.1,0.0000,0.0000
2022,5,22,6,30,22.6,103,144,136,5,21.8,20,0,0,20,95.37,76.89,0.16,1016,4.3,232,1.2000000000000002,0.9634,0.7378
2022,5,22,7,30,23.6,178,332,320,8,22.200000000000003,92,3,0,93,91.60000000000001,64.77,0.16,1016,4.4,233,1.2000000000000002,4.9689,3.8684
2022,5,22,8,30,25.3,230,458,510,4,22.1,184,0,0,184,82.3,52.39,0.16,1016,4.4,235,1.3,10.5316,8.2527
2022,5,22,9,30,26.900000000000002,235,602,696,3,19.8,272,15,0,283,65.33,40,0.16,1016,4.4,230,1.6,16.8394,13.2337
2022,5,22,10,30,28.400000000000002,193,742,848,3,17.900000000000002,365,146,0,494,52.9,27.98,0.16,1016,4.4,218,1.8,30.0412,23.6422
2022,5,22,11,30,29.8,189,779,932,3,17.6,468,116,0,579,48.06,17.580000000000002,0.16,1015,4.4,209,2,35.5948,28.0313
2022,5,22,12,30,30.700000000000003,183,796,957,3,18.2,360,501,0,847,47.24,13.620000000000001,0.16,1015,4.4,206,2.2,52.2085,41.1213
2022,5,22,13,30,31.1,179,787,917,0,18.900000000000002,268,618,0,847,48.160000000000004,20.35,0.16,1014,4.4,209,2.4000000000000004,51.9503,40.9058
2022,5,22,14,30,31,178,748,816,0,19.3,220,644,4,769,49.65,31.490000000000002,0.16,1013,4.4,213,2.5,46.5234,36.6017
2022,5,22,15,30,30.5,172,683,666,0,19.5,198,625,0,650,52.04,43.68,0.16,1013,4.3,215,2.5,38.3162,30.0922
2022,5,22,16,30,29.900000000000002,161,571,479,0,19.8,169,538,0,469,54.730000000000004,56.1,0.16,1013,4.3,214,2.4000000000000004,26.4022,20.6603
2022,5,22,17,30,28.8,132,393,277,0,20,131,378,0,270,59.21,68.42,0.16,1013,4.2,210,2,14.0145,10.8729
2022,5,22,18,30,26.900000000000002,69,140,92,8,20.6,70,90,93,85,68.65,80.39,0.16,1014,4.2,201,1.4000000000000001,0.0000,0.0000
2022,5,22,19,30,25.1,1,0,1,8,21.400000000000002,1,0,29,1,79.97,91.97,0.16,1014,4.3,190,1,0.0000,0.0000
2022,5,22,20,30,24.200000000000003,0,0,0,7,21.8,0,0,0,0,86.27,102.62,0.16,1014,4.3,184,1,0.0000,0.0000
2022,5,22,21,30,23.6,0,0,0,7,22.1,0,0,0,0,91.26,111.97,0.16,1014,4.4,187,0.9,0.0000,0.0000
2022,5,22,22,30,23.1,0,0,0,7,22.3,0,0,0,0,95.11,119.41,0.16,1014,4.5,197,0.9,0.0000,0.0000
2022,5,22,23,30,22.900000000000002,0,0,0,7,22.3,0,0,0,0,96.56,124.13000000000001,0.16,1014,4.5,213,0.9,0.0000,0.0000
2022,5,23,0,30,22.6,0,0,0,4,22.200000000000003,0,0,0,0,97.42,125.42,0.16,1013,4.5,227,0.9,0.0000,0.0000
2022,5,23,1,30,22.200000000000003,0,0,0,8,22.1,0,0,0,0,99.33,123.04,0.16,1013,4.4,241,0.9,0.0000,0.0000
2022,5,23,2,30,21.900000000000002,0,0,0,8,21.900000000000002,0,0,0,0,100,117.4,0.16,1013,4.4,256,0.8,0.0000,0.0000
2022,5,23,3,30,21.8,0,0,0,8,21.8,0,0,0,0,99.89,109.3,0.16,1014,4.5,272,0.7000000000000001,0.0000,0.0000
2022,5,23,4,30,21.700000000000003,0,0,0,7,21.6,0,0,0,0,99.61,99.5,0.16,1014,4.5,290,0.6000000000000001,0.0000,0.0000
2022,5,23,5,30,22.1,6,1,6,8,21.5,6,1,86,6,96.41,88.24,0.16,1014,4.4,311,0.6000000000000001,0.0000,0.0000
2022,5,23,6,30,22.900000000000002,105,115,131,8,21.8,87,45,43,97,93.41,76.81,0.16,1014,4.3,313,0.6000000000000001,4.6752,3.5810
2022,5,23,7,30,24,188,305,318,8,21.900000000000002,231,99,0,273,87.89,64.7,0.16,1014,4.2,277,0.5,14.5936,11.3620
2022,5,23,8,30,25.6,237,448,511,7,20.8,308,98,0,368,74.76,52.32,0.16,1014,4.1000000000000005,221,0.6000000000000001,21.0692,16.5105
2022,5,23,9,30,27,268,541,683,7,19.200000000000003,298,17,0,311,62.32,39.92,0.16,1014,4.1000000000000005,189,0.9,18.5089,14.5459
2022,5,23,10,30,27.6,285,602,817,6,18.8,234,2,0,236,58.61,27.89,0.16,1013,4.2,188,1.1,14.3534,11.2961
2022,5,23,11,30,27.5,282,651,903,6,19.400000000000002,218,1,0,219,61.43,17.44,0.16,1013,4.3,187,1.2000000000000002,13.4647,10.6037
2022,5,23,12,30,27.200000000000003,290,650,922,7,20.200000000000003,460,128,0,584,65.69,13.43,0.16,1013,4.4,178,1.2000000000000002,36.0013,28.3561
2022,5,23,13,30,26.700000000000003,294,617,873,8,21,413,356,0,747,71.05,20.21,0.16,1012,4.5,163,1.4000000000000001,45.8226,36.0811
2022,5,23,14,30,26.200000000000003,265,609,785,8,21.700000000000003,385,358,0,691,76.39,31.37,0.16,1011,4.6000000000000005,152,1.8,41.8125,32.8958
2022,5,23,15,30,25.700000000000003,226,578,645,8,22.400000000000002,322,343,0,570,81.89,43.58,0.16,1010,4.6000000000000005,151,2.1,33.6096,26.3963
2022,5,23,16,30,25.3,184,510,469,6,22.8,78,1,0,79,86.2,55.99,0.16,1010,4.5,155,2.2,4.4497,3.4821
2022,5,23,17,30,24.700000000000003,137,377,276,9,22.900000000000002,10,0,0,10,89.62,68.3,0.16,1010,4.5,163,2.1,0.5196,0.4032
2022,5,23,18,30,24,70,150,95,6,22.700000000000003,14,0,43,14,92.38,80.27,0.16,1010,4.5,169,2,0.0000,0.0000
2022,5,23,19,30,23.3,1,0,1,6,22.400000000000002,1,0,29,1,94.54,91.84,0.16,1010,4.4,173,1.8,0.0000,0.0000
2022,5,23,20,30,22.700000000000003,0,0,0,7,22.200000000000003,0,0,0,0,97.05,102.47,0.16,1010,4.4,175,1.6,0.0000,0.0000
2022,5,23,21,30,22.3,0,0,0,7,22.1,0,0,0,0,98.73,111.81,0.16,1010,4.4,180,1.5,0.0000,0.0000
2022,5,23,22,30,22.1,0,0,0,7,21.900000000000002,0,0,0,0,98.99000000000001,119.23,0.16,1009,4.4,190,1.5,0.0000,0.0000
2022,5,23,23,30,21.900000000000002,0,0,0,7,21.8,0,0,0,0,99.65,123.95,0.16,1009,4.4,200,1.5,0.0000,0.0000
2022,5,24,0,30,21.8,0,0,0,7,21.8,0,0,0,0,99.7,125.23,0.16,1009,4.4,208,1.5,0.0000,0.0000
2022,5,24,1,30,21.700000000000003,0,0,0,7,21.6,0,0,0,0,99.68,122.86,0.16,1009,4.3,213,1.6,0.0000,0.0000
2022,5,24,2,30,21.5,0,0,0,8,21.5,0,0,0,0,100,117.25,0.16,1009,4.2,217,1.5,0.0000,0.0000
2022,5,24,3,30,21.3,0,0,0,7,21.3,0,0,0,0,100,109.17,0.16,1009,4.2,220,1.4000000000000001,0.0000,0.0000
2022,5,24,4,30,21,0,0,0,7,21,0,0,0,0,100,99.39,0.16,1009,4,223,1.2000000000000002,0.0000,0.0000
2022,5,24,5,30,21.200000000000003,13,29,14,7,20.900000000000002,10,0,86,10,98.11,88.16,0.16,1010,3.9000000000000004,227,1.2000000000000002,0.0000,0.0000
2022,5,24,6,30,21.8,83,323,157,7,21.200000000000003,77,7,0,79,96.39,76.73,0.16,1010,3.8000000000000003,235,1.3,3.8098,2.9185
2022,5,24,7,30,22.700000000000003,122,536,352,7,21.5,149,22,0,158,93.02,64.63,0.16,1011,3.8000000000000003,252,1.4000000000000001,8.4504,6.5795
2022,5,24,8,30,24.200000000000003,148,660,552,7,21.1,259,180,0,369,82.74,52.25,0.16,1011,3.7,263,1.4000000000000001,21.1325,16.5605
2022,5,24,9,30,26.200000000000003,164,734,728,7,20,289,400,0,596,68.76,39.85,0.16,1011,3.7,261,1.5,35.4763,27.8807
2022,5,24,10,30,28.1,174,778,862,8,19.200000000000003,351,389,0,695,58.6,27.8,0.16,1011,3.7,258,1.5,42.2747,33.2703
2022,5,24,11,30,29.5,179,800,943,8,19,384,378,14,745,53.24,17.31,0.16,1011,3.8000000000000003,257,1.4000000000000001,45.8092,36.0757
2022,5,24,12,30,30.400000000000002,190,791,960,8,18.8,349,179,0,523,49.95,13.24,0.16,1011,3.9000000000000004,252,1.2000000000000002,32.2443,25.3971
2022,5,24,13,30,30.8,201,760,915,0,18.5,245,678,0,882,47.97,20.06,0.16,1010,4,242,1.1,54.1111,42.6079
2022,5,24,14,30,30.8,196,725,816,3,18.3,367,298,0,622,47.34,31.26,0.16,1010,4.1000000000000005,229,1,37.6439,29.6165
2022,5,24,15,30,30.400000000000002,185,664,667,8,18.2,306,330,0,545,47.99,43.47,0.16,1010,4.2,219,0.9,32.1452,25.2467
2022,5,24,16,30,29.900000000000002,164,569,483,0,18.2,212,405,7,439,49.51,55.89,0.16,1010,4.3,214,0.8,24.7385,19.3601
2022,5,24,17,30,29.1,130,418,285,3,18.900000000000002,157,158,7,216,54.08,68.2,0.16,1010,4.3,211,0.5,11.2326,8.7167
2022,5,24,18,30,27.5,69,183,100,8,20,80,26,36,84,63.54,80.16,0.16,1011,4.4,123,0.30000000000000004,0.0000,0.0000
2022,5,24,19,30,25.900000000000002,1,1,1,0,20.1,1,1,0,1,70.32000000000001,91.71000000000001,0.15,1011,4.4,33,0.30000000000000004,0.0000,0.0000
2022,5,24,20,30,24.6,0,0,0,0,19.5,0,0,0,0,73.17,102.33,0.15,1012,4.4,32,0.7000000000000001,0.0000,0.0000
2022,5,24,21,30,23.5,0,0,0,8,18.900000000000002,0,0,0,0,75.41,111.65,0.15,1013,4.4,36,1.1,0.0000,0.0000
2022,5,24,22,30,22.400000000000002,0,0,0,7,18.5,0,0,0,0,78.53,119.06,0.15,1013,4.4,38,1.4000000000000001,0.0000,0.0000
2022,5,24,23,30,21.3,0,0,0,7,18.3,0,0,0,0,82.97,123.76,0.15,1013,4.3,42,1.7000000000000002,0.0000,0.0000
2022,5,25,0,30,20.3,0,0,0,7,17.900000000000002,0,0,0,0,85.92,125.05,0.15,1014,4.2,47,1.9000000000000001,0.0000,0.0000
2022,5,25,1,30,19.5,0,0,0,0,17.5,0,0,0,0,88.18,122.7,0.15,1014,4,50,1.8,0.0000,0.0000
2022,5,25,2,30,18.8,0,0,0,8,17.1,0,0,0,0,90.04,117.10000000000001,0.15,1014,3.9000000000000004,52,1.7000000000000002,0.0000,0.0000
2022,5,25,3,30,18.3,0,0,0,8,16.900000000000002,0,0,0,0,91.39,109.05,0.15,1014,3.7,53,1.5,0.0000,0.0000
2022,5,25,4,30,17.8,0,0,0,8,16.7,0,0,0,0,93.01,99.28,0.15,1015,3.6,55,1.4000000000000001,0.0000,0.0000
2022,5,25,5,30,18.1,14,24,15,7,16.400000000000002,8,0,86,8,89.94,88.07000000000001,0.15,1015,3.5,59,1.7000000000000002,0.0000,0.0000
2022,5,25,6,30,19.3,86,306,157,7,16,84,10,0,86,81.16,76.65,0.15,1015,3.4000000000000004,67,2.1,4.1498,3.1794
2022,5,25,7,30,21.200000000000003,128,528,355,8,15.700000000000001,193,62,11,220,70.97,64.56,0.15,1016,3.4000000000000004,73,2.1,11.7724,9.1666
2022,5,25,8,30,23.5,149,662,555,0,15.9,149,662,0,555,62.49,52.19,0.15,1016,3.3000000000000003,79,1.9000000000000001,31.7925,24.9146
2022,5,25,9,30,25.8,164,742,734,0,16.400000000000002,168,661,0,676,56.25,39.78,0.15,1015,3.3000000000000003,89,1.8,40.2448,31.6285
2022,5,25,10,30,27.6,173,786,869,3,17.2,229,197,0,403,53.160000000000004,27.72,0.15,1015,3.3000000000000003,103,1.8,24.5158,19.2942
2022,5,25,11,30,28.8,177,810,951,3,18,256,147,0,396,51.95,17.18,0.15,1015,3.4000000000000004,116,1.8,24.3520,19.1778
2022,5,25,12,30,29.700000000000003,178,815,972,0,18.3,314,479,0,781,50.29,13.06,0.15,1014,3.5,124,1.8,48.1555,37.9297
2022,5,25,13,30,30.3,175,804,931,3,18.3,288,349,0,616,48.61,19.92,0.15,1014,3.6,129,1.7000000000000002,37.7965,29.7618
2022,5,25,14,30,30.5,162,784,833,0,18.1,186,709,0,793,47.52,31.14,0.15,1013,3.7,131,1.7000000000000002,48.0020,37.7663
2022,5,25,15,30,30.3,147,741,686,0,17.900000000000002,147,741,0,686,47.58,43.37,0.15,1013,3.8000000000000003,129,1.7000000000000002,40.4727,31.7877
2022,5,25,16,30,29.6,128,665,502,0,17.8,153,487,0,427,49.07,55.78,0.15,1012,3.8000000000000003,123,1.7000000000000002,24.0750,18.8418
2022,5,25,17,30,28.400000000000002,101,539,302,0,17.7,104,419,0,260,52.480000000000004,68.09,0.15,1012,3.8000000000000003,116,1.7000000000000002,13.5332,10.5032
2022,5,25,18,30,26.3,59,305,112,0,18.5,59,305,0,112,62.34,80.04,0.15,1013,3.8000000000000003,111,1.4000000000000001,0.0000,0.0000
2022,5,25,19,30,24.6,2,5,2,0,18.8,2,5,0,2,70.17,91.58,0.15,1013,3.8000000000000003,112,1.4000000000000001,0.0000,0.0000
2022,5,25,20,30,23.8,0,0,0,0,18.7,0,0,0,0,72.93,102.19,0.15,1014,3.8000000000000003,118,1.5,0.0000,0.0000
2022,5,25,21,30,23,0,0,0,8,18.8,0,0,0,0,77.43,111.5,0.15,1014,3.7,123,1.4000000000000001,0.0000,0.0000
2022,5,25,22,30,22.200000000000003,0,0,0,8,19.200000000000003,0,0,0,0,83.13,118.89,0.15,1014,3.6,122,1.2000000000000002,0.0000,0.0000
2022,5,25,23,30,21.5,0,0,0,0,19.6,0,0,0,0,89.06,123.59,0.15,1014,3.6,118,1.1,0.0000,0.0000
2022,5,26,0,30,21,0,0,0,0,20,0,0,0,0,94.18,124.88000000000001,0.15,1014,3.6,113,1.1,0.0000,0.0000
2022,5,26,1,30,20.700000000000003,0,0,0,0,20.400000000000002,0,0,0,0,98.05,122.53,0.15,1014,3.7,107,1.2000000000000002,0.0000,0.0000
2022,5,26,2,30,20.8,0,0,0,8,20.5,0,0,0,0,98.29,116.96000000000001,0.15,1014,3.9000000000000004,104,1.4000000000000001,0.0000,0.0000
2022,5,26,3,30,20.900000000000002,0,0,0,7,20.5,0,0,0,0,97.60000000000001,108.93,0.15,1014,4.1000000000000005,102,1.5,0.0000,0.0000
2022,5,26,4,30,20.8,0,0,0,7,20.3,0,0,0,0,97.06,99.18,0.15,1014,4.3,101,1.6,0.0000,0.0000
2022,5,26,5,30,20.900000000000002,15,46,17,8,19.900000000000002,10,0,86,10,94.13,88,0.15,1014,4.4,105,2,0.0000,0.0000
2022,5,26,6,30,21.5,77,361,161,0,19.5,81,174,0,121,88.16,76.58,0.15,1014,4.4,109,2.3000000000000003,5.8416,4.4763
2022,5,26,7,30,22.5,114,562,356,7,19.6,95,24,39,105,83.47,64.5,0.15,1014,4.4,111,2.3000000000000003,5.6211,4.3771
2022,5,26,8,30,23.700000000000003,137,679,554,0,20.1,158,521,4,478,80.23,52.13,0.15,1014,4.3,119,2.3000000000000003,27.3883,21.4636
2022,5,26,9,30,25.1,155,744,727,0,20.6,170,669,0,685,76.14,39.72,0.15,1014,4.4,133,2.2,40.7863,32.0544
2022,5,26,10,30,26.400000000000002,165,783,859,8,20.8,357,131,7,473,71.16,27.64,0.15,1013,4.5,147,2.3000000000000003,28.7772,22.6481
2022,5,26,11,30,27.6,166,811,941,8,20.5,408,252,4,649,65.26,17.06,0.15,1012,4.5,155,2.4000000000000004,39.9137,31.4333
2022,5,26,12,30,28.400000000000002,164,821,964,8,20.200000000000003,277,573,14,836,61.29,12.89,0.15,1012,4.6000000000000005,162,2.4000000000000004,51.5516,40.6048
2022,5,26,13,30,28.6,163,808,923,8,20.1,296,402,7,674,60.03,19.78,0.15,1011,4.6000000000000005,168,2.4000000000000004,41.3604,32.5683
2022,5,26,14,30,28.400000000000002,158,778,825,8,20.1,357,207,0,534,60.78,31.03,0.15,1010,4.7,172,2.3000000000000003,32.3297,25.4362
2022,5,26,15,30,28.200000000000003,148,729,679,7,20.200000000000003,279,343,0,529,61.89,43.26,0.15,1010,4.7,174,2.1,31.2194,24.5205
2022,5,26,16,30,27.700000000000003,133,647,498,6,20.3,251,81,0,297,64.28,55.68,0.15,1009,4.6000000000000005,173,1.7000000000000002,16.7534,13.1122
2022,5,26,17,30,26.700000000000003,107,509,298,7,20.8,179,61,0,202,69.93,67.98,0.15,1009,4.4,168,1.4000000000000001,10.5240,8.1687
2022,5,26,18,30,25.6,64,269,111,7,20.900000000000002,60,7,29,61,75.34,79.93,0.15,1009,4.2,165,1.4000000000000001,2.9083,2.2165
2022,5,26,19,30,24.8,2,4,2,6,20.5,1,0,36,1,76.96000000000001,91.46000000000001,0.15,1008,4.1000000000000005,161,1.6,0.0000,0.0000
2022,5,26,20,30,24.1,0,0,0,7,20.3,0,0,0,0,79.38,102.05,0.15,1008,4.1000000000000005,156,1.8,0.0000,0.0000
2022,5,26,21,30,23.400000000000002,0,0,0,7,20.3,0,0,0,0,82.9,111.34,0.15,1008,4.4,156,1.8,0.0000,0.0000
2022,5,26,22,30,22.900000000000002,0,0,0,7,20.700000000000003,0,0,0,0,87.48,118.73,0.15,1008,4.7,162,1.8,0.0000,0.0000
2022,5,26,23,30,22.700000000000003,0,0,0,7,21.5,0,0,0,0,92.68,123.41,0.15,1008,4.9,171,1.8,0.0000,0.0000
2022,5,27,0,30,22.700000000000003,0,0,0,7,22,0,0,0,0,95.91,124.71000000000001,0.15,1007,5.1000000000000005,179,1.8,0.0000,0.0000
2022,5,27,1,30,22.700000000000003,0,0,0,8,22.3,0,0,0,0,97.4,122.38,0.15,1007,5.1000000000000005,186,1.8,0.0000,0.0000
2022,5,27,2,30,22.700000000000003,0,0,0,8,22.3,0,0,0,0,97.85000000000001,116.83,0.15,1006,5.1000000000000005,194,1.8,0.0000,0.0000
2022,5,27,3,30,22.6,0,0,0,7,22.400000000000002,0,0,0,0,98.75,108.82000000000001,0.15,1006,5,202,1.8,0.0000,0.0000
2022,5,27,4,30,22.400000000000002,0,0,0,6,22.3,0,0,0,0,99.51,99.09,0.15,1006,4.7,208,1.6,0.0000,0.0000
2022,5,27,5,30,22.3,15,34,16,8,22,13,4,82,13,98.26,87.93,0.15,1007,4.5,211,1.6,0.0000,0.0000
2022,5,27,6,30,22.700000000000003,79,348,160,0,21.900000000000002,81,335,0,159,95.27,76.52,0.15,1007,4.3,212,1.8,7.6795,5.8853
2022,5,27,7,30,23.700000000000003,113,571,359,0,21.900000000000002,116,374,0,277,89.83,64.44,0.15,1007,4.1000000000000005,217,2.2,14.8354,11.5527
2022,5,27,8,30,25.400000000000002,129,698,558,3,21.400000000000002,256,33,0,276,78.61,52.08,0.15,1006,4,222,2.5,15.8173,12.3959
2022,5,27,9,30,27.1,136,780,736,3,20.400000000000002,277,104,0,357,66.61,39.67,0.15,1006,4,226,2.5,21.2589,16.7078
2022,5,27,10,30,28.400000000000002,136,833,874,4,19.8,285,3,0,288,59.65,27.57,0.15,1005,3.9000000000000004,227,2.5,17.5235,13.7913
2022,5,27,11,30,29.3,136,859,958,3,19.200000000000003,448,105,0,548,54.71,16.95,0.15,1005,3.7,227,2.5,33.7049,26.5438
2022,5,27,12,30,30,137,870,986,0,18.400000000000002,137,870,0,986,49.78,12.72,0.15,1004,3.4000000000000004,226,2.6,60.8068,47.8950
2022,5,27,13,30,30.400000000000002,136,865,951,0,17.5,136,865,0,951,45.95,19.650000000000002,0.15,1004,3.1,227,2.6,58.3653,45.9587
2022,5,27,14,30,30.5,132,844,856,0,16.6,168,758,4,818,43.2,30.92,0.15,1003,2.8000000000000003,228,2.6,49.5323,38.9711
2022,5,27,15,30,30.3,124,800,708,0,15.8,151,694,0,657,41.660000000000004,43.160000000000004,0.15,1003,2.7,228,2.5,38.7839,30.4625
2022,5,27,16,30,29.700000000000003,113,720,520,0,15.200000000000001,113,720,0,520,41.31,55.58,0.15,1003,2.7,225,2.5,29.3466,22.9693
2022,5,27,17,30,28.3,96,577,313,3,14.9,147,278,7,252,44.17,67.88,0.15,1003,2.7,222,2.1,13.1399,10.2003
2022,5,27,18,30,25.8,60,318,116,0,16.1,63,272,7,111,54.92,79.82000000000001,0.15,1003,2.7,218,1.5,5.2913,4.0331
2022,5,27,19,30,23.8,2,5,2,0,16.2,2,2,11,2,62.56,91.33,0.15,1003,2.7,216,1.3,0.0000,0.0000
2022,5,27,20,30,22.900000000000002,0,0,0,3,15.9,0,0,0,0,64.59,101.91,0.15,1004,2.7,220,1.4000000000000001,0.0000,0.0000
2022,5,27,21,30,22.200000000000003,0,0,0,3,15.8,0,0,0,0,67.27,111.2,0.15,1004,2.7,230,1.4000000000000001,0.0000,0.0000
2022,5,27,22,30,21.5,0,0,0,3,16,0,0,0,0,70.73,118.57000000000001,0.15,1004,2.7,244,1.4000000000000001,0.0000,0.0000
2022,5,27,23,30,20.8,0,0,0,3,16.2,0,0,0,0,74.95,123.25,0.15,1004,2.7,261,1.3,0.0000,0.0000
2022,5,28,0,30,20.200000000000003,0,0,0,3,16.6,0,0,0,0,79.61,124.55,0.15,1004,2.6,278,1.2000000000000002,0.0000,0.0000
2022,5,28,1,30,19.6,0,0,0,0,16.900000000000002,0,0,0,0,84.21000000000001,122.23,0.15,1004,2.6,297,1.1,0.0000,0.0000
2022,5,28,2,30,18.900000000000002,0,0,0,0,17,0,0,0,0,88.94,116.7,0.15,1004,2.6,314,0.9,0.0000,0.0000
2022,5,28,3,30,18.2,0,0,0,0,17.2,0,0,0,0,93.64,108.71000000000001,0.15,1004,2.6,329,0.9,0.0000,0.0000
2022,5,28,4,30,17.900000000000002,0,0,0,0,17.1,0,0,0,0,95.37,99,0.15,1005,2.5,343,0.8,0.0000,0.0000
2022,5,28,5,30,19,16,72,19,0,17.1,16,72,0,19,88.47,87.86,0.15,1005,2.5,178,1.1,0.0000,0.0000
2022,5,28,6,30,21.5,69,447,174,0,16.900000000000002,69,447,0,174,74.88,76.46000000000001,0.15,1006,2.5,16,1.5,8.4077,6.4441
2022,5,28,7,30,23.900000000000002,97,653,379,0,14.9,97,653,0,379,57.2,64.39,0.15,1006,2.4000000000000004,29,1.5,20.3055,15.8130
2022,5,28,8,30,26.3,114,764,584,0,13.9,114,764,0,584,46.480000000000004,52.03,0.15,1006,2.4000000000000004,21,0.9,33.4753,26.2348
2022,5,28,9,30,28.400000000000002,124,830,763,0,13.700000000000001,124,830,0,763,40.62,39.62,0.15,1006,2.4000000000000004,142,0.5,45.4410,35.7132
2022,5,28,10,30,29.900000000000002,128,869,899,0,14.100000000000001,128,869,0,899,38.15,27.51,0.15,1006,2.4000000000000004,263,0.7000000000000001,54.7045,43.0537
2022,5,28,11,30,31,132,888,982,0,14.600000000000001,132,888,0,982,36.97,16.84,0.15,1005,2.5,249,0.8,60.4031,47.5697
2022,5,28,12,30,31.8,133,890,1002,0,14.9,133,890,0,1002,35.97,12.55,0.15,1005,2.6,248,0.9,61.7991,48.6768
2022,5,28,13,30,32.300000000000004,133,877,960,0,15,185,793,0,932,35.160000000000004,19.51,0.15,1004,2.7,252,0.8,57.2061,45.0463
2022,5,28,14,30,32.300000000000004,128,853,861,0,15,128,853,0,861,35.25,30.82,0.15,1004,2.7,255,0.7000000000000001,52.1442,41.0265
2022,5,28,15,30,32,118,811,711,0,15,118,811,0,711,35.85,43.06,0.15,1003,2.7,260,0.6000000000000001,41.9829,32.9758
2022,5,28,16,30,31.400000000000002,105,740,524,0,15.100000000000001,105,740,0,524,37.43,55.480000000000004,0.15,1003,2.8000000000000003,272,0.5,29.5864,23.1579
2022,5,28,17,30,30.400000000000002,86,617,319,0,15.600000000000001,86,617,0,319,40.69,67.77,0.15,1004,2.7,297,0.30000000000000004,16.6487,12.9256
2022,5,28,18,30,28.700000000000003,54,378,122,0,16.6,54,378,0,122,48.09,79.71000000000001,0.15,1004,2.7,335,0.30000000000000004,5.8152,4.4329
2022,5,28,19,30,27,3,12,3,0,17.6,3,12,0,3,56.410000000000004,91.21000000000001,0.14,1005,2.7,183,0.5,0.0000,0.0000
2022,5,28,20,30,25.5,0,0,0,0,17.400000000000002,0,0,0,0,61.01,101.78,0.14,1006,2.7,16,0.6000000000000001,0.0000,0.0000
2022,5,28,21,30,24.1,0,0,0,0,17.3,0,0,0,0,65.88,111.05,0.14,1006,2.7,29,0.7000000000000001,0.0000,0.0000
2022,5,28,22,30,23,0,0,0,0,17.3,0,0,0,0,70.35000000000001,118.41,0.14,1007,2.7,44,0.7000000000000001,0.0000,0.0000
2022,5,28,23,30,22.200000000000003,0,0,0,0,17.2,0,0,0,0,73.21000000000001,123.09,0.14,1007,2.7,59,0.7000000000000001,0.0000,0.0000
2022,5,29,0,30,21.400000000000002,0,0,0,0,17.3,0,0,0,0,77.36,124.39,0.14,1007,2.7,74,0.7000000000000001,0.0000,0.0000
2022,5,29,1,30,20.700000000000003,0,0,0,0,17.400000000000002,0,0,0,0,81.56,122.09,0.14,1007,2.7,86,0.8,0.0000,0.0000
2022,5,29,2,30,20.1,0,0,0,0,17.7,0,0,0,0,85.89,116.58,0.14,1007,2.7,92,0.8,0.0000,0.0000
2022,5,29,3,30,19.700000000000003,0,0,0,0,17.900000000000002,0,0,0,0,89.59,108.61,0.14,1007,2.6,93,0.7000000000000001,0.0000,0.0000
2022,5,29,4,30,19.5,0,0,0,0,18.3,0,0,0,0,92.81,98.92,0.14,1008,2.6,90,0.7000000000000001,0.0000,0.0000
2022,5,29,5,30,20.700000000000003,16,68,19,0,18.8,16,68,0,19,88.73,87.8,0.14,1008,2.6,84,0.9,0.0000,0.0000
2022,5,29,6,30,23.400000000000002,71,420,170,0,19.5,71,420,0,170,78.75,76.4,0.14,1009,2.6,84,1,8.2181,6.2995
2022,5,29,7,30,26.6,105,614,371,0,19.700000000000003,105,614,0,371,66,64.34,0.14,1009,2.7,101,0.8,19.8841,15.4854
2022,5,29,8,30,29.3,127,721,571,0,18.8,127,721,0,571,53.09,51.99,0.14,1009,2.7,136,0.5,32.7355,25.6552
2022,5,29,9,30,31.1,153,765,743,0,17.6,153,765,0,743,44.51,39.58,0.14,1009,2.8000000000000003,169,0.4,44.2540,34.7805
2022,5,29,10,30,32.2,180,777,870,0,16.7,201,733,0,851,39.61,27.45,0.14,1009,2.9000000000000004,174,0.30000000000000004,51.7877,40.7584
2022,5,29,11,30,33,190,796,952,0,16.1,223,724,0,916,36.45,16.740000000000002,0.14,1009,2.9000000000000004,155,0.4,56.3475,44.3760
2022,5,29,12,30,33.6,199,788,969,3,15.8,417,274,0,685,34.57,12.4,0.14,1008,3,142,0.7000000000000001,42.2512,33.2799
2022,5,29,13,30,33.7,210,759,926,0,15.8,210,759,0,926,34.19,19.39,0.14,1008,3,141,1,56.8437,44.7612
2022,5,29,14,30,33.5,202,728,828,0,15.8,202,728,0,828,34.64,30.71,0.14,1008,3.1,143,1.2000000000000002,50.1542,39.4612
2022,5,29,15,30,33,185,676,680,0,15.8,185,676,0,680,35.76,42.97,0.14,1007,3.2,144,1.4000000000000001,40.1621,31.5462
2022,5,29,16,30,32.1,161,593,498,0,16,161,593,0,498,38.04,55.38,0.14,1007,3.2,142,1.5,28.1316,22.0202
2022,5,29,17,30,30.6,123,462,299,0,16.900000000000002,123,462,0,299,43.93,67.67,0.14,1008,3.3000000000000003,142,1.4000000000000001,15.6178,12.1265
2022,5,29,18,30,28.3,68,241,112,0,18.5,68,241,0,112,55.36,79.60000000000001,0.14,1008,3.3000000000000003,145,1.3,5.3383,4.0699
2022,5,29,19,30,26.400000000000002,3,6,3,0,18.7,3,6,0,3,62.690000000000005,91.09,0.13,1009,3.3000000000000003,151,1.4000000000000001,0.0000,0.0000
2022,5,29,20,30,25.5,0,0,0,3,18.5,0,0,0,0,65.08,101.65,0.13,1009,3.4000000000000004,158,1.6,0.0000,0.0000
2022,5,29,21,30,24.6,0,0,0,3,18.7,0,0,0,0,69.53,110.91,0.13,1010,3.4000000000000004,164,1.5,0.0000,0.0000
2022,5,29,22,30,23.700000000000003,0,0,0,3,19.1,0,0,0,0,75.44,118.26,0.13,1011,3.4000000000000004,169,1.3,0.0000,0.0000
2022,5,29,23,30,22.8,0,0,0,0,19.6,0,0,0,0,82.15,122.93,0.13,1011,3.3000000000000003,172,1,0.0000,0.0000
2022,5,30,0,30,22,0,0,0,0,20.1,0,0,0,0,89.16,124.24000000000001,0.13,1011,3.2,175,0.8,0.0000,0.0000
2022,5,30,1,30,21.400000000000002,0,0,0,0,20.5,0,0,0,0,94.59,121.95,0.13,1011,3.1,175,0.7000000000000001,0.0000,0.0000
2022,5,30,2,30,20.900000000000002,0,0,0,0,20.700000000000003,0,0,0,0,99.01,116.46000000000001,0.13,1011,3,172,0.7000000000000001,0.0000,0.0000
2022,5,30,3,30,20.700000000000003,0,0,0,0,20.700000000000003,0,0,0,0,100,108.51,0.13,1011,2.9000000000000004,159,0.7000000000000001,0.0000,0.0000
2022,5,30,4,30,20.700000000000003,0,0,0,0,20.700000000000003,0,0,0,0,100,98.84,0.13,1011,2.8000000000000003,133,0.8,0.0000,0.0000
2022,5,30,5,30,21.900000000000002,17,75,20,0,21.1,17,75,0,20,95.32000000000001,87.74,0.13,1012,2.8000000000000003,100,0.9,0.0000,0.0000
2022,5,30,6,30,24.3,67,453,174,0,21.700000000000003,67,453,0,174,85.38,76.35000000000001,0.13,1012,2.8000000000000003,91,1,8.4147,6.4507
2022,5,30,7,30,26.700000000000003,93,654,377,0,20.900000000000002,93,654,0,377,70.36,64.3,0.13,1013,2.8000000000000003,100,1.1,20.2114,15.7409
2022,5,30,8,30,28.6,111,757,578,0,19.8,111,757,0,578,58.910000000000004,51.95,0.13,1013,2.8000000000000003,109,1.4000000000000001,33.1421,25.9742
2022,5,30,9,30,29.900000000000002,123,821,756,0,19.400000000000002,123,821,0,756,53.51,39.53,0.13,1013,2.9000000000000004,118,1.6,45.0335,35.3934
2022,5,30,10,30,30.8,127,860,891,0,19.200000000000003,127,860,0,891,49.93,27.400000000000002,0.13,1013,3,124,1.8,54.2255,42.6771
2022,5,30,11,30,31.400000000000002,131,878,972,0,18.8,131,878,0,972,47.07,16.65,0.13,1012,3,130,1.9000000000000001,59.7962,47.0921
2022,5,30,12,30,31.700000000000003,135,878,993,0,18.400000000000002,135,878,0,993,45.25,12.25,0.13,1012,3.1,136,2,61.2536,48.2476
2022,5,30,13,30,31.700000000000003,138,862,952,0,18.1,138,862,0,952,44.51,19.26,0.13,1012,3.1,142,2,58.4462,46.0234
2022,5,30,14,30,31.400000000000002,134,838,855,0,17.900000000000002,181,738,11,816,44.67,30.61,0.13,1011,3.1,147,1.9000000000000001,49.4349,38.8956
2022,5,30,15,30,30.900000000000002,125,794,707,0,17.8,125,794,0,707,45.57,42.87,0.13,1011,3.1,151,1.8,41.7679,32.8081
2022,5,30,16,30,30.1,112,720,522,0,17.7,112,720,0,522,47.46,55.29,0.13,1011,3.1,154,1.6,29.4999,23.0920
2022,5,30,17,30,28.8,91,594,318,8,18,154,365,7,293,52.18,67.57000000000001,0.13,1011,3.1,157,1.2000000000000002,15.3171,11.8942
2022,5,30,18,30,26.700000000000003,58,357,123,8,19.5,90,100,29,108,64.82000000000001,79.49,0.13,1011,3.1,162,0.9,5.1476,3.9251
2022,5,30,19,30,25,4,13,4,8,19.700000000000003,3,0,43,3,72.29,90.98,0.13,1012,3.1,167,0.8,0.0000,0.0000
2022,5,30,20,30,24.200000000000003,0,0,0,0,19.6,0,0,0,0,75.38,101.53,0.13,1012,3.2,168,0.8,0.0000,0.0000
2022,5,30,21,30,23.5,0,0,0,0,19.700000000000003,0,0,0,0,79.5,110.77,0.13,1012,3.2,169,0.8,0.0000,0.0000
2022,5,30,22,30,22.900000000000002,0,0,0,0,20,0,0,0,0,83.84,118.11,0.13,1012,3.3000000000000003,173,0.8,0.0000,0.0000
2022,5,30,23,30,22.3,0,0,0,0,20.3,0,0,0,0,88.54,122.78,0.13,1012,3.3000000000000003,179,0.8,0.0000,0.0000
2022,5,31,0,30,21.8,0,0,0,0,20.5,0,0,0,0,92.29,124.09,0.13,1012,3.3000000000000003,186,0.8,0.0000,0.0000
2022,5,31,1,30,21.700000000000003,0,0,0,0,20.6,0,0,0,0,93.42,121.82000000000001,0.13,1012,3.2,195,0.7000000000000001,0.0000,0.0000
2022,5,31,2,30,21.700000000000003,0,0,0,0,20.6,0,0,0,0,93.74,116.35000000000001,0.13,1012,3.2,216,0.6000000000000001,0.0000,0.0000
2022,5,31,3,30,21.5,0,0,0,0,20.700000000000003,0,0,0,0,94.98,108.42,0.13,1012,3.1,270,0.5,0.0000,0.0000
2022,5,31,4,30,21.1,0,0,0,0,20.6,0,0,0,0,96.86,98.77,0.13,1013,3,322,0.6000000000000001,0.0000,0.0000
2022,5,31,5,30,21.700000000000003,17,76,20,0,20.5,17,76,0,20,92.82000000000001,87.69,0.13,1013,3,339,0.7000000000000001,0.0000,0.0000
2022,5,31,6,30,23.8,69,444,174,0,20.900000000000002,69,444,0,174,83.69,76.31,0.13,1013,3,331,0.7000000000000001,8.4172,6.4532
2022,5,31,7,30,26.200000000000003,95,646,376,0,20.6,95,646,0,376,71.17,64.26,0.13,1013,2.9000000000000004,327,0.6000000000000001,20.1636,15.7041
2022,5,31,8,30,28.6,111,757,578,0,19.6,111,757,0,578,58.34,51.92,0.13,1013,2.9000000000000004,346,0.5,33.1461,25.9776
2022,5,31,9,30,30.700000000000003,122,819,754,0,18.3,122,819,0,754,47.64,39.5,0.13,1013,2.9000000000000004,203,0.30000000000000004,44.9174,35.3023
2022,5,31,10,30,32.4,133,850,888,0,17,133,850,0,888,39.800000000000004,27.35,0.13,1012,3,71,0.30000000000000004,54.0465,42.5364
2022,5,31,11,30,33.6,141,864,969,0,16.2,141,864,0,969,35.34,16.56,0.13,1012,3,98,0.4,59.6155,46.9500
2022,5,31,12,30,34.300000000000004,152,854,987,0,15.9,152,854,0,987,33.33,12.1,0.13,1011,3.1,104,0.6000000000000001,60.8882,47.9600
2022,5,31,13,30,34.4,161,828,943,0,15.8,161,828,0,943,33.08,19.14,0.13,1010,3.2,111,0.7000000000000001,57.8996,45.5932
2022,5,31,14,30,34,155,800,844,0,16,178,764,4,836,34.13,30.51,0.13,1010,3.3000000000000003,118,0.9,50.6543,39.8554
2022,5,31,15,30,33.300000000000004,143,756,698,0,16.2,227,536,7,620,35.980000000000004,42.78,0.13,1009,3.3000000000000003,123,0.9,36.6369,28.7783
2022,5,31,16,30,32.6,128,678,515,0,16.400000000000002,128,678,0,515,37.87,55.19,0.13,1009,3.3000000000000003,126,0.9,29.1179,22.7939
2022,5,31,17,30,31.5,103,551,314,0,16.8,103,551,0,314,41.47,67.47,0.13,1009,3.3000000000000003,132,0.9,16.4284,12.7585
2022,5,31,18,30,29.5,62,327,122,8,18.2,73,102,29,92,50.61,79.39,0.13,1010,3.2,145,0.8,4.3852,3.3442
2022,5,31,19,30,27.400000000000002,4,12,4,3,19.5,3,1,39,3,62.11,90.87,0.14,1010,3.2,162,0.9,0.0000,0.0000
2022,5,31,20,30,26.1,0,0,0,3,18.900000000000002,0,0,0,0,64.51,101.4,0.14,1010,3.1,179,0.9,0.0000,0.0000
2022,5,31,21,30,25,0,0,0,0,18.7,0,0,0,0,67.99,110.64,0.14,1010,3,196,1,0.0000,0.0000
2022,5,31,22,30,24.1,0,0,0,0,18.5,0,0,0,0,71.08,117.97,0.14,1010,3,209,1,0.0000,0.0000
2022,5,31,23,30,23.400000000000002,0,0,0,0,18.3,0,0,0,0,73.27,122.64,0.14,1010,2.9000000000000004,222,1.1,0.0000,0.0000
2022,6,1,0,30,22.700000000000003,0,0,0,0,18.3,0,0,0,0,76.14,123.96000000000001,0.14,1009,2.9000000000000004,232,1.1,0.0000,0.0000
2022,6,1,1,30,22.1,0,0,0,0,18.3,0,0,0,0,78.92,121.7,0.14,1009,2.9000000000000004,244,1.1,0.0000,0.0000
2022,6,1,2,30,21.5,0,0,0,0,18.3,0,0,0,0,81.86,116.25,0.14,1009,2.9000000000000004,257,1.1,0.0000,0.0000
2022,6,1,3,30,20.900000000000002,0,0,0,0,18.2,0,0,0,0,84.42,108.34,0.14,1009,2.8000000000000003,269,1,0.0000,0.0000
2022,6,1,4,30,20.6,0,0,0,0,18,0,0,0,0,85.27,98.7,0.14,1009,2.8000000000000003,278,1,0.0000,0.0000
2022,6,1,5,30,21.6,17,76,20,0,18,17,76,0,20,80.01,87.64,0.14,1009,2.7,282,1.2000000000000002,0.0000,0.0000
2022,6,1,6,30,24.200000000000003,70,437,174,0,18,70,437,0,174,68.13,76.27,0.14,1010,2.7,285,1.4000000000000001,8.4198,6.4556
2022,6,1,7,30,27.6,100,635,376,0,18,100,635,0,376,55.92,64.23,0.14,1010,2.7,293,1.6,20.1679,15.7078
2022,6,1,8,30,30.8,119,746,579,0,16.2,119,746,0,579,41.45,51.89,0.14,1010,2.7,302,1.7000000000000002,33.2074,26.0259
2022,6,1,9,30,32.800000000000004,130,812,757,0,15.700000000000001,130,812,0,757,35.77,39.47,0.14,1009,2.6,303,1.4000000000000001,45.0992,35.4454
2022,6,1,10,30,34.300000000000004,138,850,893,0,15.700000000000001,138,850,0,893,33.01,27.310000000000002,0.14,1009,2.7,297,1.1,54.3537,42.7783
2022,6,1,11,30,35.5,141,871,976,0,15.600000000000001,141,871,0,976,30.72,16.48,0.14,1008,2.7,287,0.9,60.0495,47.2920
2022,6,1,12,30,36.2,142,876,999,0,15.4,142,876,0,999,29.080000000000002,11.96,0.14,1007,2.7,268,0.6000000000000001,61.6328,48.5467
2022,6,1,13,30,36.6,140,866,959,0,15.100000000000001,140,866,0,959,27.85,19.02,0.14,1006,2.7,234,0.5,58.8879,46.3717
2022,6,1,14,30,36.6,134,843,861,0,14.8,134,843,0,861,27.43,30.41,0.14,1005,2.8000000000000003,203,0.6000000000000001,52.1770,41.0539
2022,6,1,15,30,36.1,125,798,712,0,14.700000000000001,125,798,0,712,28.04,42.68,0.14,1005,2.8000000000000003,189,0.7000000000000001,42.0845,33.0579
2022,6,1,16,30,35.300000000000004,113,720,525,0,14.700000000000001,113,720,0,525,29.2,55.1,0.14,1004,2.9000000000000004,186,0.8,29.6958,23.2471
2022,6,1,17,30,33.7,93,589,320,0,15.200000000000001,93,589,0,320,33.02,67.38,0.14,1004,2.9000000000000004,189,0.8,16.7547,13.0130
2022,6,1,18,30,31,59,353,125,0,17.6,59,353,0,125,44.84,79.29,0.14,1005,3,198,0.8,5.9587,4.5448
2022,6,1,19,30,28.400000000000002,4,14,4,0,19.200000000000003,4,14,0,4,57.31,90.19,0.14,1005,3.1,209,0.9,0.0000,0.0000
2022,6,1,20,30,27.200000000000003,0,0,0,0,18.1,0,0,0,0,57.730000000000004,101.28,0.14,1005,3.1,221,1,0.0000,0.0000
2022,6,1,21,30,26.5,0,0,0,0,18.1,0,0,0,0,60.1,110.51,0.14,1006,3.2,230,1.2000000000000002,0.0000,0.0000
2022,6,1,22,30,25.700000000000003,0,0,0,0,18.2,0,0,0,0,63.32,117.84,0.14,1006,3.2,236,1.2000000000000002,0.0000,0.0000
2022,6,1,23,30,24.8,0,0,0,0,18.3,0,0,0,0,67.19,122.5,0.14,1005,3.1,239,1.2000000000000002,0.0000,0.0000
2022,6,2,0,30,23.900000000000002,0,0,0,0,18.3,0,0,0,0,71.10000000000001,123.83,0.14,1005,3,242,1.1,0.0000,0.0000
2022,6,2,1,30,23.1,0,0,0,0,18.3,0,0,0,0,74.63,121.58,0.14,1005,2.9000000000000004,246,1.1,0.0000,0.0000
2022,6,2,2,30,22.400000000000002,0,0,0,0,18.3,0,0,0,0,77.75,116.15,0.14,1005,2.8000000000000003,250,1.1,0.0000,0.0000
2022,6,2,3,30,21.700000000000003,0,0,0,0,18.3,0,0,0,0,81,108.26,0.14,1005,2.7,253,1,0.0000,0.0000
2022,6,2,4,30,21.200000000000003,0,0,0,0,18.3,0,0,0,0,83.7,98.64,0.14,1005,2.7,254,1,0.0000,0.0000
2022,6,2,5,30,22.200000000000003,17,87,21,0,18.5,17,87,0,21,79.7,87.59,0.14,1005,2.7,254,1.2000000000000002,0.0000,0.0000
2022,6,2,6,30,24.700000000000003,66,462,176,0,18.7,66,462,0,176,69.23,76.23,0.14,1005,2.7,250,1.2000000000000002,8.5192,6.5323
2022,6,2,7,30,28.5,94,658,380,0,18.900000000000002,94,658,0,380,55.93,64.2,0.14,1005,2.7,262,1.4000000000000001,20.3869,15.8787
2022,6,2,8,30,32.2,109,764,581,0,15.9,109,764,0,581,37.44,51.86,0.14,1005,2.7,279,1.7000000000000002,33.3261,26.1192
2022,6,2,9,30,34.300000000000004,121,823,757,0,14.100000000000001,121,823,0,757,29.66,39.44,0.14,1004,2.8000000000000003,275,1.7000000000000002,45.1023,35.4480
2022,6,2,10,30,35.6,131,857,893,0,13.700000000000001,131,857,0,893,27,27.27,0.14,1004,2.8000000000000003,264,1.7000000000000002,54.3565,42.7807
2022,6,2,11,30,36.6,136,876,976,3,13.8,335,483,0,798,25.73,16.41,0.14,1003,2.8000000000000003,253,1.8,49.1003,38.6691
2022,6,2,12,30,37.2,141,875,997,3,14.200000000000001,375,449,0,814,25.46,11.83,0.14,1002,2.8000000000000003,245,1.9000000000000001,50.2226,39.5593
2022,6,2,13,30,37.4,146,856,956,2,14.4,337,505,7,815,25.52,18.91,0.14,1001,2.8000000000000003,237,2,50.0501,39.4125
2022,6,2,14,30,37.300000000000004,141,831,858,3,14.5,315,437,7,692,25.87,30.310000000000002,0.14,1001,2.8000000000000003,231,2,41.9419,33.0010
2022,6,2,15,30,36.7,132,784,709,0,14.5,132,784,0,709,26.740000000000002,42.59,0.14,1000,2.9000000000000004,227,2.1,41.9171,32.9270
2022,6,2,16,30,35.7,120,705,524,0,14.5,125,694,4,523,28.18,55.01,0.14,1000,3,225,2.1,29.5950,23.1690
2022,6,2,17,30,33.9,99,573,320,3,14.8,167,245,0,262,31.75,67.28,0.14,1000,3,223,1.8,13.7291,10.6642
2022,6,2,18,30,31,62,336,125,0,16.900000000000002,62,336,0,125,42.83,79.19,0.14,1001,3.2,218,1.5,5.9594,4.5459
2022,6,2,19,30,28.700000000000003,4,14,4,0,18.1,4,14,0,4,52.68,90.10000000000001,0.14,1001,3.3000000000000003,216,1.4000000000000001,0.0000,0.0000
2022,6,2,20,30,27.8,0,0,0,8,18.1,0,0,0,0,55.71,101.17,0.14,1002,3.6,217,1.5,0.0000,0.0000
2022,6,2,21,30,27.3,0,0,0,8,18.6,0,0,0,0,59.1,110.39,0.14,1002,3.8000000000000003,221,1.4000000000000001,0.0000,0.0000
2022,6,2,22,30,26.700000000000003,0,0,0,8,19.3,0,0,0,0,64.05,117.71000000000001,0.14,1002,3.9000000000000004,225,1.2000000000000002,0.0000,0.0000
2022,6,2,23,30,26,0,0,0,8,20,0,0,0,0,69.51,122.37,0.14,1002,4.1000000000000005,226,1.1,0.0000,0.0000
2022,6,3,0,30,25.5,0,0,0,0,20.3,0,0,0,0,73.13,123.7,0.14,1002,4.2,227,1,0.0000,0.0000
2022,6,3,1,30,24.900000000000002,0,0,0,0,20.5,0,0,0,0,76.72,121.47,0.14,1002,4.2,233,0.9,0.0000,0.0000
2022,6,3,2,30,24.200000000000003,0,0,0,0,20.700000000000003,0,0,0,0,81.07000000000001,116.06,0.14,1002,4.2,246,0.8,0.0000,0.0000
2022,6,3,3,30,23.5,0,0,0,0,20.8,0,0,0,0,85.07000000000001,108.19,0.14,1002,4.2,264,0.7000000000000001,0.0000,0.0000
2022,6,3,4,30,23.1,0,0,0,0,21,0,0,0,0,87.85000000000001,98.59,0.14,1002,4.2,282,0.7000000000000001,0.0000,0.0000
2022,6,3,5,30,23.900000000000002,17,64,20,0,21.200000000000003,17,64,0,20,85.12,87.56,0.14,1002,4.1000000000000005,298,0.7000000000000001,0.0000,0.0000
2022,6,3,6,30,26.3,75,391,168,3,21.200000000000003,97,170,0,138,73.72,76.2,0.14,1003,4,319,0.8,6.6814,5.1234
2022,6,3,7,30,29,105,600,366,4,20,188,17,0,195,58.44,64.17,0.14,1003,3.9000000000000004,325,0.8,10.4639,8.1502
2022,6,3,8,30,31.3,121,720,566,3,18.8,249,356,0,469,47.56,51.84,0.14,1003,3.8000000000000003,307,0.9,26.9040,21.0860
2022,6,3,9,30,33,131,791,742,0,18.400000000000002,193,665,0,707,42,39.42,0.14,1003,3.7,294,1,42.1252,33.1083
2022,6,3,10,30,34.300000000000004,137,832,877,3,18,440,282,0,691,38.13,27.240000000000002,0.14,1002,3.7,289,1.1,42.0625,33.1049
2022,6,3,11,30,35.300000000000004,140,853,959,0,17.5,140,853,0,959,35.01,16.35,0.14,1002,3.7,289,1.1,59.0090,46.4728
2022,6,3,12,30,35.9,141,858,981,0,17.1,153,838,0,974,32.93,11.700000000000001,0.14,1001,3.8000000000000003,291,1,60.0982,47.3383
2022,6,3,13,30,36.1,143,842,940,0,16.8,160,818,4,934,32.01,18.8,0.14,1001,4,292,1,57.3632,45.1716
2022,6,3,14,30,35.4,151,797,840,0,16.7,239,619,11,774,32.94,30.22,0.14,1000,4.1000000000000005,296,0.9,46.9182,36.9169
2022,6,3,15,30,33.800000000000004,152,729,689,8,16.8,211,143,0,316,36.35,42.5,0.14,1001,4.3,316,0.8,18.6868,14.6792
2022,6,3,16,30,31.700000000000003,142,631,505,8,17.6,194,163,0,288,43.03,54.92,0.14,1001,4.5,343,1,16.3038,12.7642
2022,6,3,17,30,29.3,115,493,306,0,19,116,388,14,266,53.95,67.19,0.14,1002,4.7,185,1.2000000000000002,13.9489,10.8359
2022,6,3,18,30,26.900000000000002,70,261,119,7,20.3,64,26,14,69,67.09,79.09,0.14,1003,4.9,15,1.5,3.2901,2.5101
2022,6,3,19,30,25,4,8,4,7,21,3,0,43,3,78.37,90.01,0.15,1004,5,16,1.7000000000000002,0.0000,0.0000
2022,6,3,20,30,23.5,0,0,0,6,21.400000000000002,0,0,0,0,87.79,101.06,0.15,1004,5.1000000000000005,15,1.8,0.0000,0.0000
2022,6,3,21,30,22.5,0,0,0,7,21.5,0,0,0,0,93.84,110.27,0.15,1005,5.1000000000000005,19,2,0.0000,0.0000
2022,6,3,22,30,22,0,0,0,7,21.200000000000003,0,0,0,0,95.04,117.58,0.15,1005,5.1000000000000005,26,2,0.0000,0.0000
2022,6,3,23,30,21.700000000000003,0,0,0,7,20.900000000000002,0,0,0,0,95.2,122.24000000000001,0.15,1005,5,33,1.9000000000000001,0.0000,0.0000
2022,6,4,0,30,21.400000000000002,0,0,0,7,20.6,0,0,0,0,95.34,123.58,0.15,1004,4.9,39,1.8,0.0000,0.0000
2022,6,4,1,30,21.200000000000003,0,0,0,7,20.400000000000002,0,0,0,0,95.09,121.37,0.15,1004,4.7,44,1.6,0.0000,0.0000
2022,6,4,2,30,20.900000000000002,0,0,0,7,20.200000000000003,0,0,0,0,95.69,115.98,0.15,1004,4.5,42,1.5,0.0000,0.0000
2022,6,4,3,30,20.5,0,0,0,7,20,0,0,0,0,96.86,108.12,0.15,1004,4.4,38,1.3,0.0000,0.0000
2022,6,4,4,30,20.3,0,0,0,8,19.900000000000002,0,0,0,0,97.3,98.54,0.15,1004,4.2,31,1.2000000000000002,0.0000,0.0000
2022,6,4,5,30,20.6,18,75,21,0,19.900000000000002,18,75,4,21,95.54,87.52,0.15,1005,4.1000000000000005,29,1.4000000000000001,0.0000,0.0000
2022,6,4,6,30,21.5,72,416,171,0,20.200000000000003,72,416,0,171,92.04,76.17,0.15,1005,4,38,1.8,8.2810,6.3504
2022,6,4,7,30,23.3,102,612,369,0,19.8,102,612,0,369,80.5,64.15,0.15,1005,4,50,2.3000000000000003,19.8038,15.4252
2022,6,4,8,30,25.6,123,717,566,0,18.3,123,717,0,566,64.22,51.83,0.15,1005,4,58,2.6,32.4696,25.4482
2022,6,4,9,30,27.400000000000002,136,782,740,0,17,136,782,0,740,53.03,39.4,0.15,1005,3.9000000000000004,64,2.8000000000000003,44.0935,34.6553
2022,6,4,10,30,28.700000000000003,143,824,876,0,16.3,143,824,0,876,47.19,27.22,0.15,1004,3.8000000000000003,67,2.8000000000000003,53.3252,41.9692
2022,6,4,11,30,29.700000000000003,147,847,960,0,15.9,151,834,0,952,43.22,16.29,0.15,1004,3.6,67,2.7,58.5808,46.1356
2022,6,4,12,30,30.5,153,848,984,8,15.4,299,556,0,844,39.97,11.58,0.15,1003,3.5,67,2.5,52.0799,41.0226
2022,6,4,13,30,30.900000000000002,159,830,945,8,14.9,272,602,0,842,38.03,18.69,0.15,1003,3.4000000000000004,68,2.4000000000000004,51.7176,40.7261
2022,6,4,14,30,30.900000000000002,154,802,848,0,14.700000000000001,154,802,0,848,37.39,30.13,0.15,1003,3.4000000000000004,70,2.4000000000000004,51.4109,40.4522
2022,6,4,15,30,30.5,147,753,703,0,14.5,227,557,11,638,37.88,42.42,0.15,1003,3.3000000000000003,74,2.4000000000000004,37.7363,29.6438
2022,6,4,16,30,29.700000000000003,131,675,520,3,14.3,209,15,0,218,39.04,54.83,0.15,1003,3.3000000000000003,76,2.4000000000000004,12.3462,9.6662
2022,6,4,17,30,28.5,108,546,320,3,14.100000000000001,178,157,11,239,41.410000000000004,67.1,0.15,1003,3.2,77,2.3000000000000003,12.5422,9.7440
2022,6,4,18,30,26.3,66,321,127,0,14.5,66,321,0,127,48.160000000000004,78.99,0.15,1003,3.2,79,1.8,6.0568,4.6216
2022,6,4,19,30,24,5,14,5,3,15.4,3,2,54,3,58.6,89.92,0.15,1003,3.2,81,1.3,0.0000,0.0000
2022,6,4,20,30,22.700000000000003,0,0,0,3,15.8,0,0,0,0,65.23,100.95,0.15,1004,3.2,81,1.2000000000000002,0.0000,0.0000
2022,6,4,21,30,21.900000000000002,0,0,0,3,16.2,0,0,0,0,70.03,110.16,0.15,1004,3.2,80,1.2000000000000002,0.0000,0.0000
2022,6,4,22,30,21.3,0,0,0,3,16.6,0,0,0,0,74.49,117.46000000000001,0.15,1004,3.1,78,1.3,0.0000,0.0000
2022,6,4,23,30,20.700000000000003,0,0,0,0,17,0,0,0,0,79.36,122.12,0.15,1003,3.1,74,1.3,0.0000,0.0000
2022,6,5,0,30,20.3,0,0,0,0,17.400000000000002,0,0,0,0,83.31,123.47,0.15,1003,3.1,67,1.3,0.0000,0.0000
2022,6,5,1,30,19.8,0,0,0,0,17.6,0,0,0,0,87.02,121.27,0.15,1003,3.1,58,1.3,0.0000,0.0000
2022,6,5,2,30,19.400000000000002,0,0,0,0,17.6,0,0,0,0,89.29,115.9,0.15,1003,3.1,49,1.3,0.0000,0.0000
2022,6,5,3,30,19.200000000000003,0,0,0,0,17.400000000000002,0,0,0,0,89.27,108.06,0.15,1003,3.2,47,1.4000000000000001,0.0000,0.0000
2022,6,5,4,30,19.1,0,0,0,0,17.2,0,0,0,0,88.68,98.49000000000001,0.15,1003,3.2,49,1.4000000000000001,0.0000,0.0000
2022,6,5,5,30,19.900000000000002,18,67,21,0,17,18,67,0,21,83.49,87.49,0.15,1004,3.2,50,1.6,0.0000,0.0000
2022,6,5,6,30,21.8,75,409,173,4,16.8,89,2,0,89,73.4,76.15,0.15,1004,3.1,48,1.8,4.3107,3.3058
2022,6,5,7,30,24.200000000000003,108,607,373,3,15.9,217,146,0,281,59.96,64.14,0.15,1005,3.1,51,1.9000000000000001,15.0820,11.7475
2022,6,5,8,30,26.400000000000002,130,717,573,0,13.5,227,461,0,512,44.9,51.81,0.15,1005,3,56,2.1,29.3742,23.0223
2022,6,5,9,30,28.1,139,795,753,0,11.5,139,795,0,753,35.800000000000004,39.39,0.15,1005,2.9000000000000004,58,2.3000000000000003,44.8691,35.2650
2022,6,5,10,30,29.5,139,849,894,0,11.100000000000001,139,849,0,894,32.08,27.19,0.15,1005,2.7,59,2.4000000000000004,54.4230,42.8333
2022,6,5,11,30,30.6,140,876,981,0,11.100000000000001,140,876,0,981,30.150000000000002,16.23,0.15,1005,2.6,60,2.4000000000000004,60.3678,47.5432
2022,6,5,12,30,31.3,139,886,1007,0,11,139,886,0,1007,28.76,11.47,0.15,1004,2.5,59,2.2,62.1413,48.9479
2022,6,5,13,30,31.5,135,883,972,0,10.8,135,883,0,972,27.98,18.59,0.15,1004,2.4000000000000004,59,2,59.7073,47.0180
2022,6,5,14,30,31.400000000000002,127,866,877,0,10.4,127,866,0,877,27.5,30.04,0.15,1004,2.3000000000000003,60,1.9000000000000001,53.1762,41.8416
2022,6,5,15,30,30.900000000000002,118,826,729,0,9.9,118,826,0,729,27.35,42.33,0.15,1004,2.3000000000000003,62,1.8,43.1289,33.8805
2022,6,5,16,30,30,107,756,543,0,9.5,107,756,0,543,28.03,54.75,0.15,1004,2.3000000000000003,66,1.7000000000000002,30.7635,24.0863
2022,6,5,17,30,28.3,89,635,337,0,9.9,89,635,0,337,31.66,67.01,0.15,1004,2.3000000000000003,71,1.4000000000000001,17.6979,13.7507
2022,6,5,18,30,25.700000000000003,58,409,137,0,12.4,61,370,0,132,43.730000000000004,78.9,0.15,1005,2.3000000000000003,76,1.1,6.2965,4.8051
2022,6,5,19,30,23.400000000000002,5,24,5,0,13.3,5,24,0,5,53.13,89.84,0.15,1005,2.3000000000000003,83,1,0.0000,0.0000
2022,6,5,20,30,22,0,0,0,0,12.700000000000001,0,0,0,0,55.72,100.84,0.15,1006,2.4000000000000004,90,1,0.0000,0.0000
2022,6,5,21,30,21.1,0,0,0,0,12.9,0,0,0,0,59.36,110.05,0.15,1006,2.5,98,1,0.0000,0.0000
2022,6,5,22,30,20.6,0,0,0,0,13.8,0,0,0,0,64.85,117.35000000000001,0.15,1006,2.7,107,1,0.0000,0.0000
2022,6,5,23,30,20.200000000000003,0,0,0,0,15,0,0,0,0,72.24,122.01,0.15,1006,2.9000000000000004,114,0.9,0.0000,0.0000
2022,6,6,0,30,20,0,0,0,0,16.5,0,0,0,0,80.27,123.37,0.15,1007,3.1,117,0.8,0.0000,0.0000
2022,6,6,1,30,19.8,0,0,0,0,17.8,0,0,0,0,88,121.18,0.15,1007,3.1,116,0.8,0.0000,0.0000
2022,6,6,2,30,19.6,0,0,0,0,18.6,0,0,0,0,93.97,115.82000000000001,0.15,1007,3.1,110,0.8,0.0000,0.0000
2022,6,6,3,30,19.5,0,0,0,0,19.1,0,0,0,0,97.37,108.01,0.15,1007,3.1,104,0.8,0.0000,0.0000
2022,6,6,4,30,19.400000000000002,0,0,0,3,19.3,0,0,0,0,99.24000000000001,98.45,0.15,1007,3,97,0.9,0.0000,0.0000
2022,6,6,5,30,20.5,18,49,20,0,19.3,18,49,0,20,92.95,87.46000000000001,0.15,1008,2.9000000000000004,90,1.3,0.0000,0.0000
2022,6,6,6,30,22.8,82,377,172,0,19.1,82,377,0,172,79.47,76.13,0.15,1008,2.8000000000000003,93,1.7000000000000002,8.3321,6.3900
2022,6,6,7,30,25.3,113,595,373,0,16.8,113,595,0,373,59.2,64.12,0.15,1009,2.7,101,1.9000000000000001,20.0227,15.5961
2022,6,6,8,30,27.400000000000002,131,719,576,0,14.4,131,719,0,576,44.99,51.800000000000004,0.15,1009,2.6,101,1.9000000000000001,33.0472,25.9012
2022,6,6,9,30,29.3,138,802,758,0,12.600000000000001,138,802,0,758,35.7,39.38,0.15,1008,2.5,98,1.8,45.1681,35.5000
2022,6,6,10,30,30.700000000000003,138,853,897,0,11.600000000000001,138,853,0,897,30.95,27.18,0.15,1008,2.5,94,1.7000000000000002,54.6064,42.9776
2022,6,6,11,30,31.700000000000003,141,873,979,0,11.100000000000001,141,873,0,979,28.3,16.18,0.15,1008,2.6,93,1.7000000000000002,60.2468,47.4480
2022,6,6,12,30,32.4,143,876,1002,0,10.8,143,876,0,1002,26.61,11.36,0.15,1008,2.6,93,1.7000000000000002,61.8360,48.7076
2022,6,6,13,30,32.7,141,866,962,0,10.4,157,805,0,920,25.53,18.490000000000002,0.15,1007,2.7,95,1.7000000000000002,56.5177,44.5065
2022,6,6,14,30,32.7,136,844,867,0,10.200000000000001,222,581,0,725,25.07,29.95,0.15,1007,2.7,99,1.9000000000000001,43.9657,34.5946
2022,6,6,15,30,32.2,125,805,721,0,10,203,503,0,575,25.48,42.25,0.15,1006,2.6,105,2,34.0250,26.7292
2022,6,6,16,30,31.3,111,738,538,0,9.700000000000001,111,738,0,538,26.240000000000002,54.660000000000004,0.15,1006,2.4000000000000004,112,2.1,30.4928,23.8751
2022,6,6,17,30,29.700000000000003,92,621,335,0,9.600000000000001,92,621,0,335,28.68,66.92,0.15,1007,2.3000000000000003,117,1.9000000000000001,17.6056,13.6801
2022,6,6,18,30,26.8,60,392,136,0,11.200000000000001,60,392,0,136,37.800000000000004,78.81,0.15,1007,2.3000000000000003,123,1.4000000000000001,6.4887,4.9525
2022,6,6,19,30,24.3,7,24,7,0,12.700000000000001,7,24,0,7,48.45,89.76,0.16,1007,2.3000000000000003,130,1.3,0.0000,0.0000
2022,6,6,20,30,23.5,0,0,0,0,13.3,0,0,0,0,52.910000000000004,100.74000000000001,0.16,1008,2.4000000000000004,136,1.5,0.0000,0.0000
2022,6,6,21,30,22.900000000000002,0,0,0,0,15.100000000000001,0,0,0,0,61.300000000000004,109.94,0.16,1008,2.6,141,1.5,0.0000,0.0000
2022,6,6,22,30,22.200000000000003,0,0,0,0,16.8,0,0,0,0,71.29,117.24000000000001,0.16,1008,2.8000000000000003,144,1.3,0.0000,0.0000
2022,6,6,23,30,21.400000000000002,0,0,0,0,18.1,0,0,0,0,81.27,121.9,0.16,1008,2.9000000000000004,146,1,0.0000,0.0000
2022,6,7,0,30,20.700000000000003,0,0,0,0,18.8,0,0,0,0,88.99,123.27,0.16,1008,3.1,146,0.8,0.0000,0.0000
2022,6,7,1,30,20.200000000000003,0,0,0,0,19.200000000000003,0,0,0,0,94.05,121.10000000000001,0.16,1008,3.2,145,0.7000000000000001,0.0000,0.0000
2022,6,7,2,30,20.1,0,0,0,8,19.400000000000002,0,0,0,0,95.71000000000001,115.76,0.16,1008,3.3000000000000003,138,0.7000000000000001,0.0000,0.0000
2022,6,7,3,30,19.900000000000002,0,0,0,8,19.5,0,0,0,0,97.36,107.96000000000001,0.16,1008,3.3000000000000003,126,0.7000000000000001,0.0000,0.0000
2022,6,7,4,30,19.8,0,0,0,8,19.5,0,0,0,0,98.44,98.42,0.16,1008,3.4000000000000004,112,0.7000000000000001,0.0000,0.0000
2022,6,7,5,30,20.700000000000003,17,41,19,8,19.8,16,0,100,16,94.38,87.44,0.16,1009,3.5,101,0.9,0.0000,0.0000
2022,6,7,6,30,22.900000000000002,85,338,166,8,20.1,110,166,18,150,84.18,76.11,0.16,1009,3.7,110,1.1,7.2675,5.5738
2022,6,7,7,30,25.400000000000002,123,543,360,0,20.1,127,533,7,360,72.4,64.12,0.16,1009,3.8000000000000003,139,0.9,19.3249,15.0525
2022,6,7,8,30,27.8,143,671,558,8,19.5,202,507,0,516,60.65,51.800000000000004,0.16,1009,3.8000000000000003,172,0.9,29.6048,23.2031
2022,6,7,9,30,29.900000000000002,160,739,731,8,18.1,275,446,0,620,49.34,39.38,0.16,1009,3.9000000000000004,197,1,36.9449,29.0370
2022,6,7,10,30,31.5,175,773,863,7,17,310,482,14,739,41.89,27.16,0.16,1009,3.9000000000000004,213,1.1,44.9890,35.4084
2022,6,7,11,30,32.800000000000004,174,804,946,7,16.3,358,372,0,715,37.32,16.14,0.16,1008,3.9000000000000004,220,1.2000000000000002,44.0017,34.6540
2022,6,7,12,30,33.9,166,822,972,0,16,276,598,0,862,34.43,11.26,0.16,1007,3.9000000000000004,220,1.3,53.1987,41.9042
2022,6,7,13,30,34.5,158,821,937,7,16.1,353,390,4,723,33.37,18.39,0.16,1006,4,221,1.3,44.4191,34.9793
2022,6,7,14,30,34.7,152,796,842,8,16.2,338,346,0,638,33.36,29.87,0.16,1006,4.1000000000000005,225,1.3,38.6944,30.4471
2022,6,7,15,30,34.300000000000004,142,749,697,8,16.400000000000002,315,255,0,504,34.38,42.17,0.16,1005,4.1000000000000005,228,1.2000000000000002,29.8299,23.4339
2022,6,7,16,30,33.4,127,675,518,0,16.400000000000002,130,665,4,515,36.24,54.58,0.16,1005,4.1000000000000005,230,1.2000000000000002,29.1998,22.8635
2022,6,7,17,30,32.1,103,550,319,0,16.6,139,304,7,259,39.46,66.84,0.16,1006,4.2,232,1.1,13.6202,10.5842
2022,6,7,18,30,29.900000000000002,66,324,129,3,18.1,46,24,29,51,49.26,78.73,0.16,1006,4.2,232,0.9,2.4338,1.8578
2022,6,7,19,30,27.900000000000002,6,17,6,0,19.8,6,11,21,6,61.4,89.68,0.16,1007,4.2,231,0.8,0.0000,0.0000
2022,6,7,20,30,26.8,0,0,0,0,19.700000000000003,0,0,0,0,65.05,100.65,0.16,1007,4.2,231,0.8,0.0000,0.0000
2022,6,7,21,30,25.900000000000002,0,0,0,8,19.8,0,0,0,0,69.12,109.84,0.16,1007,4.2,235,0.8,0.0000,0.0000
2022,6,7,22,30,25.200000000000003,0,0,0,8,19.8,0,0,0,0,72.18,117.14,0.16,1007,4.3,240,0.8,0.0000,0.0000
2022,6,7,23,30,24.700000000000003,0,0,0,0,19.900000000000002,0,0,0,0,74.68,121.8,0.16,1007,4.4,245,0.8,0.0000,0.0000
2022,6,8,0,30,24.3,0,0,0,8,20.1,0,0,0,0,77.28,123.18,0.16,1007,4.5,251,0.8,0.0000,0.0000
2022,6,8,1,30,23.900000000000002,0,0,0,8,20.200000000000003,0,0,0,0,80.02,121.02,0.16,1006,4.6000000000000005,258,0.7000000000000001,0.0000,0.0000
2022,6,8,2,30,23.6,0,0,0,7,20.5,0,0,0,0,82.55,115.7,0.16,1006,4.7,267,0.7000000000000001,0.0000,0.0000
2022,6,8,3,30,23.3,0,0,0,8,20.700000000000003,0,0,0,0,85.5,107.91,0.16,1007,4.800000000000001,273,0.7000000000000001,0.0000,0.0000
2022,6,8,4,30,23.200000000000003,0,0,0,0,21,0,0,0,0,87.54,98.39,0.16,1007,4.9,274,0.7000000000000001,0.0000,0.0000
2022,6,8,5,30,23.8,17,51,19,0,21.3,17,51,0,19,85.78,87.42,0.16,1007,5,271,0.9,0.0000,0.0000
2022,6,8,6,30,25.200000000000003,83,339,164,5,21.5,74,31,0,81,80.16,76.10000000000001,0.16,1008,5,266,1.1,3.9247,3.0101
2022,6,8,7,30,27.3,125,524,354,8,21.5,163,42,0,181,70.54,64.11,0.16,1008,5.1000000000000005,263,1.4000000000000001,9.7168,7.5687
2022,6,8,8,30,29.200000000000003,157,628,545,8,20.900000000000002,267,227,0,407,60.96,51.800000000000004,0.16,1008,5.2,261,1.8,23.3511,18.3017
2022,6,8,9,30,30.5,184,684,713,0,20.700000000000003,198,651,0,701,55.82,39.38,0.16,1008,5.2,261,2,41.7716,32.8305
2022,6,8,10,30,31.200000000000003,205,715,841,3,20.5,349,339,0,651,53.17,27.16,0.16,1007,5.300000000000001,263,2,39.6318,31.1920
2022,6,8,11,30,31.700000000000003,209,743,923,8,20.3,435,244,18,669,50.9,16.11,0.16,1007,5.2,260,1.8,41.1717,32.4253
2022,6,8,12,30,32.300000000000004,211,751,948,8,19.900000000000002,374,205,7,575,47.99,11.16,0.16,1006,5,247,1.6,35.4881,27.9537
2022,6,8,13,30,33.1,214,734,911,6,19.400000000000002,461,119,0,574,44.39,18.3,0.16,1005,4.9,229,1.7000000000000002,35.2675,27.7727
2022,6,8,14,30,33.7,207,704,818,7,18.900000000000002,369,251,0,587,41.730000000000004,29.78,0.16,1004,4.800000000000001,216,2,35.6060,28.0172
2022,6,8,15,30,33.7,201,636,673,8,18.6,301,406,7,602,40.96,42.09,0.16,1004,4.9,214,2.3000000000000003,35.6374,27.9967
2022,6,8,16,30,32.7,188,526,493,3,18.2,237,250,7,382,42.34,54.5,0.16,1003,5,219,2.4000000000000004,21.6667,16.9656
2022,6,8,17,30,30.700000000000003,147,388,300,0,18.400000000000002,118,267,11,223,47.86,66.76,0.16,1004,5.2,230,2.1,11.7346,9.1196
2022,6,8,18,30,28.1,79,202,119,3,19.5,75,85,14,92,59.59,78.64,0.16,1005,5.5,240,1.7000000000000002,4.3916,3.3528
2022,6,8,19,30,26,5,8,5,0,20.900000000000002,5,5,29,5,73.43,89.60000000000001,0.16,1005,5.7,236,1.4000000000000001,0.0000,0.0000
2022,6,8,20,30,25,0,0,0,3,21.700000000000003,0,0,0,0,82.07000000000001,100.55,0.16,1005,5.800000000000001,216,1.2000000000000002,0.0000,0.0000
2022,6,8,21,30,24.400000000000002,0,0,0,3,22.200000000000003,0,0,0,0,87.49,109.74000000000001,0.16,1005,5.7,202,1.3,0.0000,0.0000
2022,6,8,22,30,24.1,0,0,0,8,22.400000000000002,0,0,0,0,90.44,117.04,0.16,1004,5.4,208,1.6,0.0000,0.0000
2022,6,8,23,30,24,0,0,0,8,22.5,0,0,0,0,91.18,121.71000000000001,0.16,1004,5.1000000000000005,219,1.8,0.0000,0.0000
2022,6,9,0,30,23.900000000000002,0,0,0,8,22.400000000000002,0,0,0,0,91.29,123.09,0.16,1003,4.800000000000001,224,1.8,0.0000,0.0000
2022,6,9,1,30,23.700000000000003,0,0,0,6,22.3,0,0,0,0,91.99,120.95,0.16,1003,4.7,226,1.6,0.0000,0.0000
2022,6,9,2,30,23.5,0,0,0,6,22.3,0,0,0,0,92.92,115.65,0.16,1003,4.7,230,1.6,0.0000,0.0000
2022,6,9,3,30,23.3,0,0,0,7,22.3,0,0,0,0,94.07000000000001,107.88,0.16,1003,4.7,234,1.7000000000000002,0.0000,0.0000
2022,6,9,4,30,23.200000000000003,0,0,0,7,22.3,0,0,0,0,94.88,98.36,0.16,1003,4.7,237,1.8,0.0000,0.0000
2022,6,9,5,30,23.400000000000002,17,48,19,7,22.400000000000002,13,0,100,13,93.93,87.41,0.16,1003,4.7,239,1.9000000000000001,0.0000,0.0000
2022,6,9,6,30,24.400000000000002,83,339,164,8,22.5,115,104,0,140,89.29,76.10000000000001,0.16,1004,4.7,245,2.1,6.7835,5.2027
2022,6,9,7,30,26,122,539,357,8,22.400000000000002,179,60,0,205,80.76,64.11,0.16,1004,4.7,257,2.3000000000000003,11.0052,8.5722
2022,6,9,8,30,28,142,663,552,5,21.8,278,159,0,376,69.16,51.800000000000004,0.16,1004,4.800000000000001,265,2.4000000000000004,21.5725,16.9077
2022,6,9,9,30,29.700000000000003,152,743,726,8,20.900000000000002,289,408,0,604,59.13,39.38,0.16,1004,5,266,2.6,35.9915,28.2876
2022,6,9,10,30,31.200000000000003,161,782,857,0,19.6,161,782,0,857,50.29,27.150000000000002,0.16,1003,5.1000000000000005,264,2.7,52.1734,41.0628
2022,6,9,11,30,31.700000000000003,178,787,934,0,19.400000000000002,178,787,0,934,48.03,16.080000000000002,0.16,1003,5.1000000000000005,261,2.6,57.4816,45.2703
2022,6,9,12,30,31.200000000000003,207,756,949,0,19.5,261,645,0,894,49.79,11.07,0.16,1003,5.1000000000000005,259,2.4000000000000004,55.1785,43.4639
2022,6,9,13,30,30.900000000000002,228,714,906,8,19.6,345,482,0,803,51.1,18.21,0.16,1002,5,257,2.1,49.3412,38.8557
2022,6,9,14,30,31,211,696,816,8,19.900000000000002,341,414,0,701,51.65,29.71,0.16,1002,4.9,255,1.7000000000000002,42.5254,33.4620
2022,6,9,15,30,31.200000000000003,184,667,680,7,20,294,377,4,574,51.550000000000004,42.01,0.16,1002,4.7,254,1.4000000000000001,33.9869,26.7004
2022,6,9,16,30,31.3,150,615,508,0,20,168,530,7,476,51.28,54.43,0.16,1001,4.6000000000000005,257,1.1,27.0069,21.1476
2022,6,9,17,30,30.6,115,508,316,0,20.8,123,438,0,296,55.86,66.68,0.16,1002,4.5,266,0.8,15.5859,12.1135
2022,6,9,18,30,29,69,302,129,0,21.8,69,295,46,128,65.03,78.56,0.16,1002,4.4,280,0.6000000000000001,6.1116,4.6666
2022,6,9,19,30,27.5,7,16,7,8,22.200000000000003,6,0,54,6,72.74,89.53,0.16,1003,4.4,297,0.6000000000000001,0.0000,0.0000
2022,6,9,20,30,26.400000000000002,0,0,0,8,22.1,0,0,0,0,77.29,100.46000000000001,0.16,1003,4.3,318,0.6000000000000001,0.0000,0.0000
2022,6,9,21,30,25.5,0,0,0,8,21.6,0,0,0,0,79.25,109.65,0.16,1004,4.1000000000000005,338,0.7000000000000001,0.0000,0.0000
2022,6,9,22,30,24.6,0,0,0,8,20.8,0,0,0,0,79.43,116.95,0.16,1004,3.8000000000000003,353,1.1,0.0000,0.0000
2022,6,9,23,30,24,0,0,0,8,19.5,0,0,0,0,75.78,121.62,0.16,1004,3.6,180,1.4000000000000001,0.0000,0.0000
2022,6,10,0,30,23.400000000000002,0,0,0,0,17.900000000000002,0,0,0,0,71.22,123.01,0.16,1004,3.4000000000000004,5,1.6,0.0000,0.0000
2022,6,10,1,30,22.8,0,0,0,0,16.900000000000002,0,0,0,0,69.38,120.89,0.16,1004,3.3000000000000003,14,1.7000000000000002,0.0000,0.0000
2022,6,10,2,30,22.3,0,0,0,3,16.5,0,0,0,0,69.58,115.60000000000001,0.16,1005,3.2,27,1.8,0.0000,0.0000
2022,6,10,3,30,21.6,0,0,0,0,16.2,0,0,0,0,71.42,107.84,0.16,1005,3.1,39,1.8,0.0000,0.0000
2022,6,10,4,30,20.900000000000002,0,0,0,0,15.8,0,0,0,0,72.79,98.34,0.16,1006,2.9000000000000004,45,1.6,0.0000,0.0000
2022,6,10,5,30,21.3,18,103,23,0,15.4,18,103,0,23,68.92,87.4,0.16,1006,2.8000000000000003,46,1.8,0.0000,0.0000
2022,6,10,6,30,23.1,65,484,181,0,14.4,65,484,0,181,58.2,76.09,0.16,1006,2.7,47,2.1,8.7708,6.7270
2022,6,10,7,30,25.200000000000003,91,671,384,0,12.9,91,671,0,384,46.54,64.12,0.16,1007,2.6,48,2.2,20.6132,16.0560
2022,6,10,8,30,27.400000000000002,109,773,587,0,12.200000000000001,140,679,0,560,38.910000000000004,51.81,0.16,1007,2.5,49,1.9000000000000001,32.1280,25.1806
2022,6,10,9,30,29.200000000000003,121,832,764,0,12.200000000000001,121,832,0,764,35.03,39.39,0.16,1006,2.5,46,1.4000000000000001,45.5246,35.7802
2022,6,10,10,30,30.700000000000003,132,861,898,0,12.600000000000001,249,631,0,810,32.97,27.150000000000002,0.16,1006,2.6,29,0.9,49.3120,38.8108
2022,6,10,11,30,31.8,137,876,979,0,13,186,784,0,939,31.830000000000002,16.06,0.16,1005,2.7,169,0.6000000000000001,57.7901,45.5134
2022,6,10,12,30,32.6,140,876,1000,0,13.200000000000001,194,765,0,945,30.76,10.99,0.16,1005,2.8000000000000003,311,0.6000000000000001,58.3284,45.9452
2022,6,10,13,30,33.1,141,862,960,0,13.100000000000001,172,800,11,932,29.73,18.13,0.16,1004,3,297,0.7000000000000001,57.2714,45.1008
2022,6,10,14,30,33.2,136,835,862,3,12.9,401,296,0,658,29.23,29.63,0.16,1003,3.1,292,0.6000000000000001,39.9215,31.4134
2022,6,10,15,30,32.800000000000004,127,790,715,3,12.8,322,339,7,574,29.71,41.94,0.16,1003,3.2,293,0.6000000000000001,33.9930,26.7055
2022,6,10,16,30,32.1,115,715,532,8,12.700000000000001,221,353,0,427,30.76,54.35,0.16,1003,3.3000000000000003,302,0.6000000000000001,24.2355,18.9781
2022,6,10,17,30,30.700000000000003,97,588,330,8,12.600000000000001,161,329,4,292,33.03,66.61,0.16,1003,3.4000000000000004,313,0.7000000000000001,15.3838,11.9573
2022,6,10,18,30,28.6,64,363,136,8,14,93,169,29,127,40.83,78.48,0.16,1004,3.4000000000000004,327,0.7000000000000001,6.0655,4.6320
2022,6,10,19,30,26.400000000000002,7,25,7,7,15.700000000000001,6,0,57,6,51.69,89.46000000000001,0.16,1005,3.3000000000000003,345,0.7000000000000001,0.0000,0.0000
2022,6,10,20,30,24.900000000000002,0,0,0,7,15.3,0,0,0,0,55.11,100.38,0.16,1005,3.2,186,0.7000000000000001,0.0000,0.0000
2022,6,10,21,30,23.700000000000003,0,0,0,7,15.3,0,0,0,0,59.25,109.56,0.16,1005,3.1,27,0.7000000000000001,0.0000,0.0000
2022,6,10,22,30,22.8,0,0,0,7,15.3,0,0,0,0,62.76,116.86,0.16,1005,3.1,48,0.7000000000000001,0.0000,0.0000
2022,6,10,23,30,22,0,0,0,7,15.5,0,0,0,0,66.44,121.54,0.16,1005,3.2,66,0.7000000000000001,0.0000,0.0000
2022,6,11,0,30,21.400000000000002,0,0,0,7,15.8,0,0,0,0,70.35000000000001,122.94,0.16,1005,3.3000000000000003,84,0.7000000000000001,0.0000,0.0000
2022,6,11,1,30,21,0,0,0,7,16.5,0,0,0,0,75.57000000000001,120.83,0.16,1004,3.5,103,0.7000000000000001,0.0000,0.0000
2022,6,11,2,30,20.900000000000002,0,0,0,7,17.6,0,0,0,0,81.52,115.56,0.16,1004,3.6,122,0.7000000000000001,0.0000,0.0000
2022,6,11,3,30,21,0,0,0,8,18.900000000000002,0,0,0,0,87.60000000000001,107.82000000000001,0.16,1004,3.8000000000000003,135,0.8,0.0000,0.0000
2022,6,11,4,30,21.400000000000002,0,0,0,8,19.8,0,0,0,0,90.88,98.33,0.16,1005,3.9000000000000004,144,0.7000000000000001,0.0000,0.0000
2022,6,11,5,30,22.700000000000003,17,60,20,7,20.5,10,0,100,10,87.34,87.39,0.16,1005,3.9000000000000004,162,0.8,0.0000,0.0000
2022,6,11,6,30,25.200000000000003,77,385,169,7,21.200000000000003,77,13,0,80,78.4,76.10000000000001,0.16,1006,3.8000000000000003,186,1.1,3.8763,2.9730
2022,6,11,7,30,27.900000000000002,107,594,366,4,20.8,138,4,0,140,65.24,64.12,0.16,1006,3.8000000000000003,203,1.3,7.5152,5.8538
2022,6,11,8,30,30.1,127,705,563,5,18.8,315,77,0,363,50.89,51.82,0.16,1006,3.7,215,1.2000000000000002,20.8250,16.3217
2022,6,11,9,30,31.8,148,759,735,5,17.5,402,117,0,492,42.42,39.4,0.16,1006,3.7,225,1,29.3162,23.0411
2022,6,11,10,30,33.1,167,787,867,5,16.6,433,96,0,518,37.25,27.16,0.16,1005,3.6,231,0.7000000000000001,31.5349,24.8194
2022,6,11,11,30,34.300000000000004,171,811,950,5,16,490,144,0,628,33.49,16.04,0.16,1004,3.6,228,0.5,38.6503,30.4396
2022,6,11,12,30,35,171,818,974,7,15.5,352,424,14,768,31.19,10.92,0.16,1004,3.6,213,0.5,47.4049,37.3408
2022,6,11,13,30,35.4,173,804,937,8,14.9,287,57,4,341,29.5,18.05,0.16,1003,3.7,196,0.6000000000000001,20.9558,16.5026
2022,6,11,14,30,35.4,170,771,841,0,14.700000000000001,257,627,11,802,29.05,29.55,0.16,1003,3.8000000000000003,184,0.8,48.6638,38.2928
2022,6,11,15,30,34.9,166,709,694,3,14.700000000000001,354,262,7,549,29.94,41.87,0.16,1002,3.9000000000000004,178,0.9,32.5182,25.5473
2022,6,11,16,30,33.800000000000004,156,609,512,3,14.8,284,62,0,320,31.900000000000002,54.28,0.16,1002,3.9000000000000004,172,1,18.1681,14.2273
2022,6,11,17,30,32.1,128,470,315,0,15.9,147,345,0,284,37.85,66.53,0.16,1003,4,161,1.1,14.9718,11.6379
2022,6,11,18,30,30.1,76,258,128,8,18.5,82,101,57,102,49.730000000000004,78.41,0.16,1003,4.1000000000000005,152,1.1,4.8728,3.7216
2022,6,11,19,30,28.400000000000002,6,13,6,3,19,4,0,57,4,56.68,89.4,0.16,1004,4.1000000000000005,151,1.4000000000000001,0.0000,0.0000
2022,6,11,20,30,27.3,0,0,0,3,19.400000000000002,0,0,0,0,62.25,100.3,0.16,1005,4.2,153,1.8,0.0000,0.0000
2022,6,11,21,30,26.1,0,0,0,0,20.400000000000002,0,0,0,0,70.95,109.48,0.16,1005,4.2,156,1.8,0.0000,0.0000
2022,6,11,22,30,25.1,0,0,0,0,21.5,0,0,0,0,80.66,116.78,0.16,1005,4.2,158,1.5,0.0000,0.0000
2022,6,11,23,30,24.3,0,0,0,0,22.3,0,0,0,0,88.72,121.46000000000001,0.16,1005,4.2,161,1.1,0.0000,0.0000
2022,6,12,0,30,23.8,0,0,0,0,22.8,0,0,0,0,93.99,122.88,0.16,1005,4.3,165,0.8,0.0000,0.0000
2022,6,12,1,30,23.200000000000003,0,0,0,0,23,0,0,0,0,98.92,120.78,0.16,1005,4.3,173,0.6000000000000001,0.0000,0.0000
2022,6,12,2,30,22.8,0,0,0,0,22.8,0,0,0,0,100,115.52,0.16,1006,4.4,187,0.5,0.0000,0.0000
2022,6,12,3,30,22.6,0,0,0,4,22.6,0,0,0,0,100,107.8,0.16,1006,4.4,204,0.6000000000000001,0.0000,0.0000
2022,6,12,4,30,22.700000000000003,0,0,0,3,22.700000000000003,0,0,0,0,100,98.32000000000001,0.16,1006,4.4,215,0.6000000000000001,0.0000,0.0000
2022,6,12,5,30,23.700000000000003,17,61,20,4,22.900000000000002,8,0,100,8,95.55,87.39,0.16,1006,4.4,220,0.8,0.0000,0.0000
2022,6,12,6,30,25.6,79,372,168,3,23.400000000000002,77,4,0,78,87.75,76.10000000000001,0.16,1006,4.3,233,1,3.7794,2.8986
2022,6,12,7,30,28.200000000000003,113,569,361,8,23,193,256,0,305,73.25,64.14,0.16,1006,4.4,242,1.2000000000000002,16.3701,12.7508
2022,6,12,8,30,30.900000000000002,138,675,555,8,21.200000000000003,242,371,0,471,56.24,51.83,0.16,1006,4.5,236,1.2000000000000002,27.0198,21.1769
2022,6,12,9,30,32.7,163,724,722,0,20.1,183,674,0,704,47.58,39.410000000000004,0.16,1007,4.6000000000000005,229,1.4000000000000001,41.9474,32.9686
2022,6,12,10,30,33.7,187,745,850,0,19.900000000000002,187,745,0,850,44.410000000000004,27.17,0.16,1006,4.7,228,1.5,51.7459,40.7263
2022,6,12,11,30,34.300000000000004,195,765,930,0,20,290,588,0,855,43.050000000000004,16.03,0.16,1006,4.800000000000001,230,1.5,52.6214,41.4428
2022,6,12,12,30,34.9,194,776,956,3,19.900000000000002,395,259,11,649,41.56,10.85,0.16,1006,4.800000000000001,230,1.4000000000000001,40.0609,31.5560
2022,6,12,13,30,35.300000000000004,186,774,922,3,19.8,399,295,0,680,40.25,17.97,0.16,1005,4.7,226,1.3,41.7913,32.9105
2022,6,12,14,30,35.300000000000004,175,755,832,3,19.5,330,328,14,616,39.63,29.48,0.16,1005,4.7,221,1.1,37.3815,29.4151
2022,6,12,15,30,35.1,158,716,692,3,19.200000000000003,261,62,0,307,39.33,41.800000000000004,0.16,1004,4.7,215,1,18.1874,14.2887
2022,6,12,16,30,34.800000000000004,136,650,516,7,19,231,195,4,345,39.45,54.21,0.16,1004,4.7,206,0.9,19.5936,15.3440
2022,6,12,17,30,34,107,535,321,0,19,136,368,4,283,41.21,66.46000000000001,0.16,1004,4.7,190,0.9,14.9273,11.6041
2022,6,12,18,30,31.8,68,324,133,8,20.200000000000003,82,204,43,123,50.35,78.34,0.16,1005,4.7,170,0.8,5.8776,4.4895
2022,6,12,19,30,29.5,8,21,8,7,21.6,7,11,29,7,62.47,89.33,0.16,1005,4.6000000000000005,161,0.8,0.0000,0.0000
2022,6,12,20,30,28.400000000000002,0,0,0,0,21,0,0,0,0,64.27,100.22,0.16,1006,4.6000000000000005,165,1,0.0000,0.0000
2022,6,12,21,30,27.8,0,0,0,0,20.700000000000003,0,0,0,0,65.45,109.41,0.16,1007,4.6000000000000005,174,1.1,0.0000,0.0000
2022,6,12,22,30,27.1,0,0,0,0,20.8,0,0,0,0,68.38,116.7,0.16,1007,4.6000000000000005,186,1.2000000000000002,0.0000,0.0000
2022,6,12,23,30,26.400000000000002,0,0,0,0,21.1,0,0,0,0,72.87,121.39,0.16,1007,4.6000000000000005,202,1.1,0.0000,0.0000
2022,6,13,0,30,25.8,0,0,0,0,21.400000000000002,0,0,0,0,76.62,122.82000000000001,0.16,1007,4.7,221,1.1,0.0000,0.0000
2022,6,13,1,30,25.3,0,0,0,0,21.400000000000002,0,0,0,0,78.86,120.74000000000001,0.16,1007,4.800000000000001,237,1.1,0.0000,0.0000
2022,6,13,2,30,24.900000000000002,0,0,0,0,21.400000000000002,0,0,0,0,80.78,115.49000000000001,0.16,1007,4.800000000000001,248,1.1,0.0000,0.0000
2022,6,13,3,30,24.5,0,0,0,0,21.400000000000002,0,0,0,0,83.05,107.78,0.16,1007,4.9,254,1,0.0000,0.0000
2022,6,13,4,30,24.3,0,0,0,0,21.6,0,0,0,0,84.86,98.31,0.16,1008,4.800000000000001,255,1.1,0.0000,0.0000
2022,6,13,5,30,25.1,18,77,21,0,21.8,18,77,0,21,82.10000000000001,87.4,0.16,1008,4.7,254,1.3,0.0000,0.0000
2022,6,13,6,30,27.5,70,417,170,0,22.1,70,417,0,170,72.48,76.11,0.16,1009,4.6000000000000005,256,1.5,8.2365,6.3169
2022,6,13,7,30,30.900000000000002,99,610,365,0,21.700000000000003,99,610,0,365,58.08,64.15,0.16,1009,4.4,263,1.6,19.5891,15.2580
2022,6,13,8,30,33.800000000000004,121,710,560,0,20,121,710,0,560,44.42,51.85,0.16,1009,4.4,278,1.6,32.1229,25.1763
2022,6,13,9,30,35.300000000000004,138,769,732,0,19.400000000000002,138,769,0,732,39.31,39.43,0.16,1010,4.3,291,1.5,43.6138,34.2782
2022,6,13,10,30,36.6,144,815,869,0,19,147,786,0,846,35.71,27.18,0.16,1009,4.2,279,1.1,51.5017,40.5341
2022,6,13,11,30,38,145,841,953,3,18.900000000000002,316,295,4,600,32.95,16.02,0.16,1009,4,261,0.9,36.9276,29.0829
2022,6,13,12,30,39.1,152,840,977,3,18.400000000000002,338,515,4,844,30.060000000000002,10.790000000000001,0.16,1008,4,257,0.9,52.0991,41.0386
2022,6,13,13,30,39.800000000000004,156,823,939,0,17.8,258,631,0,858,27.830000000000002,17.900000000000002,0.16,1007,4,254,1,52.7336,41.5278
2022,6,13,14,30,40.1,151,798,846,0,17.3,239,620,0,779,26.59,29.42,0.16,1006,4,251,1,47.2772,37.2021
2022,6,13,15,30,39.800000000000004,142,750,702,3,17.1,236,292,4,454,26.66,41.730000000000004,0.16,1006,4.1000000000000005,254,0.9,26.9008,21.1346
2022,6,13,16,30,39.1,130,668,521,0,17,192,433,11,446,27.580000000000002,54.15,0.16,1006,4.1000000000000005,256,0.8,25.3365,19.8417
2022,6,13,17,30,37.7,106,541,323,0,17.400000000000002,128,392,11,285,30.400000000000002,66.39,0.16,1006,4.2,253,0.7000000000000001,15.0411,11.6933
2022,6,13,18,30,35.4,68,326,134,6,19.6,4,0,0,4,39.61,78.27,0.16,1007,4.3,252,0.7000000000000001,0.1912,0.1461
2022,6,13,19,30,33.300000000000004,8,22,8,7,21.400000000000002,6,0,57,6,49.83,89.27,0.16,1007,4.4,252,0.8,0.0000,0.0000
2022,6,13,20,30,32.1,0,0,0,8,20.6,0,0,0,0,50.67,100.15,0.16,1008,4.4,249,0.9,0.0000,0.0000
2022,6,13,21,30,31,0,0,0,8,20.700000000000003,0,0,0,0,54.36,109.33,0.16,1008,4.5,243,1,0.0000,0.0000
2022,6,13,22,30,29.900000000000002,0,0,0,0,21,0,0,0,0,58.870000000000005,116.64,0.16,1008,4.5,237,1.1,0.0000,0.0000
2022,6,13,23,30,28.900000000000002,0,0,0,3,21.3,0,0,0,0,63.45,121.33,0.16,1008,4.5,234,1.1,0.0000,0.0000
2022,6,14,0,30,28.1,0,0,0,8,21.200000000000003,0,0,0,0,66.32000000000001,122.77,0.16,1007,4.5,238,1.2000000000000002,0.0000,0.0000
2022,6,14,1,30,27.5,0,0,0,0,21.3,0,0,0,0,69.11,120.7,0.16,1007,4.4,244,1.3,0.0000,0.0000
2022,6,14,2,30,26.900000000000002,0,0,0,0,21.700000000000003,0,0,0,0,73.22,115.47,0.16,1007,4.4,255,1.3,0.0000,0.0000
2022,6,14,3,30,26.200000000000003,0,0,0,0,22.3,0,0,0,0,79.19,107.77,0.16,1008,4.5,274,1.1,0.0000,0.0000
2022,6,14,4,30,25.900000000000002,0,0,0,0,22.900000000000002,0,0,0,0,83.63,98.31,0.16,1008,4.7,302,1,0.0000,0.0000
2022,6,14,5,30,26.200000000000003,17,58,20,0,23.200000000000003,17,29,25,18,83.72,87.41,0.16,1009,4.9,326,1,0.0000,0.0000
2022,6,14,6,30,27.5,79,349,163,0,23.400000000000002,91,265,18,155,78.21000000000001,76.13,0.16,1009,5.1000000000000005,335,0.7000000000000001,7.5086,5.7584
2022,6,14,7,30,29.6,123,529,353,7,23.5,189,297,0,318,69.7,64.17,0.16,1010,5.300000000000001,180,0.7000000000000001,17.0642,13.2911
2022,6,14,8,30,31,149,640,544,7,21.400000000000002,253,129,0,333,56.78,51.870000000000005,0.16,1010,5.5,24,1.1,19.1001,14.9696
2022,6,14,9,30,31,178,688,709,6,20.700000000000003,88,0,0,88,54.300000000000004,39.45,0.16,1010,5.800000000000001,23,1.3,5.2430,4.1207
2022,6,14,10,30,30.900000000000002,208,704,834,9,20.400000000000002,58,0,0,58,53.57,27.2,0.16,1010,5.800000000000001,41,1.1,3.5308,2.7789
2022,6,14,11,30,31.900000000000002,211,736,918,9,20.6,57,0,0,57,51.2,16.02,0.16,1010,5.6000000000000005,89,1,3.5081,2.7629
2022,6,14,12,30,33.2,206,754,947,6,20.6,73,0,0,73,47.79,10.74,0.16,1009,5.2,136,1.3,4.5063,3.5496
2022,6,14,13,30,33.7,199,753,916,9,20.700000000000003,208,1,0,209,46.550000000000004,17.830000000000002,0.16,1009,5,160,1.7000000000000002,12.8461,10.1163
2022,6,14,14,30,33.5,193,725,825,6,20.900000000000002,349,29,0,374,47.86,29.35,0.16,1009,4.800000000000001,179,1.6,22.7002,17.8627
2022,6,14,15,30,33.300000000000004,177,681,686,6,21,299,28,0,320,48.43,41.67,0.16,1008,4.7,207,1.4000000000000001,18.9638,14.8990
2022,6,14,16,30,32.9,152,613,512,6,20.8,267,84,0,316,49.120000000000005,54.08,0.16,1008,4.6000000000000005,235,1.3,17.9570,14.0630
2022,6,14,17,30,31.900000000000002,121,494,319,6,20.8,170,24,0,180,52.04,66.33,0.16,1007,4.5,245,1.3,9.5041,7.3892
2022,6,14,18,30,29.8,74,282,132,6,21.8,62,3,0,63,62.29,78.2,0.16,1008,4.5,240,1.2000000000000002,3.0122,2.3014
2022,6,14,19,30,28,7,16,7,7,22.700000000000003,6,0,64,6,72.96000000000001,89.21000000000001,0.16,1008,4.6000000000000005,238,1.3,0.0000,0.0000
2022,6,14,20,30,27.200000000000003,0,0,0,7,22.8,0,0,0,0,77.07000000000001,100.08,0.16,1008,4.7,242,1.5,0.0000,0.0000
2022,6,14,21,30,26.5,0,0,0,7,23.200000000000003,0,0,0,0,82.3,109.27,0.16,1008,4.800000000000001,244,1.5,0.0000,0.0000
2022,6,14,22,30,26.1,0,0,0,7,23.400000000000002,0,0,0,0,85.12,116.57000000000001,0.16,1008,4.7,245,1.4000000000000001,0.0000,0.0000
2022,6,14,23,30,25.700000000000003,0,0,0,8,23.3,0,0,0,0,86.58,121.28,0.16,1008,4.6000000000000005,247,1.2000000000000002,0.0000,0.0000
2022,6,15,0,30,25.3,0,0,0,8,23.1,0,0,0,0,87.86,122.72,0.16,1008,4.6000000000000005,250,1.1,0.0000,0.0000
2022,6,15,1,30,25,0,0,0,0,23,0,0,0,0,88.73,120.67,0.16,1008,4.6000000000000005,254,1,0.0000,0.0000
2022,6,15,2,30,24.700000000000003,0,0,0,0,22.900000000000002,0,0,0,0,89.96000000000001,115.45,0.16,1008,4.6000000000000005,262,0.9,0.0000,0.0000
2022,6,15,3,30,24.400000000000002,0,0,0,8,22.900000000000002,0,0,0,0,91.42,107.77,0.16,1008,4.6000000000000005,275,0.8,0.0000,0.0000
2022,6,15,4,30,24.3,0,0,0,8,22.900000000000002,0,0,0,0,92.12,98.32000000000001,0.16,1008,4.6000000000000005,291,0.8,0.0000,0.0000
2022,6,15,5,30,25.400000000000002,17,53,19,0,23.200000000000003,16,19,61,17,87.47,87.42,0.16,1009,4.5,309,0.9,0.0000,0.0000
2022,6,15,6,30,27.700000000000003,78,364,165,3,23.5,108,138,4,141,77.83,76.15,0.16,1009,4.5,165,1,6.8293,5.2373
2022,6,15,7,30,30.6,112,563,357,0,23.1,117,546,0,355,64.52,64.19,0.16,1009,4.6000000000000005,32,1.3,19.0470,14.8352
2022,6,15,8,30,33,136,673,551,0,22.8,136,673,0,551,55.13,51.9,0.16,1009,4.6000000000000005,55,1.8,31.6003,24.7663
2022,6,15,9,30,34.300000000000004,159,727,720,0,22.900000000000002,182,669,0,698,51.620000000000005,39.480000000000004,0.16,1010,4.7,61,2.1,41.5833,32.6820
2022,6,15,10,30,35,180,753,850,0,23.1,180,753,0,850,50.13,27.22,0.16,1010,4.800000000000001,64,2.3000000000000003,51.7425,40.7235
2022,6,15,11,30,35.2,187,775,932,0,23,187,775,0,932,49.45,16.02,0.16,1010,4.800000000000001,69,2.3000000000000003,57.3608,45.1754
2022,6,15,12,30,35.300000000000004,200,765,952,0,22.900000000000002,272,596,0,858,48.75,10.69,0.16,1010,4.9,77,2.3000000000000003,52.9657,41.7213
2022,6,15,13,30,35.5,212,735,912,3,22.700000000000003,364,388,11,733,47.59,17.77,0.16,1010,4.9,85,2.3000000000000003,45.0555,35.4815
2022,6,15,14,30,35.6,204,708,821,0,22.5,288,532,4,752,46.81,29.29,0.16,1010,4.9,94,2.3000000000000003,45.6471,35.9198
2022,6,15,15,30,35,191,654,680,0,22.3,239,525,0,632,47.7,41.6,0.16,1010,4.9,101,2.1,37.4601,29.4311
2022,6,15,16,30,34.300000000000004,171,566,504,0,22,171,566,0,504,48.88,54.02,0.16,1010,5,105,1.9000000000000001,28.6479,22.4360
2022,6,15,17,30,33.300000000000004,135,442,313,0,21.900000000000002,135,442,0,313,51.32,66.27,0.16,1010,4.9,113,1.6,16.5344,12.8557
2022,6,15,18,30,31.5,79,248,130,0,22.400000000000002,79,248,0,130,58.49,78.14,0.16,1010,4.800000000000001,131,1.2000000000000002,6.2173,4.7507
2022,6,15,19,30,30,7,14,7,0,22.400000000000002,7,14,0,7,63.68,89.15,0.15,1010,4.6000000000000005,151,1.2000000000000002,0.0000,0.0000
2022,6,15,20,30,29.3,0,0,0,8,22.1,0,0,0,0,65.28,100.02,0.15,1011,4.5,162,1.4000000000000001,0.0000,0.0000
2022,6,15,21,30,28.5,0,0,0,0,22.3,0,0,0,0,69.08,109.21000000000001,0.15,1011,4.5,166,1.4000000000000001,0.0000,0.0000
2022,6,15,22,30,27.6,0,0,0,8,22.6,0,0,0,0,74.43,116.52,0.15,1011,4.4,166,1.3,0.0000,0.0000
2022,6,15,23,30,26.8,0,0,0,8,23,0,0,0,0,79.5,121.23,0.15,1012,4.5,161,1.2000000000000002,0.0000,0.0000
2022,6,16,0,30,26.200000000000003,0,0,0,3,23.200000000000003,0,0,0,0,83.39,122.68,0.15,1012,4.5,158,1,0.0000,0.0000
2022,6,16,1,30,25.6,0,0,0,0,23.200000000000003,0,0,0,0,86.57000000000001,120.64,0.15,1012,4.4,158,0.9,0.0000,0.0000
2022,6,16,2,30,25.1,0,0,0,3,23.1,0,0,0,0,88.82000000000001,115.44,0.15,1012,4.4,163,0.7000000000000001,0.0000,0.0000
2022,6,16,3,30,24.700000000000003,0,0,0,3,23.1,0,0,0,0,90.62,107.77,0.15,1013,4.4,168,0.7000000000000001,0.0000,0.0000
2022,6,16,4,30,24.400000000000002,0,0,0,0,23,0,0,0,0,91.81,98.33,0.15,1013,4.3,169,0.7000000000000001,0.0000,0.0000
2022,6,16,5,30,25.1,17,44,19,0,22.900000000000002,17,44,0,19,87.87,87.43,0.15,1013,4.3,165,0.9,0.0000,0.0000
2022,6,16,6,30,27.200000000000003,83,340,164,0,22.5,83,340,0,164,75.31,76.17,0.15,1014,4.3,161,1,7.9421,6.0904
2022,6,16,7,30,29.900000000000002,120,544,357,0,20.400000000000002,120,544,0,357,56.65,64.22,0.15,1014,4.3,146,0.7000000000000001,19.1502,14.9153
2022,6,16,8,30,32.6,144,658,550,0,19.3,161,523,0,483,45.51,51.93,0.15,1014,4.4,104,0.5,27.6971,21.7070
2022,6,16,9,30,34.6,170,712,719,8,19.400000000000002,302,400,0,611,40.96,39.51,0.15,1014,4.4,74,0.6000000000000001,36.3978,28.6064
2022,6,16,10,30,35.800000000000004,194,734,847,0,19.700000000000003,218,676,0,819,39.06,27.25,0.15,1014,4.6000000000000005,77,0.8,49.8535,39.2367
2022,6,16,11,30,36.2,202,755,928,0,20.1,213,738,0,922,39.02,16.03,0.15,1013,4.7,85,0.9,56.7450,44.6903
2022,6,16,12,30,36.300000000000004,210,753,950,0,20.3,210,753,0,950,39.4,10.65,0.15,1013,4.800000000000001,93,0.9,58.6460,46.1958
2022,6,16,13,30,36.1,212,736,913,0,20.400000000000002,212,736,0,913,40.160000000000004,17.71,0.15,1012,4.800000000000001,101,0.8,56.1223,44.1967
2022,6,16,14,30,35.7,203,709,822,0,20.5,203,709,0,822,41.33,29.23,0.15,1012,4.9,109,0.8,49.9005,39.2670
2022,6,16,15,30,35,189,659,682,8,20.700000000000003,280,443,0,612,43.4,41.54,0.15,1011,4.9,115,0.9,36.2801,28.5044
2022,6,16,16,30,33.9,168,575,506,9,21.200000000000003,57,1,0,58,47.68,53.96,0.15,1011,5,119,1,3.2977,2.5827
2022,6,16,17,30,32.300000000000004,134,442,312,9,22,45,2,0,46,54.75,66.21000000000001,0.15,1011,5.2,125,1,2.4311,1.8903
2022,6,16,18,30,30.3,80,233,128,9,23.5,8,0,0,8,67.12,78.08,0.15,1011,5.300000000000001,138,1,0.3827,0.2925
2022,6,16,19,30,28.6,7,11,7,9,24.200000000000003,4,0,71,4,77.03,89.10000000000001,0.15,1012,5.4,155,1.1,0.0000,0.0000
2022,6,16,20,30,27.400000000000002,0,0,0,9,24.3,0,0,0,0,83.33,99.96000000000001,0.15,1012,5.5,171,1.3,0.0000,0.0000
2022,6,16,21,30,26.3,0,0,0,6,24.400000000000002,0,0,0,0,89.33,109.15,0.15,1012,5.4,187,1.4000000000000001,0.0000,0.0000
2022,6,16,22,30,25.5,0,0,0,7,24.200000000000003,0,0,0,0,92.57000000000001,116.46000000000001,0.15,1012,5.2,208,1.4000000000000001,0.0000,0.0000
2022,6,16,23,30,24.8,0,0,0,7,23.700000000000003,0,0,0,0,93.47,121.18,0.15,1012,4.800000000000001,232,1.3,0.0000,0.0000
2022,6,17,0,30,24.200000000000003,0,0,0,7,23.200000000000003,0,0,0,0,93.94,122.65,0.15,1011,4.4,255,1.3,0.0000,0.0000
2022,6,17,1,30,23.700000000000003,0,0,0,8,22.8,0,0,0,0,94.66,120.63,0.15,1011,4.2,274,1.2000000000000002,0.0000,0.0000
2022,6,17,2,30,23.200000000000003,0,0,0,7,22.5,0,0,0,0,95.97,115.44,0.15,1011,3.9000000000000004,286,1.1,0.0000,0.0000
2022,6,17,3,30,22.900000000000002,0,0,0,7,22.3,0,0,0,0,96.49000000000001,107.78,0.15,1011,3.8000000000000003,291,1,0.0000,0.0000
2022,6,17,4,30,22.8,0,0,0,8,22.200000000000003,0,0,0,0,96.39,98.34,0.15,1011,3.7,288,1,0.0000,0.0000
2022,6,17,5,30,23.400000000000002,17,48,19,3,22.3,15,0,86,15,93.76,87.45,0.15,1011,3.8000000000000003,284,1.3,0.0000,0.0000
2022,6,17,6,30,25,83,345,165,0,22.900000000000002,85,330,39,164,88.15,76.2,0.15,1011,3.9000000000000004,280,1.6,7.9402,6.0887
2022,6,17,7,30,27.900000000000002,122,541,357,0,23.3,147,466,0,349,76.33,64.25,0.15,1010,4,280,1.9000000000000001,18.7170,14.5776
2022,6,17,8,30,31.3,147,655,551,0,22.5,154,640,0,548,59.46,51.96,0.15,1010,4.1000000000000005,284,2.3000000000000003,31.4207,24.6250
2022,6,17,9,30,33.9,161,728,722,0,21.400000000000002,192,670,0,709,48.050000000000004,39.54,0.15,1009,4.2,289,2.4000000000000004,42.2328,33.1922
2022,6,17,10,30,35.6,168,774,856,0,20.6,168,774,0,856,41.69,27.27,0.15,1009,4.3,294,2.3000000000000003,52.1043,41.0081
2022,6,17,11,30,36.9,175,793,937,0,20.3,175,793,0,937,38.04,16.05,0.15,1008,4.5,297,2.1,57.6674,45.4167
2022,6,17,12,30,37.7,162,818,966,0,20.5,162,818,0,966,36.84,10.620000000000001,0.15,1007,4.5,294,1.8,59.6346,46.9745
2022,6,17,13,30,38,144,832,937,0,20.6,185,732,0,883,36.67,17.650000000000002,0.15,1006,4.6000000000000005,288,1.6,54.2807,42.7465
2022,6,17,14,30,37.9,145,800,844,8,20.700000000000003,275,517,0,726,36.96,29.17,0.15,1005,4.6000000000000005,283,1.5,44.0765,34.6843
2022,6,17,15,30,37.4,148,734,698,8,20.8,257,455,0,598,38.230000000000004,41.49,0.15,1004,4.7,287,1.4000000000000001,35.4546,27.8560
2022,6,17,16,30,36.300000000000004,148,627,517,8,20.900000000000002,212,438,0,470,40.77,53.9,0.15,1004,4.7,301,1.4000000000000001,26.7295,20.9345
2022,6,17,17,30,34.5,120,498,321,9,21.200000000000003,42,1,0,42,45.93,66.15,0.15,1004,4.6000000000000005,315,1.1,2.2207,1.7268
2022,6,17,18,30,32.1,72,308,136,9,23.1,20,0,0,20,58.9,78.02,0.15,1004,4.5,325,0.8,0.9570,0.7314
2022,6,17,19,30,30,8,25,8,9,24.400000000000002,5,0,71,5,72.12,89.05,0.15,1004,4.3,330,0.7000000000000001,0.0000,0.0000
2022,6,17,20,30,28.700000000000003,0,0,0,6,24.1,0,0,0,0,76.06,99.91,0.15,1005,4.2,326,0.7000000000000001,0.0000,0.0000
2022,6,17,21,30,27.8,0,0,0,7,23.8,0,0,0,0,78.99,109.10000000000001,0.15,1005,4.1000000000000005,309,0.7000000000000001,0.0000,0.0000
2022,6,17,22,30,26.700000000000003,0,0,0,7,23.400000000000002,0,0,0,0,82.35000000000001,116.42,0.15,1004,4.1000000000000005,295,0.7000000000000001,0.0000,0.0000
2022,6,17,23,30,25.5,0,0,0,8,23.3,0,0,0,0,87.65,121.15,0.15,1004,4.1000000000000005,291,0.7000000000000001,0.0000,0.0000
2022,6,18,0,30,24.700000000000003,0,0,0,8,22.900000000000002,0,0,0,0,89.71000000000001,122.63,0.15,1004,4.2,286,0.8,0.0000,0.0000
2022,6,18,1,30,24.200000000000003,0,0,0,7,22.6,0,0,0,0,90.85000000000001,120.62,0.15,1004,4.3,278,0.9,0.0000,0.0000
2022,6,18,2,30,23.8,0,0,0,7,22.400000000000002,0,0,0,0,91.78,115.44,0.15,1004,4.4,276,1.1,0.0000,0.0000
2022,6,18,3,30,23.5,0,0,0,7,22.3,0,0,0,0,93.10000000000001,107.79,0.15,1004,4.7,282,1.3,0.0000,0.0000
2022,6,18,4,30,23.400000000000002,0,0,0,7,22.5,0,0,0,0,94.42,98.36,0.15,1004,4.6000000000000005,293,1.5,0.0000,0.0000
2022,6,18,5,30,23.8,18,76,21,7,22.6,17,1,100,17,92.87,87.48,0.15,1004,4.1000000000000005,302,1.7000000000000002,0.0000,0.0000
2022,6,18,6,30,24.900000000000002,70,434,173,8,22.6,106,239,11,163,87.23,76.23,0.15,1004,3.2,312,1.9000000000000001,7.8900,6.0498
2022,6,18,7,30,27.1,97,648,378,0,22.1,130,527,11,359,74.08,64.28,0.15,1005,2.5,333,2.3000000000000003,19.2492,14.9917
2022,6,18,8,30,29.700000000000003,109,773,585,8,18.7,189,533,0,517,51.83,51.99,0.15,1005,2.2,349,2.6,29.6396,23.2290
2022,6,18,9,30,32.1,117,846,769,0,15.3,169,715,0,720,36.29,39.57,0.15,1005,2,348,2.6,42.8851,33.7047
2022,6,18,10,30,33.800000000000004,121,888,910,0,12.700000000000001,121,888,0,910,27.94,27.310000000000002,0.15,1005,2,340,2.4000000000000004,55.3884,43.5927
2022,6,18,11,30,35,120,915,999,0,11.600000000000001,120,915,0,999,24.23,16.07,0.15,1004,2,332,2.4000000000000004,61.4823,48.4212
2022,6,18,12,30,35.800000000000004,124,916,1024,0,11.3,124,916,0,1024,22.78,10.59,0.15,1004,2,330,2.5,63.2159,49.7956
2022,6,18,13,30,36.300000000000004,126,900,984,0,11.4,138,882,0,979,22.3,17.6,0.15,1003,2.1,332,2.5,60.1844,47.3959
2022,6,18,14,30,36.300000000000004,119,884,891,0,11.5,119,884,0,891,22.48,29.12,0.15,1003,2.1,336,2.5,54.0978,42.5703
2022,6,18,15,30,35.800000000000004,108,852,747,0,11.5,108,852,0,747,23.02,41.43,0.15,1003,2.1,340,2.4000000000000004,44.2953,34.8023
2022,6,18,16,30,34.9,94,796,564,0,11.4,94,796,0,564,24.09,53.85,0.15,1003,2.1,345,2.3000000000000003,32.0824,25.1274
2022,6,18,17,30,33.2,76,698,359,0,11.600000000000001,76,698,0,359,26.830000000000002,66.1,0.15,1003,2.1,351,2,18.9895,14.7668
2022,6,18,18,30,30,52,508,158,0,13.3,52,508,0,158,35.910000000000004,77.97,0.15,1004,2,178,1.5,7.5624,5.7802
2022,6,18,19,30,27.1,10,73,11,0,14.3,10,73,0,11,45.35,89,0.16,1005,2,11,1.3,0.0000,0.0000
2022,6,18,20,30,25.700000000000003,0,0,0,0,13.4,0,0,0,0,46.660000000000004,99.86,0.16,1006,1.9000000000000001,25,1.5,0.0000,0.0000
2022,6,18,21,30,24.400000000000002,0,0,0,0,13.4,0,0,0,0,50.21,109.05,0.16,1007,1.8,32,1.5,0.0000,0.0000
2022,6,18,22,30,23.3,0,0,0,0,13.200000000000001,0,0,0,0,53.21,116.38,0.16,1008,1.8,32,1.6,0.0000,0.0000
2022,6,18,23,30,22.3,0,0,0,0,12.9,0,0,0,0,55.35,121.12,0.16,1009,1.7000000000000002,29,1.6,0.0000,0.0000
2022,6,19,0,30,21.400000000000002,0,0,0,0,12.600000000000001,0,0,0,0,57.4,122.61,0.16,1009,1.6,27,1.6,0.0000,0.0000
2022,6,19,1,30,20.6,0,0,0,0,12.3,0,0,0,0,58.82,120.61,0.16,1010,1.5,25,1.6,0.0000,0.0000
2022,6,19,2,30,19.6,0,0,0,0,11.9,0,0,0,0,61,115.45,0.16,1010,1.5,25,1.6,0.0000,0.0000
2022,6,19,3,30,18.8,0,0,0,0,11.5,0,0,0,0,62.690000000000005,107.81,0.16,1010,1.4000000000000001,26,1.6,0.0000,0.0000
2022,6,19,4,30,18.3,0,0,0,0,11.200000000000001,0,0,0,0,63.190000000000005,98.39,0.16,1011,1.4000000000000001,26,1.6,0.0000,0.0000
2022,6,19,5,30,18.900000000000002,18,167,25,0,10.9,18,167,0,25,59.76,87.5,0.16,1012,1.3,27,1.8,0.0000,0.0000
2022,6,19,6,30,21,54,590,194,0,10.600000000000001,54,590,0,194,51.32,76.26,0.16,1012,1.3,36,2.5,9.3883,7.1983
2022,6,19,7,30,23.5,74,761,404,0,8.5,74,761,0,404,38.39,64.32000000000001,0.16,1013,1.3,47,2.8000000000000003,21.6558,16.8655
2022,6,19,8,30,25.8,89,846,610,0,7.6000000000000005,89,846,0,610,31.42,52.03,0.16,1013,1.3,50,2.5,34.9657,27.4027
2022,6,19,9,30,27.8,100,895,790,0,7.5,100,895,0,790,27.85,39.61,0.16,1013,1.4000000000000001,49,2.1,47.0501,36.9779
2022,6,19,10,30,29.400000000000002,108,924,929,0,7.4,108,924,0,929,25.21,27.34,0.16,1013,1.4000000000000001,44,1.8,56.5426,44.5010
2022,6,19,11,30,30.700000000000003,112,941,1016,0,6.9,112,941,0,1016,22.54,16.1,0.16,1013,1.4000000000000001,36,1.7000000000000002,62.5273,49.2441
2022,6,19,12,30,31.700000000000003,110,949,1043,0,6.1000000000000005,110,949,0,1043,20.16,10.57,0.16,1012,1.4000000000000001,29,1.5,64.3894,50.7200
2022,6,19,13,30,32.4,104,948,1008,0,5.300000000000001,104,948,0,1008,18.26,17.55,0.16,1011,1.5,23,1.4000000000000001,61.9695,48.8018
2022,6,19,14,30,32.6,100,929,912,0,4.5,100,929,0,912,17.17,29.07,0.16,1011,1.5,20,1.4000000000000001,55.3767,43.5770
2022,6,19,15,30,32.4,96,890,764,0,3.8000000000000003,96,890,0,764,16.5,41.38,0.16,1011,1.5,21,1.4000000000000001,45.3090,35.5991
2022,6,19,16,30,31.700000000000003,90,825,577,0,3.1,90,825,0,577,16.37,53.800000000000004,0.16,1010,1.5,25,1.3,32.8291,25.7127
2022,6,19,17,30,30.1,76,718,367,0,3.4000000000000004,76,718,0,367,18.32,66.05,0.16,1011,1.5,35,1.1,19.4202,15.1024
2022,6,19,18,30,27.200000000000003,53,517,161,0,7.300000000000001,53,517,0,161,28.3,77.92,0.16,1011,1.5,55,1,7.7079,5.8919
2022,6,19,19,30,24.400000000000002,11,83,13,0,9.8,11,67,11,12,39.61,88.96000000000001,0.16,1012,1.5,79,1.1,0.0000,0.0000
2022,6,19,20,30,22.700000000000003,0,0,0,8,8.700000000000001,0,0,0,0,40.81,99.82000000000001,0.16,1012,1.5,96,1.2000000000000002,0.0000,0.0000
2022,6,19,21,30,21.400000000000002,0,0,0,3,8.9,0,0,0,0,44.660000000000004,109.01,0.16,1013,1.6,113,1.2000000000000002,0.0000,0.0000
2022,6,19,22,30,20.5,0,0,0,0,9.1,0,0,0,0,47.81,116.35000000000001,0.16,1013,1.6,129,1.2000000000000002,0.0000,0.0000
2022,6,19,23,30,19.700000000000003,0,0,0,0,9.600000000000001,0,0,0,0,52.07,121.09,0.16,1013,1.8,142,1.1,0.0000,0.0000
2022,6,20,0,30,19.1,0,0,0,0,10.5,0,0,0,0,57.43,122.60000000000001,0.16,1013,1.9000000000000001,159,1.1,0.0000,0.0000
2022,6,20,1,30,18.7,0,0,0,0,11.600000000000001,0,0,0,0,63.45,120.61,0.16,1013,2.1,178,1.1,0.0000,0.0000
2022,6,20,2,30,18.5,0,0,0,0,12.700000000000001,0,0,0,0,69.07000000000001,115.46000000000001,0.16,1013,2.3000000000000003,201,1,0.0000,0.0000
2022,6,20,3,30,18.3,0,0,0,0,13.600000000000001,0,0,0,0,73.94,107.83,0.16,1014,2.4000000000000004,225,1,0.0000,0.0000
2022,6,20,4,30,18.2,0,0,0,0,14.100000000000001,0,0,0,0,76.78,98.42,0.16,1014,2.6,257,0.9,0.0000,0.0000
2022,6,20,5,30,19.400000000000002,17,88,21,0,14.5,17,88,0,21,73.11,87.53,0.16,1015,2.7,300,0.8,0.0000,0.0000
2022,6,20,6,30,22.200000000000003,67,452,174,8,14.4,98,220,11,150,61.35,76.3,0.16,1016,2.7,312,0.7000000000000001,7.2568,5.5636
2022,6,20,7,30,25.700000000000003,95,645,374,0,13.8,126,534,0,357,47.69,64.36,0.16,1017,2.8000000000000003,274,0.5,19.1310,14.8987
2022,6,20,8,30,28.6,113,747,572,0,11.4,113,747,0,572,34.36,52.07,0.16,1016,2.9000000000000004,249,0.4,32.7822,25.6912
2022,6,20,9,30,30.5,127,803,745,0,9.600000000000001,127,803,0,745,27.35,39.65,0.16,1016,3.1,265,0.5,44.3660,34.8681
2022,6,20,10,30,32,137,836,879,0,9,137,836,0,879,24.12,27.38,0.16,1016,3.1,280,0.7000000000000001,53.4966,42.1035
2022,6,20,11,30,33.2,142,856,964,0,8.8,142,856,0,964,22.27,16.13,0.16,1015,3.2,292,0.8,59.3258,46.7227
2022,6,20,12,30,34.1,146,858,989,0,8.700000000000001,182,773,0,942,21.06,10.56,0.16,1015,3.1,313,0.8,58.1545,45.8087
2022,6,20,13,30,34.7,147,845,953,7,8.700000000000001,233,636,0,840,20.37,17.51,0.16,1014,3.1,336,0.9,51.6428,40.6695
2022,6,20,14,30,34.9,138,828,862,0,8.9,139,819,0,855,20.330000000000002,29.02,0.16,1014,3.1,174,0.9,51.9194,40.8565
2022,6,20,15,30,34.7,126,793,721,0,9,173,688,0,690,20.79,41.34,0.16,1013,3.1,0,0.7000000000000001,40.9245,32.1544
2022,6,20,16,30,34,111,729,542,7,8.9,179,561,7,511,21.45,53.75,0.16,1012,3.1,169,0.4,29.0803,22.7769
2022,6,20,17,30,32.800000000000004,92,611,341,8,9,174,290,0,292,23.150000000000002,66,0.16,1012,3.1,172,0.4,15.4575,12.0213
2022,6,20,18,30,30.400000000000002,63,394,146,8,12.100000000000001,96,187,7,135,32.42,77.88,0.16,1013,3.1,36,0.6000000000000001,6.4645,4.9418
2022,6,20,19,30,27.5,10,42,11,8,14.3,10,1,71,10,44.42,88.92,0.16,1013,3.1,78,0.9,0.0000,0.0000
2022,6,20,20,30,25.3,0,0,0,7,13.9,0,0,0,0,49.21,99.78,0.16,1014,3.2,100,1,0.0000,0.0000
2022,6,20,21,30,24.200000000000003,0,0,0,7,13.4,0,0,0,0,50.76,108.98,0.16,1014,3.3000000000000003,120,0.9,0.0000,0.0000
2022,6,20,22,30,23.400000000000002,0,0,0,6,13.8,0,0,0,0,54.86,116.32000000000001,0.16,1014,3.4000000000000004,141,1,0.0000,0.0000
2022,6,20,23,30,22.700000000000003,0,0,0,7,14.700000000000001,0,0,0,0,60.620000000000005,121.08,0.16,1014,3.5,158,1,0.0000,0.0000
2022,6,21,0,30,22.400000000000002,0,0,0,7,15.5,0,0,0,0,64.9,122.60000000000001,0.16,1014,3.5,168,1,0.0000,0.0000
2022,6,21,1,30,22.1,0,0,0,7,15.9,0,0,0,0,67.97,120.62,0.16,1014,3.6,182,1,0.0000,0.0000
2022,6,21,2,30,21.5,0,0,0,8,16,0,0,0,0,70.91,115.48,0.16,1014,3.4000000000000004,201,1.1,0.0000,0.0000
2022,6,21,3,30,20.900000000000002,0,0,0,0,15.9,0,0,0,0,72.91,107.86,0.16,1014,3.3000000000000003,220,1.2000000000000002,0.0000,0.0000
2022,6,21,4,30,20.400000000000002,0,0,0,8,15.9,0,0,0,0,75.45,98.45,0.16,1014,3.2,237,1.2000000000000002,0.0000,0.0000
2022,6,21,5,30,21.3,17,93,21,0,16.3,15,14,61,16,72.96000000000001,87.57000000000001,0.16,1014,3.1,255,1.2000000000000002,0.0000,0.0000
2022,6,21,6,30,23.700000000000003,67,450,173,3,16.3,111,108,0,137,63.07,76.34,0.16,1015,3.1,272,1.1,6.6259,5.0795
2022,6,21,7,30,26.900000000000002,95,639,371,0,15.4,136,491,0,348,49.24,64.4,0.16,1015,3,296,1.1,18.6433,14.5185
2022,6,21,8,30,30,112,749,572,8,13.8,206,468,0,493,37.12,52.120000000000005,0.16,1015,2.9000000000000004,326,1.2000000000000002,28.2489,22.1381
2022,6,21,9,30,32.1,141,785,745,8,11.8,265,511,0,658,28.93,39.7,0.16,1015,2.8000000000000003,347,1.3,39.1804,30.7925
2022,6,21,10,30,33.4,175,789,875,8,10.9,301,542,0,782,25.41,27.42,0.16,1015,2.7,179,1.3,47.5906,37.4552
2022,6,21,11,30,34.4,175,819,962,8,10.4,306,573,0,856,23.18,16.16,0.16,1014,2.8000000000000003,8,1.3,52.6782,41.4873
2022,6,21,12,30,34.800000000000004,177,823,986,8,10.100000000000001,341,489,4,822,22.2,10.55,0.16,1014,2.9000000000000004,16,1.3,50.7465,39.9734
2022,6,21,13,30,34.800000000000004,176,809,948,8,9.700000000000001,362,385,0,729,21.650000000000002,17.47,0.16,1013,3.1,24,1.4000000000000001,44.8200,35.2964
2022,6,21,14,30,34.6,164,794,859,8,9.4,249,623,0,794,21.38,28.97,0.16,1013,3,31,1.4000000000000001,48.2186,37.9444
2022,6,21,15,30,34.5,142,771,721,0,9.1,142,771,0,721,21.11,41.29,0.16,1012,2.9000000000000004,39,1.4000000000000001,42.7684,33.6035
2022,6,21,16,30,34.1,117,726,547,0,8.9,117,726,0,547,21.330000000000002,53.71,0.16,1012,2.8000000000000003,50,1.3,31.1344,24.3862
2022,6,21,17,30,32.7,93,625,348,8,9.4,169,332,0,304,23.81,65.96000000000001,0.16,1011,2.7,74,1.1,16.0977,12.5196
2022,6,21,18,30,29.5,62,427,152,0,13.100000000000001,63,421,0,152,36.52,77.83,0.16,1011,2.5,109,1,7.2804,5.5660
2022,6,21,19,30,26.3,11,56,12,0,14.600000000000001,9,30,29,10,48.480000000000004,88.88,0.16,1012,2.4000000000000004,135,1,0.0000,0.0000
2022,6,21,20,30,24.700000000000003,0,0,0,0,13.8,0,0,0,0,50.7,99.74000000000001,0.16,1012,2.3000000000000003,146,1.1,0.0000,0.0000
2022,6,21,21,30,23.6,0,0,0,0,14.3,0,0,0,0,56.09,108.95,0.16,1012,2.2,156,1.1,0.0000,0.0000
2022,6,21,22,30,22.700000000000003,0,0,0,8,15.200000000000001,0,0,0,0,62.57,116.3,0.16,1012,2.2,168,1,0.0000,0.0000
2022,6,21,23,30,22,0,0,0,8,15.9,0,0,0,0,68.4,121.07000000000001,0.16,1012,2.2,183,1,0.0000,0.0000
2022,6,22,0,30,21.400000000000002,0,0,0,7,16.5,0,0,0,0,73.60000000000001,122.60000000000001,0.16,1011,2.2,201,0.9,0.0000,0.0000
2022,6,22,1,30,20.8,0,0,0,7,16.900000000000002,0,0,0,0,78.22,120.64,0.16,1011,2.1,223,0.9,0.0000,0.0000
2022,6,22,2,30,20.3,0,0,0,8,17,0,0,0,0,81.14,115.51,0.16,1010,2.1,242,0.9,0.0000,0.0000
2022,6,22,3,30,19.8,0,0,0,3,16.8,0,0,0,0,82.8,107.89,0.16,1010,2.1,258,1,0.0000,0.0000
2022,6,22,4,30,19.6,0,0,0,0,16.400000000000002,0,0,0,0,81.54,98.49000000000001,0.16,1010,2,271,0.9,0.0000,0.0000
2022,6,22,5,30,21.3,18,99,22,0,15.9,18,99,0,22,71.29,87.61,0.16,1010,1.9000000000000001,279,1.1,0.0000,0.0000
2022,6,22,6,30,24.400000000000002,66,484,180,0,15.200000000000001,66,484,0,180,56.69,76.38,0.16,1010,1.8,276,1.2000000000000002,8.7029,6.6713
2022,6,22,7,30,28.400000000000002,90,683,385,0,14.600000000000001,90,683,0,385,42.980000000000004,64.45,0.16,1010,1.8,280,1.1,20.6181,16.0557
2022,6,22,8,30,32.7,105,790,590,0,12.200000000000001,105,790,0,590,28.77,52.160000000000004,0.16,1010,1.9000000000000001,315,1.1,33.8015,26.4892
2022,6,22,9,30,35.6,115,852,770,0,10.100000000000001,115,852,0,770,21.21,39.74,0.16,1009,1.9000000000000001,350,1,45.8452,36.0302
2022,6,22,10,30,37.300000000000004,122,885,907,0,10.3,122,885,0,907,19.62,27.47,0.16,1008,2.1,355,0.9,55.1942,43.4392
2022,6,22,11,30,38.300000000000004,130,896,990,0,10.4,130,896,0,990,18.69,16.2,0.16,1008,2.2,344,0.8,60.9229,47.9804
2022,6,22,12,30,38.7,135,893,1013,0,10.600000000000001,178,793,0,958,18.61,10.56,0.16,1007,2.3000000000000003,330,0.8,59.1422,46.5867
2022,6,22,13,30,38.5,135,880,975,8,11.100000000000001,293,549,4,817,19.41,17.44,0.16,1006,2.4000000000000004,319,0.9,50.2315,39.5581
2022,6,22,14,30,38.400000000000006,133,853,880,0,11.700000000000001,154,808,0,861,20.29,28.93,0.16,1005,2.5,313,1,52.2904,41.1488
2022,6,22,15,30,38,123,811,733,0,12.200000000000001,123,811,0,733,21.47,41.25,0.16,1004,2.7,311,1.2000000000000002,43.4846,34.1664
2022,6,22,16,30,37.2,107,747,550,0,12.8,107,747,0,550,23.35,53.660000000000004,0.16,1004,2.9000000000000004,313,1.2000000000000002,31.3120,24.5257
2022,6,22,17,30,35.6,86,644,349,0,14.3,86,644,0,349,28.01,65.92,0.16,1004,3.1,317,0.9,18.4863,14.3778
2022,6,22,18,30,33.4,57,449,152,0,19,57,449,0,152,42.58,77.8,0.16,1004,3.1,320,0.8,7.2815,5.5671
2022,6,22,19,30,31.5,11,65,12,0,18.2,11,65,0,12,45.11,88.86,0.16,1004,3.2,314,1,0.0000,0.0000
2022,6,22,20,30,29.700000000000003,0,0,0,0,17.1,0,0,0,0,46.71,99.71000000000001,0.16,1003,3.2,303,1,0.0000,0.0000
2022,6,22,21,30,28.1,0,0,0,0,17.3,0,0,0,0,51.82,108.93,0.16,1003,3.1,300,1,0.0000,0.0000
2022,6,22,22,30,27.400000000000002,0,0,0,0,17.2,0,0,0,0,53.870000000000005,116.28,0.16,1003,3.1,304,1.1,0.0000,0.0000
2022,6,22,23,30,26.700000000000003,0,0,0,0,17.400000000000002,0,0,0,0,56.57,121.07000000000001,0.16,1003,3,309,1.2000000000000002,0.0000,0.0000
2022,6,23,0,30,25.700000000000003,0,0,0,8,17.7,0,0,0,0,61.15,122.61,0.16,1002,3,315,1.2000000000000002,0.0000,0.0000
2022,6,23,1,30,25,0,0,0,8,17.900000000000002,0,0,0,0,64.93,120.66,0.16,1002,3,322,1.3,0.0000,0.0000
2022,6,23,2,30,24.400000000000002,0,0,0,0,18.1,0,0,0,0,68.15,115.54,0.16,1002,3.2,327,1.4000000000000001,0.0000,0.0000
2022,6,23,3,30,23.900000000000002,0,0,0,7,18.400000000000002,0,0,0,0,71.22,107.93,0.16,1002,3.4000000000000004,332,1.4000000000000001,0.0000,0.0000
2022,6,23,4,30,23.700000000000003,0,0,0,8,18.8,0,0,0,0,73.89,98.54,0.16,1003,3.6,338,1.4000000000000001,0.0000,0.0000
2022,6,23,5,30,24.5,16,73,19,8,19.3,12,0,86,12,72.65,87.66,0.16,1003,3.8000000000000003,343,1.4000000000000001,0.0000,0.0000
2022,6,23,6,30,26.700000000000003,71,406,166,7,19.6,64,15,0,68,65.29,76.43,0.16,1003,3.9000000000000004,347,1.2000000000000002,3.2865,2.5191
2022,6,23,7,30,29.900000000000002,104,592,359,8,20.3,184,260,0,296,56.35,64.49,0.16,1003,4.1000000000000005,183,1.3,15.8472,12.3401
2022,6,23,8,30,32.800000000000004,127,695,553,8,20.900000000000002,238,330,0,440,49.61,52.21,0.16,1003,4.3,12,1.5,25.2028,19.7504
2022,6,23,9,30,34.5,146,751,723,0,20.700000000000003,166,701,0,705,44.52,39.79,0.16,1003,4.6000000000000005,182,1.3,41.9703,32.9846
2022,6,23,10,30,35.7,161,780,853,0,20.3,238,594,0,765,40.78,27.52,0.16,1002,4.9,352,1.1,46.5499,36.6358
2022,6,23,11,30,36.7,167,800,935,0,20.400000000000002,169,794,0,931,38.660000000000004,16.25,0.16,1002,5.1000000000000005,344,0.9,57.2902,45.1193
2022,6,23,12,30,37.300000000000004,170,805,961,0,20.200000000000003,170,805,0,961,37.04,10.57,0.16,1002,5.2,335,0.7000000000000001,59.3272,46.7324
2022,6,23,13,30,37.5,172,790,926,8,20,262,586,0,821,36.160000000000004,17.41,0.16,1001,5.300000000000001,325,0.6000000000000001,50.4786,39.7528
2022,6,23,14,30,37,175,750,832,8,19.900000000000002,348,317,11,626,36.9,28.900000000000002,0.16,1001,5.4,320,0.4,38.0200,29.9190
2022,6,23,15,30,35.800000000000004,170,692,691,3,19.8,255,379,4,540,39.2,41.21,0.16,1001,5.4,160,0.4,32.0382,25.1730
2022,6,23,16,30,34.4,148,623,517,0,20.1,220,429,0,474,43.32,53.63,0.16,1002,5.4,21,0.5,26.9888,21.1397
2022,6,23,17,30,32.800000000000004,115,517,326,5,21.5,105,10,0,109,51.46,65.88,0.16,1002,5.300000000000001,53,0.8,5.7754,4.4920
2022,6,23,18,30,30.6,73,317,140,8,22.5,61,105,18,83,61.93,77.76,0.16,1003,5.2,73,1,3.9769,3.0408
2022,6,23,19,30,28.5,9,30,10,9,23.5,6,0,71,6,74.22,88.83,0.16,1003,5,86,1.2000000000000002,0.0000,0.0000
2022,6,23,20,30,27.1,0,0,0,6,24,0,0,0,0,82.94,99.68,0.16,1004,4.9,94,1.4000000000000001,0.0000,0.0000
2022,6,23,21,30,26.3,0,0,0,8,24.3,0,0,0,0,88.85000000000001,108.91,0.16,1004,4.800000000000001,100,1.3,0.0000,0.0000
2022,6,23,22,30,25.8,0,0,0,0,24.5,0,0,0,0,92.5,116.28,0.16,1005,4.7,107,1.2000000000000002,0.0000,0.0000
2022,6,23,23,30,25.400000000000002,0,0,0,0,24.400000000000002,0,0,0,0,94.48,121.07000000000001,0.16,1005,4.6000000000000005,113,1.1,0.0000,0.0000
2022,6,24,0,30,25,0,0,0,0,24.400000000000002,0,0,0,0,96.45,122.63,0.16,1005,4.5,114,1,0.0000,0.0000
2022,6,24,1,30,24.700000000000003,0,0,0,0,24.3,0,0,0,0,97.81,120.69,0.16,1006,4.4,110,1,0.0000,0.0000
2022,6,24,2,30,24.400000000000002,0,0,0,0,24.200000000000003,0,0,0,0,98.77,115.58,0.16,1006,4.3,101,1,0.0000,0.0000
2022,6,24,3,30,24.1,0,0,0,0,24.1,0,0,0,0,99.7,107.97,0.16,1006,4.2,92,1.1,0.0000,0.0000
2022,6,24,4,30,23.8,0,0,0,0,23.8,0,0,0,0,100,98.58,0.16,1007,4.1000000000000005,85,1.3,0.0000,0.0000
2022,6,24,5,30,24.200000000000003,16,59,18,0,23.700000000000003,15,49,7,17,97.01,87.71000000000001,0.16,1008,4.1000000000000005,82,1.6,0.0000,0.0000
2022,6,24,6,30,25.200000000000003,74,387,164,0,24,74,387,0,164,92.95,76.48,0.16,1008,4,85,2,7.9233,6.0726
2022,6,24,7,30,27.1,104,599,361,3,24,181,250,0,288,82.96000000000001,64.55,0.16,1009,4,90,2.3000000000000003,15.4122,12.0008
2022,6,24,8,30,29.400000000000002,119,719,559,3,22.6,203,3,0,205,66.88,52.27,0.16,1009,4,92,2.4000000000000004,11.7393,9.1994
2022,6,24,9,30,31.3,130,787,734,3,21,350,49,0,388,54.52,39.85,0.16,1009,4,91,2.4000000000000004,23.0953,18.1505
2022,6,24,10,30,32.6,137,827,870,0,20.1,145,798,0,852,47.79,27.57,0.16,1009,3.9000000000000004,92,2.4000000000000004,51.8404,40.7994
2022,6,24,11,30,33.6,141,849,956,0,19.5,141,849,0,956,43.51,16.29,0.16,1008,3.9000000000000004,94,2.2,58.8269,46.3295
2022,6,24,12,30,34.300000000000004,151,843,980,0,19.1,151,843,0,980,40.84,10.58,0.16,1008,3.9000000000000004,95,2,60.4999,47.6561
2022,6,24,13,30,34.7,161,818,942,0,18.8,161,818,0,942,39.160000000000004,17.38,0.16,1007,3.9000000000000004,95,1.9000000000000001,57.9195,45.6127
2022,6,24,14,30,34.9,156,793,851,7,18.5,236,633,0,790,38.050000000000004,28.86,0.16,1007,3.9000000000000004,95,1.7000000000000002,47.9832,37.7595
2022,6,24,15,30,34.7,147,748,710,0,18.3,147,748,0,710,37.97,41.17,0.16,1007,3.9000000000000004,95,1.6,42.1285,33.1014
2022,6,24,16,30,34,132,675,533,0,18,132,675,0,533,38.7,53.59,0.16,1007,3.9000000000000004,97,1.6,30.3534,23.7754
2022,6,24,17,30,32.800000000000004,109,555,336,0,17.7,109,555,0,336,40.7,65.85,0.16,1008,3.9000000000000004,102,1.5,17.8072,13.8506
2022,6,24,18,30,30.6,71,350,145,0,18.3,75,301,11,139,47.910000000000004,77.73,0.16,1008,3.9000000000000004,109,1.2000000000000002,6.6612,5.0935
2022,6,24,19,30,28.400000000000002,10,37,11,0,19.400000000000002,10,35,4,11,58.24,88.81,0.16,1008,3.8000000000000003,119,1,0.0000,0.0000
2022,6,24,20,30,27.400000000000002,0,0,0,0,19,0,0,0,0,60.17,99.66,0.16,1009,3.8000000000000003,130,1.3,0.0000,0.0000
2022,6,24,21,30,26.8,0,0,0,0,19,0,0,0,0,62.440000000000005,108.9,0.16,1009,3.7,141,1.5,0.0000,0.0000
2022,6,24,22,30,26,0,0,0,0,19.5,0,0,0,0,67.59,116.27,0.16,1010,3.6,151,1.5,0.0000,0.0000
2022,6,24,23,30,25.1,0,0,0,0,20.200000000000003,0,0,0,0,74.43,121.08,0.16,1010,3.5,156,1.2000000000000002,0.0000,0.0000
2022,6,25,0,30,24.200000000000003,0,0,0,0,20.900000000000002,0,0,0,0,81.89,122.65,0.16,1010,3.4000000000000004,154,0.9,0.0000,0.0000
2022,6,25,1,30,23.5,0,0,0,0,21.400000000000002,0,0,0,0,87.85000000000001,120.73,0.16,1010,3.3000000000000003,148,0.7000000000000001,0.0000,0.0000
2022,6,25,2,30,22.900000000000002,0,0,0,0,21.6,0,0,0,0,92.38,115.62,0.16,1010,3.2,141,0.7000000000000001,0.0000,0.0000
2022,6,25,3,30,22.400000000000002,0,0,0,0,21.700000000000003,0,0,0,0,95.9,108.02,0.16,1011,3.1,133,0.6000000000000001,0.0000,0.0000
2022,6,25,4,30,22.200000000000003,0,0,0,0,21.8,0,0,0,0,97.55,98.64,0.16,1011,3.1,123,0.7000000000000001,0.0000,0.0000
2022,6,25,5,30,23.3,17,76,20,0,21.900000000000002,17,76,0,20,91.93,87.76,0.16,1012,3.1,112,1,0.0000,0.0000
2022,6,25,6,30,25.5,69,436,170,0,21.700000000000003,69,436,14,170,79.39,76.54,0.16,1013,3.1,113,1.2000000000000002,8.2096,6.2913
2022,6,25,7,30,28.1,96,634,368,0,19.900000000000002,96,634,0,368,61.17,64.6,0.16,1013,3.2,117,1.3,19.6863,15.3282
2022,6,25,8,30,30.400000000000002,114,741,567,0,17.3,114,741,0,567,45.480000000000004,52.32,0.16,1013,3.2,111,1.3,32.4627,25.4387
2022,6,25,9,30,32.2,132,792,740,0,16.6,132,792,0,740,39.31,39.9,0.16,1013,3.3000000000000003,104,1.5,44.0426,34.6126
2022,6,25,10,30,33.4,150,815,872,0,16.6,150,815,0,872,36.64,27.63,0.16,1012,3.4000000000000004,101,1.7000000000000002,53.0531,41.7536
2022,6,25,11,30,34.1,158,832,956,0,16.6,158,832,0,956,35.22,16.35,0.16,1012,3.5,98,1.7000000000000002,58.8244,46.3274
2022,6,25,12,30,34.6,174,816,976,3,16.5,428,275,0,698,34.14,10.6,0.16,1012,3.6,90,1.6,43.0904,33.9425
2022,6,25,13,30,34.800000000000004,188,784,936,3,16.5,351,434,0,765,33.65,17.36,0.16,1011,3.7,78,1.5,47.0372,37.0427
2022,6,25,14,30,34.800000000000004,178,760,844,0,16.5,178,760,0,844,33.65,28.830000000000002,0.16,1011,3.8000000000000003,63,1.4000000000000001,51.2652,40.3424
2022,6,25,15,30,34.300000000000004,165,716,704,0,16.5,165,716,0,704,34.57,41.14,0.16,1010,3.9000000000000004,52,1.4000000000000001,41.7755,32.8242
2022,6,25,16,30,33.300000000000004,144,645,527,0,16.3,211,429,4,466,36.17,53.56,0.16,1010,4,48,1.4000000000000001,26.5413,20.7897
2022,6,25,17,30,31.900000000000002,115,529,332,7,16.400000000000002,198,112,0,244,39.33,65.82000000000001,0.16,1010,4,46,1.2000000000000002,12.9344,10.0607
2022,6,25,18,30,29.900000000000002,73,329,143,7,18,94,20,0,98,48.99,77.71000000000001,0.16,1010,4,41,0.9,4.6969,3.5916
2022,6,25,19,30,28,10,33,11,7,18.6,9,0,71,9,56.71,88.78,0.16,1011,4,44,0.7000000000000001,0.0000,0.0000
2022,6,25,20,30,26.8,0,0,0,7,18.3,0,0,0,0,59.5,99.65,0.16,1011,4,65,0.7000000000000001,0.0000,0.0000
2022,6,25,21,30,26,0,0,0,7,18.2,0,0,0,0,62.15,108.89,0.16,1012,4,101,0.9,0.0000,0.0000
2022,6,25,22,30,25.200000000000003,0,0,0,7,18.400000000000002,0,0,0,0,65.83,116.28,0.16,1012,4.1000000000000005,135,1.2000000000000002,0.0000,0.0000
2022,6,25,23,30,24.6,0,0,0,8,18.900000000000002,0,0,0,0,70.69,121.10000000000001,0.16,1012,4.1000000000000005,155,1.4000000000000001,0.0000,0.0000
2022,6,26,0,30,24.1,0,0,0,8,19.3,0,0,0,0,74.77,122.68,0.16,1012,4.1000000000000005,167,1.4000000000000001,0.0000,0.0000
2022,6,26,1,30,23.6,0,0,0,0,19.8,0,0,0,0,79.41,120.77,0.16,1012,4.1000000000000005,173,1.2000000000000002,0.0000,0.0000
2022,6,26,2,30,23,0,0,0,0,20.3,0,0,0,0,84.71000000000001,115.67,0.16,1012,4.1000000000000005,177,0.9,0.0000,0.0000
2022,6,26,3,30,22.400000000000002,0,0,0,0,20.6,0,0,0,0,89.57000000000001,108.08,0.16,1013,4,182,0.7000000000000001,0.0000,0.0000
2022,6,26,4,30,22.1,0,0,0,8,20.700000000000003,0,0,0,0,91.98,98.69,0.16,1013,3.9000000000000004,192,0.6000000000000001,0.0000,0.0000
2022,6,26,5,30,23.3,16,76,19,8,20.900000000000002,15,26,71,16,86.18,87.81,0.16,1013,3.9000000000000004,206,0.6000000000000001,0.0000,0.0000
2022,6,26,6,30,25.8,65,434,166,0,20.5,65,434,0,166,72.7,76.59,0.16,1014,3.8000000000000003,222,0.8,8.0135,6.1404
2022,6,26,7,30,28.5,94,629,363,0,18.2,94,629,0,363,53.59,64.66,0.16,1014,3.7,235,0.7000000000000001,19.4103,15.1126
2022,6,26,8,30,30.8,112,735,561,0,16.1,112,735,0,561,41.25,52.38,0.16,1014,3.6,242,0.5,32.1113,25.1628
2022,6,26,9,30,32.800000000000004,127,797,738,0,15.3,127,797,0,738,34.86,39.96,0.16,1013,3.6,202,0.30000000000000004,43.9174,34.5139
2022,6,26,10,30,34.300000000000004,137,834,875,0,15.100000000000001,178,761,0,852,31.61,27.69,0.16,1013,3.5,139,0.30000000000000004,51.8321,40.7925
2022,6,26,11,30,35.300000000000004,142,853,960,0,15.100000000000001,164,819,0,950,30.07,16.41,0.16,1012,3.5,116,0.5,58.4528,46.0346
2022,6,26,12,30,35.9,141,862,988,0,15.200000000000001,176,788,0,950,29.21,10.64,0.16,1012,3.6,118,0.7000000000000001,58.6463,46.1960
2022,6,26,13,30,36.1,134,861,956,0,15.200000000000001,239,649,0,858,28.92,17.35,0.16,1011,3.6,120,0.8,52.7559,41.5463
2022,6,26,14,30,36,127,841,864,0,15.200000000000001,159,761,0,826,29.03,28.810000000000002,0.16,1010,3.7,122,0.9,50.1733,39.4832
2022,6,26,15,30,35.6,120,800,723,0,15.200000000000001,120,800,0,723,29.73,41.11,0.16,1010,3.8000000000000003,124,0.9,42.9062,33.7128
2022,6,26,16,30,34.7,109,730,543,0,15.200000000000001,109,730,0,543,31.29,53.53,0.16,1010,3.9000000000000004,125,0.9,30.9309,24.2283
2022,6,26,17,30,33.5,90,616,343,7,15.3,144,386,4,302,33.59,65.79,0.16,1010,4,129,0.9,16.0127,12.4554
2022,6,26,18,30,31.400000000000002,61,411,149,0,17,61,411,0,149,42.12,77.68,0.16,1010,4.1000000000000005,139,0.8,7.1424,5.4620
2022,6,26,19,30,29.400000000000002,11,52,12,0,19.200000000000003,11,52,0,12,54.11,88.77,0.16,1010,4.3,153,0.9,0.0000,0.0000
2022,6,26,20,30,28.1,0,0,0,3,18.900000000000002,0,0,0,0,57.35,99.64,0.16,1011,4.4,164,1.2000000000000002,0.0000,0.0000
2022,6,26,21,30,27.1,0,0,0,3,18.900000000000002,0,0,0,0,60.9,108.89,0.16,1011,4.6000000000000005,172,1.6,0.0000,0.0000
2022,6,26,22,30,26.200000000000003,0,0,0,8,19.3,0,0,0,0,65.75,116.29,0.16,1011,4.800000000000001,179,1.8,0.0000,0.0000
2022,6,26,23,30,25.400000000000002,0,0,0,4,19.6,0,0,0,0,70.44,121.12,0.16,1011,4.9,185,1.7000000000000002,0.0000,0.0000
2022,6,27,0,30,24.6,0,0,0,4,20,0,0,0,0,75.81,122.72,0.16,1011,4.9,190,1.5,0.0000,0.0000
2022,6,27,1,30,24.1,0,0,0,5,20.3,0,0,0,0,79.41,120.82000000000001,0.16,1011,5,193,1.3,0.0000,0.0000
2022,6,27,2,30,23.700000000000003,0,0,0,7,20.400000000000002,0,0,0,0,81.92,115.73,0.16,1010,5,198,1.1,0.0000,0.0000
2022,6,27,3,30,23.400000000000002,0,0,0,8,20.5,0,0,0,0,83.96000000000001,108.14,0.16,1011,5,207,1,0.0000,0.0000
2022,6,27,4,30,23.3,0,0,0,8,20.6,0,0,0,0,84.87,98.75,0.16,1011,5,218,0.9,0.0000,0.0000
2022,6,27,5,30,23.900000000000002,15,47,17,3,20.700000000000003,9,0,86,9,82.26,87.87,0.16,1011,5,228,1.1,0.0000,0.0000
2022,6,27,6,30,25.3,78,344,157,3,20.400000000000002,75,2,0,75,74.36,76.65,0.16,1012,5,233,1.4000000000000001,3.6190,2.7728
2022,6,27,7,30,27.1,117,539,347,3,19.5,181,25,0,192,63.22,64.72,0.16,1012,4.9,234,1.5,10.2621,7.9896
2022,6,27,8,30,29.1,144,650,540,8,18.6,284,122,0,358,53.120000000000005,52.44,0.16,1011,4.9,235,1.5,20.4866,16.0533
2022,6,27,9,30,31.1,181,685,706,8,17.7,330,79,0,390,44.75,40.02,0.16,1011,4.9,233,1.3,23.2051,18.2363
2022,6,27,10,30,32.5,222,687,830,7,17,279,6,0,284,39.6,27.75,0.16,1011,4.9,231,1.2000000000000002,17.2760,13.5963
2022,6,27,11,30,33.4,234,708,913,8,16.900000000000002,297,7,0,304,37.51,16.47,0.16,1010,4.9,230,1,18.7041,14.7304
2022,6,27,12,30,34,252,696,936,8,17.2,176,1,4,177,36.77,10.67,0.16,1010,5,230,0.8,10.9266,8.6069
2022,6,27,13,30,34.2,267,661,898,8,17.400000000000002,95,0,0,95,36.94,17.34,0.16,1009,5,230,0.6000000000000001,5.8413,4.6002
2022,6,27,14,30,34,253,635,810,8,17.7,313,23,0,333,38.02,28.78,0.16,1009,5.1000000000000005,233,0.4,20.2281,15.9183
2022,6,27,15,30,33.4,230,589,674,4,18,154,1,0,155,40.09,41.09,0.16,1009,5.1000000000000005,256,0.2,9.1989,7.2279
2022,6,27,16,30,32.7,193,524,505,8,18.400000000000002,185,34,0,205,42.69,53.5,0.16,1009,5.1000000000000005,155,0.1,11.6789,9.1482
2022,6,27,17,30,31.8,144,425,318,7,19.200000000000003,193,83,0,227,47.2,65.77,0.16,1009,5.1000000000000005,52,0.2,12.0379,9.3638
2022,6,27,18,30,30,82,255,136,6,20.5,67,3,0,68,56.97,77.66,0.16,1009,5,82,0.30000000000000004,3.2600,2.4931
2022,6,27,19,30,28.200000000000003,10,22,10,6,21.8,7,0,71,7,68.46000000000001,88.76,0.16,1009,4.9,105,0.4,0.0000,0.0000
2022,6,27,20,30,27.1,0,0,0,7,21,0,0,0,0,69.32000000000001,99.63,0.16,1010,4.800000000000001,126,0.6000000000000001,0.0000,0.0000
2022,6,27,21,30,26.200000000000003,0,0,0,7,21.5,0,0,0,0,75.41,108.89,0.16,1010,4.7,144,0.7000000000000001,0.0000,0.0000
2022,6,27,22,30,25.700000000000003,0,0,0,8,21.400000000000002,0,0,0,0,77.32000000000001,116.31,0.16,1011,4.6000000000000005,156,0.8,0.0000,0.0000
2022,6,27,23,30,25.3,0,0,0,3,21.400000000000002,0,0,0,0,78.93,121.15,0.16,1011,4.5,167,0.8,0.0000,0.0000
2022,6,28,0,30,25,0,0,0,7,21.1,0,0,0,0,78.99,122.76,0.16,1011,4.5,181,0.7000000000000001,0.0000,0.0000
2022,6,28,1,30,24.8,0,0,0,0,20.900000000000002,0,0,0,0,78.83,120.87,0.16,1011,4.5,208,0.5,0.0000,0.0000
2022,6,28,2,30,24.6,0,0,0,0,20.6,0,0,0,0,78.35000000000001,115.79,0.16,1011,4.5,276,0.4,0.0000,0.0000
2022,6,28,3,30,24.1,0,0,0,0,20.5,0,0,0,0,80.43,108.2,0.16,1011,4.6000000000000005,341,0.5,0.0000,0.0000
2022,6,28,4,30,23.8,0,0,0,3,21,0,0,0,0,84.56,98.82000000000001,0.16,1012,4.7,191,0.6000000000000001,0.0000,0.0000
2022,6,28,5,30,24.1,12,21,13,0,21.3,11,12,46,11,84.63,87.93,0.16,1012,4.7,29,1,0.0000,0.0000
2022,6,28,6,30,24.900000000000002,94,226,146,8,21.6,104,166,43,142,81.69,76.72,0.16,1013,4.800000000000001,40,1.3,6.8485,5.2465
2022,6,28,7,30,26.3,155,412,331,7,20.900000000000002,202,83,0,237,72.10000000000001,64.78,0.16,1013,4.9,50,1.5,12.6617,9.8573
2022,6,28,8,30,27.900000000000002,197,532,521,7,19.700000000000003,242,96,0,300,60.89,52.5,0.16,1014,4.9,60,1.5,17.1633,13.4489
2022,6,28,9,30,29.200000000000003,226,607,690,7,19,345,176,0,480,54.36,40.08,0.16,1014,5,67,1.2000000000000002,28.5561,22.4413
2022,6,28,10,30,30,247,650,822,8,18.900000000000002,389,65,4,446,51.46,27.810000000000002,0.16,1014,5,76,0.9,27.1284,21.3502
2022,6,28,11,30,30.5,259,673,904,8,18.900000000000002,442,154,7,590,50.01,16.53,0.16,1013,5.1000000000000005,90,0.7000000000000001,36.2992,28.5873
2022,6,28,12,30,30.6,268,674,930,8,19.1,353,19,21,372,50.24,10.72,0.16,1013,5.1000000000000005,107,0.6000000000000001,22.9638,18.0887
2022,6,28,13,30,30.3,270,656,896,8,19.3,164,1,0,165,51.78,17.34,0.16,1013,5.2,121,0.6000000000000001,10.1454,7.9897
2022,6,28,14,30,29.700000000000003,256,630,808,8,19.6,351,60,0,404,54.620000000000005,28.76,0.16,1013,5.2,127,0.6000000000000001,24.5417,19.3128
2022,6,28,15,30,29,232,585,673,8,20,321,83,0,384,58.31,41.06,0.16,1013,5.2,127,0.7000000000000001,22.7911,17.9079
2022,6,28,16,30,28.3,199,511,503,7,20.8,287,166,0,386,63.76,53.480000000000004,0.16,1013,5.2,124,0.8,21.9925,17.2271
2022,6,28,17,30,27.200000000000003,152,397,315,6,21.5,87,1,0,87,70.9,65.75,0.16,1013,5.2,123,0.8,4.6143,3.5894
2022,6,28,18,30,26,86,219,133,6,21.900000000000002,32,1,0,32,78.05,77.65,0.16,1014,5.1000000000000005,124,0.7000000000000001,1.5342,1.1733
2022,6,28,19,30,25,9,16,9,7,22.5,5,0,71,5,86,88.74,0.17,1014,5.1000000000000005,125,0.6000000000000001,0.0000,0.0000
2022,6,28,20,30,24.400000000000002,0,0,0,7,22.8,0,0,0,0,90.85000000000001,99.63,0.17,1014,5.1000000000000005,123,0.6000000000000001,0.0000,0.0000
2022,6,28,21,30,24,0,0,0,7,22.900000000000002,0,0,0,0,93.82000000000001,108.9,0.17,1014,5.1000000000000005,123,0.6000000000000001,0.0000,0.0000
2022,6,28,22,30,23.8,0,0,0,7,23,0,0,0,0,95.19,116.33,0.17,1014,5.1000000000000005,128,0.6000000000000001,0.0000,0.0000
2022,6,28,23,30,23.6,0,0,0,7,23,0,0,0,0,96.36,121.19,0.17,1014,5.2,135,0.6000000000000001,0.0000,0.0000
2022,6,29,0,30,23.400000000000002,0,0,0,7,23,0,0,0,0,97.56,122.81,0.17,1014,5.2,142,0.6000000000000001,0.0000,0.0000
2022,6,29,1,30,23.200000000000003,0,0,0,5,23,0,0,0,0,98.65,120.93,0.17,1014,5.2,145,0.5,0.0000,0.0000
2022,6,29,2,30,23.1,0,0,0,7,22.900000000000002,0,0,0,0,98.99000000000001,115.86,0.17,1015,5.2,140,0.5,0.0000,0.0000
2022,6,29,3,30,23,0,0,0,5,22.8,0,0,0,0,98.96000000000001,108.27,0.17,1015,5.300000000000001,127,0.6000000000000001,0.0000,0.0000
2022,6,29,4,30,22.900000000000002,0,0,0,5,22.6,0,0,0,0,98.47,98.89,0.17,1015,5.300000000000001,108,0.6000000000000001,0.0000,0.0000
2022,6,29,5,30,23.400000000000002,14,34,15,7,22.700000000000003,9,0,86,9,95.79,87.99,0.17,1015,5.300000000000001,92,0.7000000000000001,0.0000,0.0000
2022,6,29,6,30,25,83,298,151,7,23.5,44,1,0,44,91.36,76.78,0.17,1016,5.300000000000001,88,0.8,2.1212,1.6248
2022,6,29,7,30,26.700000000000003,129,493,339,7,24,113,7,0,116,85.21000000000001,64.85,0.17,1016,5.300000000000001,94,0.6000000000000001,6.1941,4.8219
2022,6,29,8,30,27.5,158,614,531,7,23.200000000000003,39,0,0,39,77.33,52.57,0.17,1016,5.300000000000001,109,0.6000000000000001,2.2306,1.7478
2022,6,29,9,30,27.900000000000002,173,695,704,6,22,109,0,0,109,70.54,40.15,0.17,1016,5.300000000000001,129,0.7000000000000001,6.4836,5.0952
2022,6,29,10,30,28.1,183,741,838,6,21.8,81,0,0,81,68.7,27.88,0.17,1016,5.4,140,0.9,4.9264,3.8771
2022,6,29,11,30,28,190,765,923,6,21.900000000000002,159,1,0,160,69.31,16.61,0.17,1016,5.4,146,1.2000000000000002,9.8433,7.7520
2022,6,29,12,30,28,188,777,951,6,22.1,187,1,0,188,70.27,10.77,0.17,1016,5.5,150,1.4000000000000001,11.6051,9.1414
2022,6,29,13,30,27.900000000000002,181,775,921,6,22.3,287,5,0,292,71.76,17.34,0.17,1016,5.5,153,1.5,17.9543,14.1394
2022,6,29,14,30,27.8,172,755,834,7,22.5,366,144,0,492,72.82000000000001,28.75,0.17,1015,5.4,155,1.5,29.8878,23.5199
2022,6,29,15,30,27.700000000000003,155,720,698,7,22.5,331,202,0,483,73.56,41.050000000000004,0.17,1015,5.4,157,1.4000000000000001,28.6677,22.5254
2022,6,29,16,30,27.5,132,664,527,8,22.5,200,467,7,478,74.27,53.46,0.17,1015,5.2,155,1.3,27.2365,21.3350
2022,6,29,17,30,27,103,562,334,8,22.5,153,350,0,297,76.34,65.73,0.17,1015,5.1000000000000005,153,1.1,15.7548,12.2555
2022,6,29,18,30,25.900000000000002,66,370,145,0,22.700000000000003,66,370,0,145,82.63,77.64,0.17,1015,4.9,148,0.8,6.9522,5.3169
2022,6,29,19,30,24.700000000000003,11,44,12,0,23.200000000000003,10,40,21,11,91.21000000000001,88.74,0.17,1015,4.800000000000001,143,0.6000000000000001,0.0000,0.0000
2022,6,29,20,30,24.1,0,0,0,7,22.900000000000002,0,0,0,0,93.18,99.64,0.17,1016,4.7,141,0.7000000000000001,0.0000,0.0000
2022,6,29,21,30,23.6,0,0,0,8,22.700000000000003,0,0,0,0,94.78,108.92,0.17,1016,4.5,142,0.7000000000000001,0.0000,0.0000
2022,6,29,22,30,23.200000000000003,0,0,0,8,22.5,0,0,0,0,96.07000000000001,116.36,0.17,1016,4.4,144,0.6000000000000001,0.0000,0.0000
2022,6,29,23,30,22.900000000000002,0,0,0,6,22.400000000000002,0,0,0,0,96.8,121.23,0.17,1016,4.4,144,0.6000000000000001,0.0000,0.0000
2022,6,30,0,30,22.8,0,0,0,7,22.1,0,0,0,0,96.01,122.87,0.17,1015,4.3,140,0.6000000000000001,0.0000,0.0000
2022,6,30,1,30,22.8,0,0,0,8,22,0,0,0,0,95.04,121,0.17,1015,4.3,120,0.6000000000000001,0.0000,0.0000
2022,6,30,2,30,22.6,0,0,0,0,21.900000000000002,0,0,0,0,95.74000000000001,115.93,0.17,1015,4.2,83,0.6000000000000001,0.0000,0.0000
2022,6,30,3,30,22,0,0,0,0,21.8,0,0,0,0,98.72,108.34,0.17,1015,4.3,56,0.7000000000000001,0.0000,0.0000
2022,6,30,4,30,21.6,0,0,0,0,21.6,0,0,0,0,100,98.96000000000001,0.17,1016,4.3,50,0.7000000000000001,0.0000,0.0000
2022,6,30,5,30,22.3,15,68,17,0,21.700000000000003,15,68,0,17,96.56,88.06,0.17,1016,4.3,51,1,0.0000,0.0000
2022,6,30,6,30,24.3,66,417,161,0,22.6,66,417,0,161,90.19,76.85000000000001,0.17,1016,4.3,56,1.2000000000000002,7.7577,5.9416
2022,6,30,7,30,26.700000000000003,94,616,355,0,23.200000000000003,119,469,0,318,81.08,64.92,0.17,1016,4.4,65,1.3,16.9717,13.2111
2022,6,30,8,30,28.8,113,722,551,0,21.200000000000003,113,722,0,551,63.58,52.63,0.17,1016,4.4,74,1.4000000000000001,31.5064,24.6868
2022,6,30,9,30,30.6,127,783,725,0,20.200000000000003,149,732,0,708,54,40.21,0.17,1016,4.5,84,1.4000000000000001,42.1074,33.0901
2022,6,30,10,30,31.900000000000002,139,815,859,8,20,279,483,0,706,49.43,27.95,0.17,1015,4.7,92,1.5,42.9351,33.7897
2022,6,30,11,30,32.9,148,828,941,0,19.900000000000002,212,692,4,875,46.47,16.68,0.17,1014,4.800000000000001,98,1.6,53.8277,42.3916
2022,6,30,12,30,33.2,157,823,965,7,19.900000000000002,296,538,4,824,45.62,10.83,0.17,1014,5,103,1.7000000000000002,50.8636,40.0653
2022,6,30,13,30,33,163,802,929,8,19.8,277,569,0,820,45.99,17.34,0.17,1013,5.1000000000000005,107,1.7000000000000002,50.4197,39.7066
2022,6,30,14,30,32.4,162,772,839,8,19.8,275,512,7,724,47.57,28.740000000000002,0.17,1013,5.2,112,1.6,43.9819,34.6111
2022,6,30,15,30,31.6,151,728,700,8,19.8,248,119,0,338,49.76,41.03,0.17,1012,5.300000000000001,117,1.5,20.0624,15.7639
2022,6,30,16,30,30.6,134,656,525,7,19.900000000000002,137,46,0,164,52.86,53.45,0.17,1012,5.4,125,1.5,9.3452,7.3203
2022,6,30,17,30,29.400000000000002,110,537,331,7,20.3,146,44,0,164,58.14,65.72,0.17,1013,5.5,136,1.3,8.7003,6.7679
2022,6,30,18,30,27.900000000000002,71,337,143,7,21.200000000000003,75,7,0,76,66.82000000000001,77.63,0.17,1013,5.5,148,1,3.6441,2.7870
2022,6,30,19,30,26.6,10,34,11,7,21.700000000000003,8,0,71,8,74.49,88.74,0.16,1013,5.5,160,0.8,0.0000,0.0000
2022,6,30,20,30,25.8,0,0,0,7,22,0,0,0,0,79.41,99.65,0.16,1014,5.4,168,0.7000000000000001,0.0000,0.0000
2022,6,30,21,30,25.200000000000003,0,0,0,7,22.3,0,0,0,0,83.95,108.94,0.16,1014,5.4,172,0.7000000000000001,0.0000,0.0000
2022,6,30,22,30,24.8,0,0,0,7,22.6,0,0,0,0,87.66,116.39,0.16,1014,5.4,174,0.6000000000000001,0.0000,0.0000
2022,6,30,23,30,24.5,0,0,0,7,22.900000000000002,0,0,0,0,90.64,121.28,0.16,1013,5.4,173,0.5,0.0000,0.0000
2022,7,1,0,30,24.3,0,0,0,7,23,0,0,0,0,92.65,122.93,0.16,1013,5.300000000000001,165,0.5,0.0000,0.0000
2022,7,1,1,30,24.200000000000003,0,0,0,7,23,0,0,0,0,93.18,121.07000000000001,0.16,1013,5.300000000000001,141,0.5,0.0000,0.0000
2022,7,1,2,30,24,0,0,0,7,23,0,0,0,0,94.05,116.01,0.16,1013,5.300000000000001,111,0.5,0.0000,0.0000
2022,7,1,3,30,23.8,0,0,0,7,23,0,0,0,0,95.38,108.42,0.16,1013,5.300000000000001,91,0.6000000000000001,0.0000,0.0000
2022,7,1,4,30,23.5,0,0,0,7,23.1,0,0,0,0,97.39,99.04,0.16,1013,5.300000000000001,82,0.7000000000000001,0.0000,0.0000
2022,7,1,5,30,23.8,15,74,17,7,23.200000000000003,7,0,86,7,96.36,88.13,0.16,1013,5.300000000000001,80,0.7000000000000001,0.0000,0.0000
2022,7,1,6,30,24.6,61,438,160,6,23.8,60,7,0,62,95.41,76.93,0.16,1013,5.300000000000001,81,0.8,2.9858,2.2865
2022,7,1,7,30,25.6,86,635,354,7,24.200000000000003,119,31,0,132,92.22,64.99,0.16,1014,5.300000000000001,83,0.8,7.0412,5.4807
2022,7,1,8,30,26.6,102,739,550,7,23.900000000000002,216,114,0,285,85.13,52.7,0.16,1014,5.300000000000001,84,0.9,16.2917,12.7650
2022,7,1,9,30,27,114,800,724,7,22.700000000000003,297,226,0,469,77.21000000000001,40.28,0.16,1013,5.300000000000001,83,1,27.8886,21.9160
2022,7,1,10,30,27.200000000000003,119,839,860,8,21.400000000000002,351,336,0,648,70.59,28.02,0.16,1013,5.300000000000001,81,1.2000000000000002,39.4041,31.0106
2022,7,1,11,30,27.6,122,860,945,8,21.400000000000002,322,100,0,418,68.93,16.76,0.16,1013,5.300000000000001,77,1.3,25.7128,20.2499
2022,7,1,12,30,28,122,868,974,6,21.5,127,0,0,127,67.64,10.89,0.16,1012,5.300000000000001,74,1.4000000000000001,7.8392,6.1749
2022,7,1,13,30,28.1,118,863,942,6,21.6,70,0,0,70,67.73,17.36,0.16,1011,5.4,76,1.4000000000000001,4.3041,3.3895
2022,7,1,14,30,27.900000000000002,115,843,854,7,21.700000000000003,330,90,0,409,69.2,28.73,0.16,1011,5.4,83,1.5,24.8465,19.5527
2022,7,1,15,30,27.5,108,804,715,7,21.900000000000002,275,56,0,317,71.58,41.02,0.16,1011,5.5,90,1.5,18.8164,14.7849
2022,7,1,16,30,26.900000000000002,99,738,539,6,22.1,144,4,0,146,74.93,53.44,0.16,1010,5.5,94,1.4000000000000001,8.3198,6.5172
2022,7,1,17,30,26.1,83,633,343,6,22.5,57,1,0,57,80.38,65.72,0.16,1010,5.5,93,1.2000000000000002,3.0239,2.3523
2022,7,1,18,30,25,56,437,150,7,23,25,0,0,25,88.57000000000001,77.63,0.16,1010,5.4,86,0.9,1.1987,0.9168
2022,7,1,19,30,23.900000000000002,11,62,12,8,23.200000000000003,7,0,71,7,95.7,88.75,0.15,1010,5.4,76,0.8,0.0000,0.0000
2022,7,1,20,30,23.3,0,0,0,8,22.900000000000002,0,0,0,0,97.58,99.66,0.15,1010,5.300000000000001,66,0.9,0.0000,0.0000
2022,7,1,21,30,22.900000000000002,0,0,0,0,22.700000000000003,0,0,0,0,98.71000000000001,108.97,0.15,1010,5.2,52,0.9,0.0000,0.0000
2022,7,1,22,30,22.6,0,0,0,0,22.5,0,0,0,0,99.64,116.44,0.15,1010,5.1000000000000005,33,0.9,0.0000,0.0000
2022,7,1,23,30,22.400000000000002,0,0,0,0,22.400000000000002,0,0,0,0,100,121.34,0.15,1009,5,13,1,0.0000,0.0000
2022,7,2,0,30,22.200000000000003,0,0,0,0,22.200000000000003,0,0,0,0,100,123.01,0.15,1009,4.9,178,1,0.0000,0.0000
2022,7,2,1,30,22,0,0,0,0,22,0,0,0,0,100,121.15,0.15,1008,4.800000000000001,346,1.1,0.0000,0.0000
2022,7,2,2,30,21.8,0,0,0,0,21.8,0,0,0,0,100,116.09,0.15,1008,4.7,339,1.1,0.0000,0.0000
2022,7,2,3,30,21.6,0,0,0,0,21.6,0,0,0,0,100,108.51,0.15,1008,4.6000000000000005,335,1.1,0.0000,0.0000
2022,7,2,4,30,21.5,0,0,0,0,21.5,0,0,0,0,99.75,99.12,0.15,1009,4.6000000000000005,332,1.1,0.0000,0.0000
2022,7,2,5,30,22.1,14,79,16,0,21.5,14,79,0,16,96.12,88.2,0.15,1009,4.6000000000000005,327,1.3,0.0000,0.0000
2022,7,2,6,30,23.5,57,467,162,0,22.1,57,467,0,162,92,77,0.15,1009,4.7,325,1.6,7.7979,5.9707
2022,7,2,7,30,25.8,81,654,357,0,22.400000000000002,81,654,0,357,81.31,65.06,0.15,1010,4.7,326,1.8,19.0334,14.8143
2022,7,2,8,30,28.400000000000002,98,752,553,0,21.6,98,752,0,553,66.54,52.77,0.15,1010,4.7,324,1.9000000000000001,31.6024,24.7608
2022,7,2,9,30,30.6,113,804,726,0,21.200000000000003,113,804,0,726,57.21,40.35,0.15,1009,4.7,324,1.8,43.1636,33.9193
2022,7,2,10,30,32.1,125,834,861,0,21.200000000000003,125,834,0,861,52.57,28.09,0.15,1009,4.7,328,1.6,52.3514,41.1998
2022,7,2,11,30,33.4,129,855,947,0,21.200000000000003,162,777,0,906,48.83,16.84,0.15,1009,4.7,336,1.3,55.7283,43.8881
2022,7,2,12,30,34.4,135,855,974,0,21.1,135,855,0,974,45.84,10.97,0.15,1008,4.7,350,0.9,60.1190,47.3556
2022,7,2,13,30,35,138,841,941,0,20.8,138,841,0,941,43.71,17.37,0.15,1007,4.7,197,0.7000000000000001,57.8584,45.5646
2022,7,2,14,30,35.2,133,820,852,0,20.6,252,575,0,756,42.660000000000004,28.73,0.15,1007,4.7,56,0.6000000000000001,45.9265,36.1415
2022,7,2,15,30,34.800000000000004,124,780,713,0,20.400000000000002,124,780,0,713,43.13,41.01,0.15,1007,4.7,91,0.6000000000000001,42.3231,33.2552
2022,7,2,16,30,34,114,709,536,0,20.400000000000002,114,709,0,536,45.07,53.44,0.15,1007,4.800000000000001,122,0.6000000000000001,30.5440,23.9260
2022,7,2,17,30,32.9,95,590,338,0,20.700000000000003,95,590,0,338,48.870000000000005,65.71000000000001,0.15,1007,4.9,155,0.6000000000000001,17.9325,13.9497
2022,7,2,18,30,31.1,64,381,146,0,21.900000000000002,64,381,0,146,58.18,77.64,0.15,1007,5,175,0.6000000000000001,7.0001,5.3535
2022,7,2,19,30,29.1,11,44,12,0,23.400000000000002,11,44,0,12,71.23,88.76,0.15,1008,5.1000000000000005,181,0.7000000000000001,0.0000,0.0000
2022,7,2,20,30,28,0,0,0,8,23.200000000000003,0,0,0,0,75.21000000000001,99.68,0.15,1008,5.1000000000000005,187,0.8,0.0000,0.0000
2022,7,2,21,30,27.200000000000003,0,0,0,8,23.1,0,0,0,0,78.26,109,0.15,1009,5.1000000000000005,197,0.7000000000000001,0.0000,0.0000
2022,7,2,22,30,26.5,0,0,0,7,22.900000000000002,0,0,0,0,80.76,116.48,0.15,1009,5,207,0.7000000000000001,0.0000,0.0000
2022,7,2,23,30,25.900000000000002,0,0,0,8,22.700000000000003,0,0,0,0,82.76,121.4,0.15,1008,4.9,217,0.8,0.0000,0.0000
2022,7,3,0,30,25.400000000000002,0,0,0,0,22.700000000000003,0,0,0,0,84.95,123.08,0.15,1008,4.800000000000001,226,0.8,0.0000,0.0000
2022,7,3,1,30,24.8,0,0,0,0,22.700000000000003,0,0,0,0,88.27,121.24000000000001,0.15,1008,4.7,234,0.8,0.0000,0.0000
2022,7,3,2,30,24.400000000000002,0,0,0,0,22.8,0,0,0,0,90.98,116.18,0.15,1008,4.7,238,0.7000000000000001,0.0000,0.0000
2022,7,3,3,30,24,0,0,0,0,22.900000000000002,0,0,0,0,93.81,108.60000000000001,0.15,1009,4.7,237,0.7000000000000001,0.0000,0.0000
2022,7,3,4,30,23.8,0,0,0,0,23,0,0,0,0,95.16,99.21000000000001,0.15,1009,4.7,235,0.8,0.0000,0.0000
2022,7,3,5,30,24.700000000000003,12,56,14,8,23.1,10,0,86,10,91.04,88.28,0.15,1010,4.800000000000001,235,1,0.0000,0.0000
2022,7,3,6,30,27,68,388,155,8,23.3,95,131,4,124,79.99,77.08,0.15,1010,4.9,241,1.1,5.9656,4.5671
2022,7,3,7,30,29.700000000000003,101,582,346,0,22.900000000000002,101,582,0,346,66.93,65.14,0.15,1010,4.9,250,1.1,18.4360,14.3484
2022,7,3,8,30,31.900000000000002,124,689,540,0,22.400000000000002,124,689,0,540,57.27,52.85,0.15,1010,5,257,1.2000000000000002,30.8491,24.1700
2022,7,3,9,30,33.7,139,754,713,0,22,139,754,0,713,50.6,40.43,0.15,1010,5.1000000000000005,258,1.1,42.3826,33.3052
2022,7,3,10,30,34.9,152,790,848,0,21.8,152,790,0,848,46.6,28.17,0.15,1010,5.1000000000000005,251,0.9,51.5554,40.5730
2022,7,3,11,30,35.7,162,805,932,0,21.6,199,721,21,889,44.17,16.93,0.15,1009,5.2,237,0.8,54.6790,43.0616
2022,7,3,12,30,36,161,815,961,7,21.6,197,708,4,892,43.34,11.05,0.15,1009,5.2,222,0.8,55.0556,43.3671
2022,7,3,13,30,36,152,816,931,7,21.6,233,620,29,825,43.29,17.400000000000002,0.15,1009,5.300000000000001,210,0.9,50.7249,39.9468
2022,7,3,14,30,35.7,147,794,843,0,21.6,147,794,0,843,44.15,28.73,0.15,1008,5.300000000000001,203,1,51.2117,40.3006
2022,7,3,15,30,35.300000000000004,138,752,705,0,21.6,138,752,0,705,45.13,41.01,0.15,1008,5.4,203,1,41.8483,32.8821
2022,7,3,16,30,34.6,126,675,528,0,21.6,133,654,0,523,46.89,53.43,0.15,1008,5.5,210,1,29.8045,23.3468
2022,7,3,17,30,33.6,107,548,332,6,22.3,71,84,0,106,51.57,65.72,0.15,1009,5.6000000000000005,220,0.9,5.6234,4.3744
2022,7,3,18,30,31.8,71,333,142,6,23.1,15,4,0,16,59.97,77.64,0.15,1009,5.7,233,0.7000000000000001,0.7671,0.5867
2022,7,3,19,30,30,10,34,11,6,24.6,5,0,71,5,72.78,88.78,0.15,1010,5.800000000000001,256,0.6000000000000001,0.0000,0.0000
2022,7,3,20,30,28.900000000000002,0,0,0,6,24.6,0,0,0,0,77.84,99.71000000000001,0.15,1010,5.800000000000001,285,0.5,0.0000,0.0000
2022,7,3,21,30,27.900000000000002,0,0,0,6,24.700000000000003,0,0,0,0,82.73,109.04,0.15,1010,5.800000000000001,305,0.5,0.0000,0.0000
2022,7,3,22,30,27.1,0,0,0,6,24.5,0,0,0,0,85.97,116.54,0.15,1011,5.800000000000001,320,0.5,0.0000,0.0000
2022,7,3,23,30,26.400000000000002,0,0,0,7,24.400000000000002,0,0,0,0,88.92,121.48,0.15,1010,5.800000000000001,338,0.5,0.0000,0.0000
2022,7,4,0,30,25.8,0,0,0,8,24.3,0,0,0,0,91.39,123.17,0.15,1010,5.7,176,0.6000000000000001,0.0000,0.0000
2022,7,4,1,30,25.400000000000002,0,0,0,8,24.3,0,0,0,0,93.39,121.33,0.15,1011,5.7,12,0.6000000000000001,0.0000,0.0000
2022,7,4,2,30,25.1,0,0,0,0,24.3,0,0,0,0,95.14,116.27,0.15,1011,5.7,25,0.6000000000000001,0.0000,0.0000
2022,7,4,3,30,24.900000000000002,0,0,0,0,24.3,0,0,0,0,96.5,108.69,0.15,1011,5.6000000000000005,36,0.6000000000000001,0.0000,0.0000
2022,7,4,4,30,24.700000000000003,0,0,0,0,24.3,0,0,0,0,97.73,99.3,0.15,1011,5.6000000000000005,42,0.7000000000000001,0.0000,0.0000
2022,7,4,5,30,25.1,12,44,13,0,24.400000000000002,12,44,0,13,95.79,88.36,0.15,1012,5.6000000000000005,44,0.9,0.0000,0.0000
2022,7,4,6,30,26.400000000000002,73,348,150,0,24.700000000000003,73,348,0,150,90.31,77.16,0.15,1012,5.6000000000000005,51,0.9,7.2127,5.5210
2022,7,4,7,30,29,111,544,339,0,24.8,111,544,0,339,78.03,65.21000000000001,0.15,1012,5.6000000000000005,66,0.7000000000000001,18.0536,14.0499
2022,7,4,8,30,31.400000000000002,138,653,532,0,22.6,138,653,0,532,59.620000000000005,52.92,0.15,1012,5.6000000000000005,74,0.5,30.3832,23.8043
2022,7,4,9,30,32.6,160,714,703,0,21.5,180,671,0,690,52.2,40.5,0.15,1013,5.6000000000000005,74,0.4,41.0085,32.2250
2022,7,4,10,30,33.6,179,745,835,0,21.5,179,745,0,835,49.21,28.25,0.15,1012,5.7,76,0.4,50.7594,39.9464
2022,7,4,11,30,34.1,186,768,920,0,21.8,186,768,0,920,48.72,17.02,0.15,1012,5.7,85,0.5,56.5820,44.5601
2022,7,4,12,30,34.5,185,779,949,0,22.1,185,779,0,949,48.52,11.13,0.15,1012,5.7,95,0.6000000000000001,58.5715,46.1365
2022,7,4,13,30,34.7,180,776,920,0,22.3,180,776,0,920,48.5,17.43,0.15,1011,5.7,99,0.7000000000000001,56.5646,44.5456
2022,7,4,14,30,34.5,168,758,833,0,22.400000000000002,204,691,14,810,49.39,28.740000000000002,0.15,1011,5.7,99,0.8,49.2063,38.7224
2022,7,4,15,30,34,155,720,698,0,22.5,226,507,18,609,51.1,41.01,0.15,1010,5.6000000000000005,96,1,36.1498,28.4045
2022,7,4,16,30,33.2,138,648,524,9,22.5,175,40,0,199,53.68,53.44,0.15,1010,5.6000000000000005,92,1,11.3400,8.8830
2022,7,4,17,30,32,113,526,329,9,22.8,28,0,0,28,58.31,65.72,0.15,1010,5.6000000000000005,90,1,1.4854,1.1555
2022,7,4,18,30,30.1,73,319,141,6,23.700000000000003,27,0,0,27,68.59,77.66,0.15,1011,5.6000000000000005,89,0.9,1.2944,0.9899
2022,7,4,19,30,28.3,9,33,10,6,24.5,5,0,71,5,79.99,88.8,0.15,1011,5.7,91,0.9,0.0000,0.0000
2022,7,4,20,30,27.200000000000003,0,0,0,7,24.400000000000002,0,0,0,0,84.78,99.74000000000001,0.15,1012,5.7,100,1,0.0000,0.0000
2022,7,4,21,30,26.5,0,0,0,8,24.400000000000002,0,0,0,0,88.11,109.09,0.15,1012,5.7,114,1.1,0.0000,0.0000
2022,7,4,22,30,25.900000000000002,0,0,0,7,24.5,0,0,0,0,92.03,116.60000000000001,0.15,1012,5.6000000000000005,129,1,0.0000,0.0000
2022,7,4,23,30,25.5,0,0,0,8,24.700000000000003,0,0,0,0,95.08,121.55,0.15,1012,5.5,141,0.9,0.0000,0.0000
2022,7,5,0,30,25.1,0,0,0,8,24.700000000000003,0,0,0,0,97.51,123.26,0.15,1012,5.4,149,0.8,0.0000,0.0000
2022,7,5,1,30,24.700000000000003,0,0,0,0,24.6,0,0,0,0,99.58,121.43,0.15,1012,5.4,152,0.7000000000000001,0.0000,0.0000
2022,7,5,2,30,24.5,0,0,0,0,24.5,0,0,0,0,100,116.37,0.15,1012,5.300000000000001,151,0.6000000000000001,0.0000,0.0000
2022,7,5,3,30,24.200000000000003,0,0,0,0,24.200000000000003,0,0,0,0,100,108.78,0.15,1012,5.300000000000001,148,0.6000000000000001,0.0000,0.0000
2022,7,5,4,30,24.200000000000003,0,0,0,0,24.200000000000003,0,0,0,0,100,99.39,0.15,1012,5.300000000000001,144,0.6000000000000001,0.0000,0.0000
2022,7,5,5,30,25,12,51,13,0,24.400000000000002,12,51,0,13,96.76,88.44,0.15,1012,5.300000000000001,144,0.8,0.0000,0.0000
2022,7,5,6,30,27.6,67,379,151,0,25.1,67,379,0,151,86.43,77.24,0.15,1012,5.4,161,0.8,7.2571,5.5541
2022,7,5,7,30,30.400000000000002,103,572,342,0,25.400000000000002,103,572,0,342,74.54,65.29,0.15,1012,5.4,176,0.5,18.2024,14.1648
2022,7,5,8,30,32.800000000000004,128,676,535,0,23.8,111,384,0,342,59.21,53,0.15,1012,5.4,170,0.4,19.5255,15.2972
2022,7,5,9,30,34.5,142,746,709,0,23.700000000000003,142,746,0,709,53.410000000000004,40.58,0.15,1011,5.4,168,0.5,42.1297,33.1056
2022,7,5,10,30,35.800000000000004,149,792,846,0,23.200000000000003,149,792,0,846,48.21,28.330000000000002,0.15,1011,5.4,176,0.6000000000000001,51.4225,40.4679
2022,7,5,11,30,37.300000000000004,149,820,933,0,23.6,149,820,0,933,45.5,17.11,0.15,1010,5.5,182,0.7000000000000001,57.3777,45.1866
2022,7,5,12,30,36.9,151,827,962,0,23.700000000000003,151,827,0,962,47.03,11.22,0.15,1010,5.5,185,0.9,59.3714,46.7664
2022,7,5,13,30,35.9,153,815,930,0,23.400000000000002,153,815,0,930,48.59,17.46,0.15,1009,5.5,186,1.1,57.1782,45.0287
2022,7,5,14,30,34.7,144,796,842,0,23.6,144,796,0,842,52.74,28.75,0.15,1009,5.6000000000000005,185,1.2000000000000002,51.1495,40.2516
2022,7,5,15,30,33.5,133,760,706,0,23.400000000000002,133,760,0,706,55.730000000000004,41.02,0.15,1008,5.6000000000000005,185,1.3,41.9066,32.9279
2022,7,5,16,30,32.9,117,697,532,0,23.700000000000003,151,569,4,490,58.59,53.44,0.15,1008,5.6000000000000005,185,1.2000000000000002,27.9227,21.8727
2022,7,5,17,30,31.900000000000002,95,587,336,0,24,95,587,0,336,62.97,65.73,0.15,1008,5.6000000000000005,184,1.1,17.8236,13.8648
2022,7,5,18,30,30,64,386,146,0,24.5,72,321,18,141,72.35000000000001,77.67,0.15,1009,5.6000000000000005,184,1,6.7593,5.1691
2022,7,5,19,30,28.3,11,48,12,8,25.3,7,0,71,7,83.97,88.82000000000001,0.15,1009,5.6000000000000005,185,0.9,0.0000,0.0000
2022,7,5,20,30,27.5,0,0,0,7,24.700000000000003,0,0,0,0,84.95,99.78,0.15,1009,5.5,188,1,0.0000,0.0000
2022,7,5,21,30,26.900000000000002,0,0,0,7,24.400000000000002,0,0,0,0,86.06,109.14,0.15,1009,5.5,193,1.1,0.0000,0.0000
2022,7,5,22,30,26.400000000000002,0,0,0,7,24.400000000000002,0,0,0,0,88.57000000000001,116.67,0.15,1009,5.6000000000000005,200,1.1,0.0000,0.0000
2022,7,5,23,30,25.900000000000002,0,0,0,9,24.5,0,0,0,0,91.99,121.64,0.15,1009,5.7,210,1,0.0000,0.0000
2022,7,6,0,30,25.6,0,0,0,6,24.6,0,0,0,0,94.08,123.36,0.15,1009,5.800000000000001,220,0.9,0.0000,0.0000
2022,7,6,1,30,25.3,0,0,0,6,24.6,0,0,0,0,96.02,121.53,0.15,1008,5.9,228,0.9,0.0000,0.0000
2022,7,6,2,30,25.1,0,0,0,6,24.700000000000003,0,0,0,0,97.37,116.48,0.15,1008,6,233,0.9,0.0000,0.0000
2022,7,6,3,30,24.900000000000002,0,0,0,7,24.700000000000003,0,0,0,0,98.82000000000001,108.89,0.15,1008,6.1000000000000005,234,0.8,0.0000,0.0000
2022,7,6,4,30,24.900000000000002,0,0,0,0,24.700000000000003,0,0,0,0,99.07000000000001,99.48,0.15,1009,6,237,0.8,0.0000,0.0000
2022,7,6,5,30,25.1,11,35,12,0,24.8,11,35,0,12,98.18,88.52,0.15,1009,6,240,1,0.0000,0.0000
2022,7,6,6,30,25.6,75,320,145,0,25,76,308,0,144,96.49000000000001,77.33,0.15,1009,5.9,240,1.2000000000000002,6.9168,5.2928
2022,7,6,7,30,26.400000000000002,119,514,333,8,25.400000000000002,170,58,4,194,94.22,65.37,0.15,1010,5.800000000000001,244,1.4000000000000001,10.3191,8.0296
2022,7,6,8,30,27.1,148,627,525,3,25.3,282,60,0,318,89.68,53.08,0.15,1010,5.800000000000001,247,1.6,18.1491,14.2185
2022,7,6,9,30,28,170,693,696,3,24.700000000000003,335,142,0,443,82.31,40.660000000000004,0.15,1010,5.7,244,1.8,26.3185,20.6809
2022,7,6,10,30,28.900000000000002,185,734,831,8,24.1,345,410,0,706,75.35000000000001,28.41,0.15,1010,5.7,241,1.9000000000000001,42.9081,33.7671
2022,7,6,11,30,29.700000000000003,186,767,919,0,23.6,228,684,0,881,69.9,17.21,0.15,1009,5.7,240,1.9000000000000001,54.1758,42.6648
2022,7,6,12,30,30.5,183,782,950,0,23.3,183,782,0,950,65.41,11.32,0.15,1009,5.6000000000000005,239,1.8,58.6280,46.1808
2022,7,6,13,30,31.400000000000002,174,783,921,7,22.900000000000002,296,525,11,797,60.84,17.5,0.15,1008,5.6000000000000005,236,1.7000000000000002,48.9996,38.5879
2022,7,6,14,30,31.8,164,765,835,9,22.700000000000003,178,111,0,275,58.52,28.77,0.15,1008,5.6000000000000005,231,1.6,16.7051,13.1459
2022,7,6,15,30,31.6,154,721,698,6,22.5,187,5,0,191,58.68,41.03,0.15,1007,5.6000000000000005,227,1.5,11.3371,8.9080
2022,7,6,16,30,30.700000000000003,138,644,522,8,22.700000000000003,206,421,0,457,62.36,53.45,0.15,1007,5.7,225,1.5,26.0411,20.3987
2022,7,6,17,30,29.3,114,520,328,7,23.1,139,425,32,314,69.25,65.75,0.15,1008,5.7,223,1.4000000000000001,16.6541,12.9548
2022,7,6,18,30,27.5,73,313,140,8,23.900000000000002,73,306,68,138,80.73,77.69,0.15,1008,5.800000000000001,222,1.3,6.6147,5.0584
2022,7,6,19,30,26,9,31,10,6,24.3,7,0,71,7,90.61,88.84,0.16,1008,5.800000000000001,225,1.4000000000000001,0.0000,0.0000
2022,7,6,20,30,25.200000000000003,0,0,0,9,24.400000000000002,0,0,0,0,95.08,99.82000000000001,0.16,1008,5.9,229,1.5,0.0000,0.0000
2022,7,6,21,30,24.8,0,0,0,9,24.400000000000002,0,0,0,0,97.56,109.2,0.16,1008,5.9,230,1.5,0.0000,0.0000
2022,7,6,22,30,24.5,0,0,0,6,24.3,0,0,0,0,98.93,116.74000000000001,0.16,1008,5.9,229,1.4000000000000001,0.0000,0.0000
2022,7,6,23,30,24.3,0,0,0,6,24.200000000000003,0,0,0,0,99.21000000000001,121.73,0.16,1008,5.9,229,1.4000000000000001,0.0000,0.0000
2022,7,7,0,30,24.1,0,0,0,7,24,0,0,0,0,99.17,123.46000000000001,0.16,1008,5.9,229,1.3,0.0000,0.0000
2022,7,7,1,30,23.8,0,0,0,7,23.700000000000003,0,0,0,0,99.61,121.64,0.16,1008,5.9,230,1.2000000000000002,0.0000,0.0000
2022,7,7,2,30,23.6,0,0,0,7,23.5,0,0,0,0,99.52,116.59,0.16,1007,5.9,232,1,0.0000,0.0000
2022,7,7,3,30,23.5,0,0,0,8,23.400000000000002,0,0,0,0,99.2,108.99000000000001,0.16,1007,5.9,235,0.9,0.0000,0.0000
2022,7,7,4,30,23.400000000000002,0,0,0,0,23.3,0,0,0,0,99.29,99.58,0.16,1008,5.9,238,1,0.0000,0.0000
2022,7,7,5,30,23.900000000000002,10,34,11,0,23.3,10,34,0,11,96.4,88.60000000000001,0.16,1008,5.800000000000001,237,1.2000000000000002,0.0000,0.0000
2022,7,7,6,30,25.200000000000003,75,315,144,0,23.8,75,315,0,144,91.82000000000001,77.41,0.16,1008,5.800000000000001,237,1.4000000000000001,6.9134,5.2895
2022,7,7,7,30,27.5,119,513,332,0,24.3,119,513,0,332,82.84,65.46000000000001,0.16,1008,5.7,242,1.5,17.6476,13.7311
2022,7,7,8,30,30.1,147,629,524,0,24,147,629,0,524,69.74,53.160000000000004,0.16,1008,5.7,248,1.5,29.8960,23.4207
2022,7,7,9,30,32.4,158,715,700,0,23.400000000000002,158,715,0,700,59.18,40.74,0.16,1008,5.7,246,1.3,41.5788,32.6719
2022,7,7,10,30,33.9,160,772,838,0,23.200000000000003,160,772,0,838,53.61,28.5,0.16,1008,5.800000000000001,240,1.3,50.9243,40.0752
2022,7,7,11,30,34.5,173,784,921,0,23.1,173,784,0,921,51.75,17.31,0.16,1008,5.9,234,1.3,56.6313,44.5983
2022,7,7,12,30,34.5,180,784,948,0,23.3,200,754,0,939,52.21,11.43,0.16,1007,6,229,1.4000000000000001,57.9462,45.6435
2022,7,7,13,30,34.1,179,774,917,0,23.6,200,722,0,888,54.370000000000005,17.55,0.16,1007,6.1000000000000005,227,1.4000000000000001,54.5922,42.9921
2022,7,7,14,30,33.7,175,745,828,0,23.900000000000002,172,737,0,818,56.6,28.79,0.16,1007,6.2,227,1.3,49.6887,39.1019
2022,7,7,15,30,33.2,163,700,691,0,24.700000000000003,236,540,0,643,60.99,41.04,0.16,1006,6.2,229,1.2000000000000002,38.1652,29.9880
2022,7,7,16,30,32.300000000000004,143,630,518,0,25.400000000000002,178,476,0,461,66.92,53.47,0.16,1006,6.2,233,1.1,26.2667,20.5753
2022,7,7,17,30,30.700000000000003,114,517,326,7,25.6,162,99,0,203,74.35000000000001,65.77,0.16,1006,6.2,233,0.9,10.7651,8.3738
2022,7,7,18,30,29.1,71,318,139,6,26.200000000000003,71,11,0,73,84.41,77.72,0.16,1007,6.2,230,0.8,3.4985,2.6752
2022,7,7,19,30,27.8,9,29,10,9,26.200000000000003,4,0,71,4,91.02,88.88,0.15,1007,6.1000000000000005,229,0.7000000000000001,0.0000,0.0000
2022,7,7,20,30,27.1,0,0,0,9,25.700000000000003,0,0,0,0,92.26,99.87,0.15,1008,6.1000000000000005,231,0.8,0.0000,0.0000
2022,7,7,21,30,26.5,0,0,0,6,25.5,0,0,0,0,94.06,109.26,0.15,1008,6.2,233,0.8,0.0000,0.0000
2022,7,7,22,30,26,0,0,0,7,25.200000000000003,0,0,0,0,95.45,116.82000000000001,0.15,1008,6.2,232,0.8,0.0000,0.0000
2022,7,7,23,30,25.6,0,0,0,7,25,0,0,0,0,96.61,121.83,0.15,1008,6.2,229,0.9,0.0000,0.0000
2022,7,8,0,30,25.3,0,0,0,7,24.8,0,0,0,0,97.25,123.57000000000001,0.15,1008,6.300000000000001,228,0.9,0.0000,0.0000
2022,7,8,1,30,25,0,0,0,7,24.700000000000003,0,0,0,0,98.23,121.76,0.15,1008,6.300000000000001,230,0.9,0.0000,0.0000
2022,7,8,2,30,24.8,0,0,0,7,24.6,0,0,0,0,98.93,116.7,0.15,1008,6.300000000000001,234,0.8,0.0000,0.0000
2022,7,8,3,30,24.700000000000003,0,0,0,5,24.6,0,0,0,0,99.15,109.10000000000001,0.15,1008,6.300000000000001,234,0.8,0.0000,0.0000
2022,7,8,4,30,24.6,0,0,0,5,24.5,0,0,0,0,99.39,99.69,0.15,1008,6.300000000000001,232,1,0.0000,0.0000
2022,7,8,5,30,25,10,26,11,3,24.6,9,15,46,9,97.45,88.69,0.15,1009,6.4,232,1.2000000000000002,0.0000,0.0000
2022,7,8,6,30,25.900000000000002,77,290,140,0,25,83,240,4,135,95.01,77.5,0.15,1009,6.5,235,1.4000000000000001,6.4779,4.9554
2022,7,8,7,30,27.1,124,489,326,0,25.700000000000003,165,284,0,283,91.94,65.54,0.15,1009,6.5,241,1.5,15.0339,11.6966
2022,7,8,8,30,28.1,154,608,518,8,25.900000000000002,283,190,0,397,88.10000000000001,53.24,0.15,1009,6.6000000000000005,244,1.7000000000000002,22.6425,17.7378
2022,7,8,9,30,28.8,174,680,689,7,25.8,247,513,0,635,83.89,40.82,0.15,1009,6.6000000000000005,244,1.6,37.7106,29.6319
2022,7,8,10,30,29.6,188,723,823,3,25.700000000000003,443,180,0,601,79.66,28.59,0.15,1009,6.6000000000000005,236,1.6,36.5175,28.7375
2022,7,8,11,30,30.1,200,742,908,3,25.6,451,278,0,716,77.12,17.42,0.15,1009,6.5,225,1.6,44.0224,34.6684
2022,7,8,12,30,30.3,201,752,938,0,25.6,201,752,0,938,76.15,11.540000000000001,0.15,1009,6.5,216,1.8,57.8814,45.5924
2022,7,8,13,30,30.3,195,748,908,0,25.700000000000003,323,500,4,800,76.3,17.6,0.15,1008,6.5,213,1.9000000000000001,49.1803,38.7300
2022,7,8,14,30,29.900000000000002,188,724,822,7,25.8,282,488,0,710,78.77,28.82,0.15,1008,6.6000000000000005,212,2,43.1266,33.9378
2022,7,8,15,30,29.400000000000002,170,686,687,7,26.1,270,455,0,613,82.54,41.06,0.15,1008,6.7,211,2,36.3827,28.5874
2022,7,8,16,30,28.6,148,617,515,9,26.5,215,39,0,238,88.7,53.49,0.15,1008,6.800000000000001,211,2,13.5595,10.6214
2022,7,8,17,30,27.8,120,492,322,7,26.8,186,135,0,241,94.05,65.79,0.15,1008,6.9,214,1.9000000000000001,12.7783,9.9396
2022,7,8,18,30,27,77,280,136,7,26.6,83,28,0,89,97.69,77.75,0.15,1008,7,219,1.9000000000000001,4.2646,3.2609
2022,7,8,19,30,26.5,9,21,9,7,26.3,7,0,71,7,99.04,88.91,0.15,1008,7,224,1.9000000000000001,0.0000,0.0000
2022,7,8,20,30,26.1,0,0,0,7,26.1,0,0,0,0,100,99.92,0.15,1009,6.800000000000001,228,1.9000000000000001,0.0000,0.0000
2022,7,8,21,30,25.900000000000002,0,0,0,7,25.900000000000002,0,0,0,0,100,109.33,0.15,1009,6.7,229,1.8,0.0000,0.0000
2022,7,8,22,30,25.700000000000003,0,0,0,7,25.700000000000003,0,0,0,0,100,116.91,0.15,1009,6.6000000000000005,230,1.6,0.0000,0.0000
2022,7,8,23,30,25.5,0,0,0,7,25.5,0,0,0,0,100,121.93,0.15,1009,6.5,232,1.6,0.0000,0.0000
2022,7,9,0,30,25.3,0,0,0,7,25.3,0,0,0,0,100,123.69,0.15,1009,6.5,234,1.5,0.0000,0.0000
2022,7,9,1,30,25.1,0,0,0,7,25.1,0,0,0,0,100,121.88,0.15,1009,6.5,236,1.4000000000000001,0.0000,0.0000
2022,7,9,2,30,25,0,0,0,7,25,0,0,0,0,100,116.82000000000001,0.15,1008,6.4,237,1.3,0.0000,0.0000
2022,7,9,3,30,24.8,0,0,0,7,24.8,0,0,0,0,100,109.21000000000001,0.15,1009,6.300000000000001,238,1.3,0.0000,0.0000
2022,7,9,4,30,24.700000000000003,0,0,0,0,24.700000000000003,0,0,0,0,100,99.79,0.15,1009,6.1000000000000005,238,1.3,0.0000,0.0000
2022,7,9,5,30,24.900000000000002,10,34,11,0,24.700000000000003,9,15,21,9,98.64,88.78,0.15,1009,6,238,1.5,0.0000,0.0000
2022,7,9,6,30,25.700000000000003,72,325,142,7,25.1,86,138,0,116,96.26,77.60000000000001,0.15,1009,5.9,243,1.9000000000000001,5.5630,4.2548
2022,7,9,7,30,26.900000000000002,113,526,330,7,25.400000000000002,110,238,39,208,91.49,65.63,0.15,1009,5.9,251,2.2,11.0421,8.5903
2022,7,9,8,30,28.8,139,644,524,3,25.200000000000003,209,15,4,218,81.13,53.33,0.15,1009,5.9,254,2.3000000000000003,12.4286,9.7361
2022,7,9,9,30,30.6,157,713,696,8,24.8,315,294,0,537,71.25,40.910000000000004,0.15,1008,5.9,256,2.2,31.8837,25.0529
2022,7,9,10,30,32,172,751,831,8,24.6,417,164,32,561,64.93,28.68,0.15,1008,6,258,2,34.0827,26.8213
2022,7,9,11,30,33,179,773,916,7,24.5,274,549,4,798,61.120000000000005,17.52,0.15,1007,6.1000000000000005,257,1.6,49.0603,38.6357
2022,7,9,12,30,33.6,172,792,948,8,24.5,373,364,0,729,58.99,11.66,0.15,1007,6.300000000000001,250,1.4000000000000001,44.9820,35.4315
2022,7,9,13,30,33.7,160,799,921,7,24.400000000000002,388,227,0,604,58.370000000000005,17.66,0.15,1007,6.4,239,1.3,37.1294,29.2397
2022,7,9,14,30,33.2,157,771,832,7,24.400000000000002,319,392,11,662,59.88,28.85,0.15,1006,6.5,227,1.3,40.2093,31.6420
2022,7,9,15,30,32.1,149,724,695,7,24.5,319,123,0,412,64.44,41.09,0.15,1006,6.5,219,1.4000000000000001,24.4512,19.2122
2022,7,9,16,30,30.900000000000002,135,648,520,7,25.400000000000002,253,133,0,332,72.47,53.51,0.15,1006,6.4,217,1.4000000000000001,18.9133,14.8150
2022,7,9,17,30,29.5,108,536,328,8,25.6,155,341,0,295,79.78,65.82000000000001,0.15,1006,6.4,216,1.3,15.6379,12.1636
2022,7,9,18,30,28.1,68,342,140,7,25.8,71,319,54,138,87.48,77.79,0.15,1006,6.300000000000001,213,1.1,6.6112,5.0547
2022,7,9,19,30,26.900000000000002,9,35,10,8,25.900000000000002,6,0,71,6,94.14,88.96000000000001,0.15,1007,6.300000000000001,210,1,0.0000,0.0000
2022,7,9,20,30,26.200000000000003,0,0,0,0,25.700000000000003,0,0,0,0,97.21000000000001,99.98,0.15,1007,6.2,210,1.1,0.0000,0.0000
2022,7,9,21,30,25.8,0,0,0,0,25.6,0,0,0,0,98.93,109.4,0.15,1007,6.2,212,1.1,0.0000,0.0000
2022,7,9,22,30,25.5,0,0,0,8,25.5,0,0,0,0,99.99000000000001,117,0.15,1006,6.2,219,1.1,0.0000,0.0000
2022,7,9,23,30,25.400000000000002,0,0,0,7,25.400000000000002,0,0,0,0,99.95,122.04,0.15,1006,6.300000000000001,230,1.2000000000000002,0.0000,0.0000
2022,7,10,0,30,25.200000000000003,0,0,0,7,25.200000000000003,0,0,0,0,100,123.81,0.15,1006,6.300000000000001,238,1.1,0.0000,0.0000
2022,7,10,1,30,25,0,0,0,8,25,0,0,0,0,100,122.01,0.15,1006,6.300000000000001,241,0.9,0.0000,0.0000
2022,7,10,2,30,24.8,0,0,0,7,24.8,0,0,0,0,100,116.95,0.15,1005,6.2,236,0.7000000000000001,0.0000,0.0000
2022,7,10,3,30,24.700000000000003,0,0,0,7,24.700000000000003,0,0,0,0,100,109.33,0.15,1005,6.2,222,0.7000000000000001,0.0000,0.0000
2022,7,10,4,30,24.6,0,0,0,7,24.6,0,0,0,0,100,99.9,0.15,1005,6.1000000000000005,207,0.6000000000000001,0.0000,0.0000
2022,7,10,5,30,25,9,24,9,0,24.700000000000003,6,1,50,6,98.27,88.87,0.15,1006,6.1000000000000005,198,0.7000000000000001,0.0000,0.0000
2022,7,10,6,30,25.900000000000002,77,281,137,8,25.200000000000003,50,4,18,51,95.75,77.69,0.15,1006,6.1000000000000005,189,0.6000000000000001,2.4446,1.8694
2022,7,10,7,30,27,122,491,324,3,26.1,75,1,0,75,94.9,65.72,0.15,1006,6.300000000000001,104,0.2,3.9788,3.0951
2022,7,10,8,30,27.8,146,624,518,3,25.8,171,155,4,263,89.03,53.410000000000004,0.15,1006,6.4,31,0.30000000000000004,14.9890,11.7415
2022,7,10,9,30,28.1,168,690,689,5,25.700000000000003,219,9,0,226,86.88,40.99,0.15,1006,6.5,43,0.4,13.4158,10.5415
2022,7,10,10,30,27.900000000000002,200,706,819,8,25.400000000000002,194,2,0,196,86.06,28.77,0.15,1006,6.6000000000000005,60,0.5,11.9062,9.3694
2022,7,10,11,30,27.6,218,717,901,8,25.1,165,0,0,165,86.03,17.64,0.15,1006,6.6000000000000005,75,0.8,10.1431,7.9878
2022,7,10,12,30,27.400000000000002,218,728,931,8,24.900000000000002,434,116,39,548,86.13,11.790000000000001,0.15,1006,6.6000000000000005,78,1.1,33.8114,26.6326
2022,7,10,13,30,27.3,207,732,904,8,25.1,438,146,4,577,87.84,17.73,0.15,1006,6.6000000000000005,73,1.4000000000000001,35.4677,27.9311
2022,7,10,14,30,27.1,191,718,820,3,25.3,413,77,0,480,89.78,28.89,0.15,1005,6.6000000000000005,67,1.6,29.1531,22.9415
2022,7,10,15,30,26.700000000000003,166,691,687,3,25.400000000000002,296,265,0,496,92.77,41.12,0.15,1005,6.6000000000000005,62,1.8,29.4342,23.1274
2022,7,10,16,30,26.200000000000003,140,636,518,7,25.400000000000002,180,99,0,239,95.55,53.54,0.15,1005,6.6000000000000005,57,1.9000000000000001,13.6136,10.6635
2022,7,10,17,30,25.5,106,543,328,7,25.200000000000003,33,30,0,45,98.09,65.85,0.15,1005,6.5,51,2,2.3849,1.8550
2022,7,10,18,30,24.6,64,366,141,7,24.6,24,1,0,24,100,77.83,0.15,1006,6.4,46,2.1,1.1495,0.8788
2022,7,10,19,30,23.8,9,39,10,7,23.8,4,0,71,4,100,89,0.14,1006,6.300000000000001,45,2.2,0.0000,0.0000
2022,7,10,20,30,23.1,0,0,0,7,23.1,0,0,0,0,100,100.05,0.14,1006,6.1000000000000005,48,2.3000000000000003,0.0000,0.0000
2022,7,10,21,30,22.5,0,0,0,8,22.5,0,0,0,0,100,109.48,0.14,1006,5.9,51,2.4000000000000004,0.0000,0.0000
2022,7,10,22,30,22,0,0,0,7,21.900000000000002,0,0,0,0,99.54,117.10000000000001,0.14,1006,5.7,52,2.5,0.0000,0.0000
2022,7,10,23,30,21.400000000000002,0,0,0,7,21.3,0,0,0,0,99.64,122.16,0.14,1006,5.5,52,2.6,0.0000,0.0000
2022,7,11,0,30,21,0,0,0,0,20.8,0,0,0,0,99,123.94,0.14,1006,5.4,50,2.6,0.0000,0.0000
2022,7,11,1,30,20.6,0,0,0,0,20.400000000000002,0,0,0,0,98.93,122.14,0.14,1006,5.4,49,2.6,0.0000,0.0000
2022,7,11,2,30,20.400000000000002,0,0,0,0,20.1,0,0,0,0,98.24000000000001,117.08,0.14,1006,5.4,48,2.5,0.0000,0.0000
2022,7,11,3,30,20.200000000000003,0,0,0,0,19.900000000000002,0,0,0,0,98.32000000000001,109.45,0.14,1006,5.4,44,2.3000000000000003,0.0000,0.0000
2022,7,11,4,30,20.1,0,0,0,0,19.8,0,0,0,0,98.27,100.01,0.14,1006,5.5,40,2.1,0.0000,0.0000
2022,7,11,5,30,20.1,11,53,12,0,19.700000000000003,9,43,7,10,97.71000000000001,88.96000000000001,0.14,1007,5.5,38,2.1,0.0000,0.0000
2022,7,11,6,30,20.400000000000002,58,422,147,0,19.700000000000003,58,422,0,147,95.92,77.78,0.14,1007,5.5,40,2.1,7.0427,5.3848
2022,7,11,7,30,20.8,86,618,339,0,19.700000000000003,86,618,0,339,93.18,65.81,0.14,1008,5.4,44,2.2,17.9718,13.9790
2022,7,11,8,30,21.700000000000003,104,726,536,0,19.6,104,726,0,536,87.83,53.5,0.14,1008,5.4,47,2.1,30.5361,23.9193
2022,7,11,9,30,22.700000000000003,125,774,708,3,19.8,220,3,0,222,83.75,41.08,0.14,1008,5.4,51,1.9000000000000001,13.1755,10.3525
2022,7,11,10,30,23.6,144,796,841,3,20.200000000000003,150,0,0,150,81.18,28.86,0.14,1008,5.4,57,1.8,9.1107,7.1695
2022,7,11,11,30,24.400000000000002,145,824,930,3,20.5,262,180,0,433,79.12,17.75,0.14,1008,5.5,66,1.7000000000000002,26.6158,20.9601
2022,7,11,12,30,25,145,833,960,3,20.900000000000002,298,260,7,552,78.07000000000001,11.92,0.14,1008,5.5,75,1.6,34.0560,26.8252
2022,7,11,13,30,25.400000000000002,143,826,929,3,21.200000000000003,328,302,0,616,77.49,17.8,0.14,1007,5.5,84,1.4000000000000001,37.8630,29.8173
2022,7,11,14,30,25.8,137,805,842,7,21.5,365,237,7,572,76.96000000000001,28.93,0.14,1007,5.5,91,1.3,34.7388,27.3369
2022,7,11,15,30,26.1,128,768,706,3,21.8,251,6,0,256,77.01,41.15,0.14,1007,5.4,95,1.1,15.1907,11.9358
2022,7,11,16,30,26.3,112,705,531,3,22,188,12,0,195,77.42,53.57,0.14,1007,5.300000000000001,97,1,11.1059,8.6991
2022,7,11,17,30,25.8,93,593,335,3,22.200000000000003,114,4,0,116,80.54,65.89,0.14,1007,5.2,100,0.8,6.1459,4.7801
2022,7,11,18,30,24.8,62,385,143,8,22.6,86,43,0,95,87.41,77.87,0.14,1007,5.1000000000000005,109,0.6000000000000001,4.5493,3.4778
2022,7,11,19,30,23.8,8,36,9,3,22.900000000000002,6,0,71,6,94.47,89.05,0.14,1007,5,116,0.5,0.0000,0.0000
2022,7,11,20,30,23.400000000000002,0,0,0,8,22.6,0,0,0,0,95.13,100.12,0.14,1007,4.9,115,0.6000000000000001,0.0000,0.0000
2022,7,11,21,30,23.400000000000002,0,0,0,7,22.5,0,0,0,0,94.84,109.57000000000001,0.14,1007,4.800000000000001,108,0.7000000000000001,0.0000,0.0000
2022,7,11,22,30,23.3,0,0,0,7,22.5,0,0,0,0,95.5,117.21000000000001,0.14,1007,4.800000000000001,102,0.7000000000000001,0.0000,0.0000
2022,7,11,23,30,23.3,0,0,0,8,22.6,0,0,0,0,95.94,122.28,0.14,1007,4.800000000000001,99,0.7000000000000001,0.0000,0.0000
2022,7,12,0,30,23.200000000000003,0,0,0,8,22.700000000000003,0,0,0,0,96.85000000000001,124.08,0.14,1007,4.800000000000001,99,0.6000000000000001,0.0000,0.0000
2022,7,12,1,30,23.200000000000003,0,0,0,7,22.700000000000003,0,0,0,0,96.94,122.28,0.14,1006,4.800000000000001,92,0.5,0.0000,0.0000
2022,7,12,2,30,23,0,0,0,7,22.700000000000003,0,0,0,0,98.09,117.21000000000001,0.14,1006,4.800000000000001,73,0.5,0.0000,0.0000
2022,7,12,3,30,22.8,0,0,0,7,22.6,0,0,0,0,98.96000000000001,109.58,0.14,1006,4.800000000000001,54,0.5,0.0000,0.0000
2022,7,12,4,30,22.6,0,0,0,7,22.5,0,0,0,0,99.68,100.13,0.14,1006,4.800000000000001,51,0.5,0.0000,0.0000
2022,7,12,5,30,23.3,8,35,9,7,22.6,6,0,71,6,96.09,89.06,0.14,1007,4.9,58,0.6000000000000001,0.0000,0.0000
2022,7,12,6,30,24.8,63,381,143,8,23.1,81,261,50,136,90.10000000000001,77.88,0.14,1007,5,89,0.4,6.5123,4.9784
2022,7,12,7,30,26.700000000000003,93,595,336,7,23.400000000000002,163,119,0,212,81.96000000000001,65.9,0.14,1007,5.1000000000000005,179,0.30000000000000004,11.2312,8.7353
2022,7,12,8,30,28.3,111,711,533,8,23.400000000000002,236,264,0,393,74.66,53.59,0.14,1007,5.2,246,0.5,22.3806,17.5305
2022,7,12,9,30,29.5,122,778,708,7,23.3,297,139,0,402,69.32000000000001,41.17,0.14,1007,5.300000000000001,247,0.7000000000000001,23.8530,18.7419
2022,7,12,10,30,30.3,133,814,845,7,23.200000000000003,347,276,0,588,65.98,28.96,0.14,1007,5.4,240,0.7000000000000001,35.7090,28.1003
2022,7,12,11,30,30.8,136,836,932,7,23.1,385,162,0,539,63.61,17.87,0.14,1007,5.5,226,0.8,33.1283,26.0886
2022,7,12,12,30,31.1,128,857,966,7,23,419,134,0,550,62.27,12.06,0.14,1007,5.5,211,1,33.9303,26.7260
2022,7,12,13,30,31.200000000000003,113,870,941,7,22.900000000000002,388,26,0,413,61.52,17.88,0.14,1006,5.4,201,1.2000000000000002,25.3838,19.9898
2022,7,12,14,30,31.1,106,856,855,7,22.900000000000002,360,54,0,407,61.67,28.98,0.14,1006,5.300000000000001,198,1.4000000000000001,24.7162,19.4498
2022,7,12,15,30,30.700000000000003,99,823,718,7,22.8,297,153,0,412,62.980000000000004,41.19,0.14,1006,5.2,199,1.6,24.4452,19.2071
2022,7,12,16,30,30,89,762,541,7,22.900000000000002,226,223,0,358,65.67,53.61,0.14,1006,5.2,202,1.7000000000000002,20.3857,15.9677
2022,7,12,17,30,28.8,76,651,342,7,23.200000000000003,160,187,0,236,71.69,65.93,0.14,1006,5.2,201,1.6,12.4998,9.7217
2022,7,12,18,30,27.3,55,441,147,8,23.700000000000003,80,108,7,103,80.82000000000001,77.92,0.14,1006,5.2,200,1.5,4.9311,3.7694
2022,7,12,19,30,26.3,9,52,10,5,23.5,3,0,71,3,84.36,89.11,0.14,1007,5.300000000000001,202,1.5,0.0000,0.0000
2022,7,12,20,30,25.8,0,0,0,4,23.200000000000003,0,0,0,0,85.61,100.19,0.14,1007,5.4,207,1.5,0.0000,0.0000
2022,7,12,21,30,25.5,0,0,0,7,23.1,0,0,0,0,86.36,109.66,0.14,1007,5.4,213,1.5,0.0000,0.0000
2022,7,12,22,30,25.1,0,0,0,7,22.900000000000002,0,0,0,0,87.77,117.32000000000001,0.14,1008,5.5,218,1.5,0.0000,0.0000
2022,7,12,23,30,24.8,0,0,0,7,22.8,0,0,0,0,88.84,122.41,0.14,1008,5.5,222,1.3,0.0000,0.0000
2022,7,13,0,30,24.400000000000002,0,0,0,7,22.8,0,0,0,0,90.64,124.22,0.14,1008,5.5,226,1.1,0.0000,0.0000
2022,7,13,1,30,24.1,0,0,0,8,22.700000000000003,0,0,0,0,92.08,122.43,0.14,1008,5.4,228,1,0.0000,0.0000
2022,7,13,2,30,23.8,0,0,0,7,22.700000000000003,0,0,0,0,93.55,117.35000000000001,0.14,1008,5.300000000000001,227,1,0.0000,0.0000
2022,7,13,3,30,23.400000000000002,0,0,0,7,22.6,0,0,0,0,95.5,109.71000000000001,0.14,1008,5.300000000000001,226,0.9,0.0000,0.0000
2022,7,13,4,30,23.200000000000003,0,0,0,8,22.6,0,0,0,0,96.41,100.25,0.14,1008,5.300000000000001,227,0.9,0.0000,0.0000
2022,7,13,5,30,23.700000000000003,8,47,9,7,22.700000000000003,4,0,71,4,94.05,89.15,0.14,1009,5.300000000000001,227,1.1,0.0000,0.0000
2022,7,13,6,30,25,58,420,145,8,23,83,25,0,88,88.74,77.98,0.14,1009,5.300000000000001,229,1.3,4.2118,3.2191
2022,7,13,7,30,26.400000000000002,84,627,339,7,23.5,109,11,0,113,84.25,65.99,0.14,1009,5.300000000000001,234,1.5,5.9823,4.6525
2022,7,13,8,30,27.5,99,737,536,8,23.8,163,12,0,170,80.48,53.68,0.14,1009,5.4,238,1.7000000000000002,9.6774,7.5799
2022,7,13,9,30,28.200000000000003,121,781,708,7,23.8,241,18,0,255,77.01,41.26,0.14,1009,5.4,236,1.8,15.1273,11.8857
2022,7,13,10,30,28.900000000000002,143,797,840,7,23.700000000000003,256,8,0,263,73.57000000000001,29.060000000000002,0.14,1009,5.5,229,1.9000000000000001,15.9696,12.5668
2022,7,13,11,30,29.3,146,822,928,7,23.6,309,15,0,323,71.28,18,0.14,1009,5.6000000000000005,221,2,19.8504,15.6321
2022,7,13,12,30,29.3,144,834,959,8,23.400000000000002,386,59,0,444,70.60000000000001,12.21,0.14,1009,5.6000000000000005,215,2.1,27.3889,21.5734
2022,7,13,13,30,29,140,829,929,9,23.3,54,0,0,54,71.35000000000001,17.97,0.14,1009,5.6000000000000005,212,2.3000000000000003,3.3187,2.6135
2022,7,13,14,30,28.900000000000002,140,803,842,7,23.200000000000003,105,0,0,105,71.31,29.03,0.14,1008,5.5,210,2.4000000000000004,6.3760,5.0174
2022,7,13,15,30,28.700000000000003,132,762,705,7,23.200000000000003,301,96,0,373,72.12,41.230000000000004,0.14,1008,5.300000000000001,210,2.5,22.1290,17.3871
2022,7,13,16,30,28.200000000000003,117,697,530,8,23.200000000000003,212,429,4,466,74.45,53.65,0.14,1008,5,211,2.4000000000000004,26.5309,20.7809
2022,7,13,17,30,27.200000000000003,95,586,334,7,23.400000000000002,179,170,0,248,79.62,65.98,0.14,1008,4.800000000000001,211,2,13.1303,10.2116
2022,7,13,18,30,25.8,63,379,142,6,23.8,62,4,0,63,88.9,77.98,0.14,1008,4.800000000000001,206,1.4000000000000001,3.0153,2.3046
2022,7,13,19,30,24.8,8,36,9,6,24.1,4,0,71,4,95.7,89.16,0.15,1008,4.800000000000001,201,1.1,0.0000,0.0000
2022,7,13,20,30,24.3,0,0,0,7,24.1,0,0,0,0,98.55,100.28,0.15,1009,4.9,202,1.1,0.0000,0.0000
2022,7,13,21,30,24.1,0,0,0,7,24,0,0,0,0,99.57000000000001,109.76,0.15,1009,5,209,1.2000000000000002,0.0000,0.0000
2022,7,13,22,30,24,0,0,0,7,24,0,0,0,0,99.79,117.44,0.15,1009,5.1000000000000005,219,1.3,0.0000,0.0000
2022,7,13,23,30,23.900000000000002,0,0,0,8,23.900000000000002,0,0,14,0,99.73,122.55,0.15,1009,5.1000000000000005,226,1.4000000000000001,0.0000,0.0000
2022,7,14,0,30,23.700000000000003,0,0,0,3,23.700000000000003,0,0,0,0,99.87,124.37,0.15,1009,5.1000000000000005,230,1.4000000000000001,0.0000,0.0000
2022,7,14,1,30,23.5,0,0,0,7,23.5,0,0,0,0,99.92,122.58,0.15,1009,5.1000000000000005,234,1.3,0.0000,0.0000
2022,7,14,2,30,23.3,0,0,0,7,23.3,0,0,0,0,100,117.5,0.15,1009,5.2,238,1.2000000000000002,0.0000,0.0000
2022,7,14,3,30,23.200000000000003,0,0,0,7,23.200000000000003,0,0,0,0,99.93,109.84,0.15,1009,5.300000000000001,243,1.2000000000000002,0.0000,0.0000
2022,7,14,4,30,23.200000000000003,0,0,0,7,23.1,0,0,0,0,99.53,100.37,0.15,1010,5.300000000000001,247,1.1,0.0000,0.0000
2022,7,14,5,30,23.6,7,18,7,8,23.1,4,0,57,4,97.12,89.25,0.15,1010,5.300000000000001,247,1.1,0.0000,0.0000
2022,7,14,6,30,24.5,76,269,132,7,23.5,93,39,4,101,94.44,78.08,0.15,1010,5.300000000000001,249,1.1,4.8317,3.6923
2022,7,14,7,30,25.8,124,480,319,8,24.1,168,49,0,188,90.41,66.09,0.15,1011,5.300000000000001,262,1,9.9451,7.7337
2022,7,14,8,30,27.3,152,610,513,7,24.200000000000003,225,33,4,245,83.15,53.77,0.15,1011,5.4,275,0.9,13.9414,10.9194
2022,7,14,9,30,28.400000000000002,169,691,688,7,23.5,305,65,0,354,74.96000000000001,41.35,0.15,1011,5.4,277,0.9,20.9955,16.4962
2022,7,14,10,30,29,180,740,826,7,23.1,391,90,0,470,70.33,29.16,0.15,1011,5.4,275,0.7000000000000001,28.5348,22.4544
2022,7,14,11,30,29.3,187,765,914,7,22.8,405,251,0,644,68.11,18.12,0.15,1012,5.4,262,0.6000000000000001,39.5741,31.1643
2022,7,14,12,30,29.400000000000002,190,771,943,7,22.700000000000003,401,216,0,612,67.27,12.36,0.15,1011,5.4,232,0.6000000000000001,37.7493,29.7339
2022,7,14,13,30,29.200000000000003,189,761,913,7,22.8,372,54,0,423,68.35000000000001,18.06,0.15,1011,5.5,204,0.7000000000000001,25.9948,20.4708
2022,7,14,14,30,29,181,738,826,7,23,318,23,0,338,70.19,29.09,0.15,1011,5.5,195,0.9,20.5228,16.1497
2022,7,14,15,30,28.700000000000003,168,695,690,8,23.5,228,67,0,278,73.54,41.28,0.15,1011,5.5,198,0.9,16.4909,12.9570
2022,7,14,16,30,28.3,148,622,516,7,23.700000000000003,135,16,0,144,76.37,53.7,0.15,1011,5.5,205,0.8,8.1966,6.4201
2022,7,14,17,30,27.5,118,501,322,6,24,63,1,0,63,81.11,66.03,0.15,1011,5.4,209,0.7000000000000001,3.3342,2.5930
2022,7,14,18,30,26.3,73,296,134,6,24.200000000000003,28,1,0,28,88.27,78.04,0.15,1011,5.4,209,0.6000000000000001,1.3397,1.0239
2022,7,14,19,30,25.3,8,22,8,7,23.900000000000002,4,0,57,4,92.10000000000001,89.23,0.14,1011,5.300000000000001,211,0.6000000000000001,0.0000,0.0000
2022,7,14,20,30,24.8,0,0,0,7,23.6,0,0,0,0,93.03,100.36,0.14,1012,5.300000000000001,218,0.6000000000000001,0.0000,0.0000
2022,7,14,21,30,24.400000000000002,0,0,0,7,23.5,0,0,0,0,94.53,109.87,0.14,1012,5.2,226,0.6000000000000001,0.0000,0.0000
2022,7,14,22,30,24.1,0,0,0,7,23.400000000000002,0,0,0,0,95.73,117.56,0.14,1012,5.2,233,0.6000000000000001,0.0000,0.0000
2022,7,14,23,30,23.900000000000002,0,0,0,7,23.3,0,0,0,0,96.5,122.69,0.14,1012,5.1000000000000005,238,0.6000000000000001,0.0000,0.0000
2022,7,15,0,30,23.700000000000003,0,0,0,7,23.200000000000003,0,0,0,0,97.32000000000001,124.52,0.14,1012,5.1000000000000005,242,0.5,0.0000,0.0000
2022,7,15,1,30,23.5,0,0,0,7,23.200000000000003,0,0,0,0,98.15,122.74000000000001,0.14,1012,5.1000000000000005,248,0.6000000000000001,0.0000,0.0000
2022,7,15,2,30,23.3,0,0,0,7,23.1,0,0,0,0,98.74000000000001,117.65,0.14,1012,5,260,0.6000000000000001,0.0000,0.0000
2022,7,15,3,30,23.1,0,0,0,7,23,0,0,0,0,99.17,109.98,0.14,1012,4.9,272,0.6000000000000001,0.0000,0.0000
2022,7,15,4,30,23,0,0,0,7,22.900000000000002,0,0,0,0,99.13,100.49000000000001,0.14,1012,4.9,275,0.5,0.0000,0.0000
2022,7,15,5,30,23.400000000000002,7,19,7,7,22.900000000000002,4,0,57,4,97.18,89.35000000000001,0.14,1012,5,270,0.5,0.0000,0.0000
2022,7,15,6,30,24.6,73,288,132,7,23.5,35,0,0,35,93.74,78.18,0.14,1013,5,278,0.4,1.6736,1.2787
2022,7,15,7,30,26.3,120,494,320,7,23.900000000000002,162,32,0,175,86.93,66.18,0.14,1013,4.800000000000001,177,0.30000000000000004,9.2510,7.1933
2022,7,15,8,30,27.8,148,625,517,7,23.6,259,249,0,406,77.81,53.86,0.14,1013,4.6000000000000005,80,0.4,23.0938,18.0873
2022,7,15,9,30,28.5,162,711,695,7,22.6,329,106,0,408,70.42,41.44,0.14,1013,4.5,104,0.7000000000000001,24.1928,19.0080
2022,7,15,10,30,29,173,760,836,7,22.3,362,323,0,644,67.08,29.26,0.14,1012,4.3,118,0.9,39.0931,30.7626
2022,7,15,11,30,29.400000000000002,176,790,926,0,22.3,232,661,0,860,65.6,18.25,0.14,1012,4.3,128,1,52.8420,41.6124
2022,7,15,12,30,29.700000000000003,166,813,960,8,22.3,306,512,4,806,64.72,12.52,0.14,1012,4.3,139,1.2000000000000002,49.7115,39.1559
2022,7,15,13,30,30,155,819,933,0,22.400000000000002,155,819,0,933,63.800000000000004,18.16,0.14,1011,4.3,147,1.2000000000000002,57.3315,45.1480
2022,7,15,14,30,30,149,797,845,0,22.400000000000002,149,797,0,845,63.980000000000004,29.150000000000002,0.14,1011,4.3,152,1.3,51.3026,40.3707
2022,7,15,15,30,29.8,135,762,707,0,22.6,135,762,0,707,65.26,41.33,0.14,1011,4.4,159,1.4000000000000001,41.9338,32.9475
2022,7,15,16,30,29.5,118,696,530,0,22.8,118,696,0,530,67.17,53.75,0.14,1011,4.4,166,1.4000000000000001,30.1615,23.6238
2022,7,15,17,30,28.6,96,585,333,0,23,96,585,0,333,71.81,66.08,0.14,1011,4.4,173,1.3,17.6170,13.6997
2022,7,15,18,30,27,62,384,141,0,23.8,62,384,0,141,82.52,78.10000000000001,0.14,1011,4.3,179,1,6.7446,5.1539
2022,7,15,19,30,25.5,8,37,8,0,23.900000000000002,8,37,0,8,90.64,89.29,0.14,1011,4.3,188,0.9,0.0000,0.0000
2022,7,15,20,30,24.900000000000002,0,0,0,0,23.5,0,0,0,0,92.17,100.45,0.14,1011,4.2,199,1,0.0000,0.0000
2022,7,15,21,30,24.5,0,0,0,0,23.5,0,0,0,0,94.18,109.98,0.14,1012,4.1000000000000005,210,1,0.0000,0.0000
2022,7,15,22,30,24,0,0,0,0,23.400000000000002,0,0,0,0,96.5,117.69,0.14,1012,4.1000000000000005,220,1,0.0000,0.0000
2022,7,15,23,30,23.700000000000003,0,0,0,0,23.3,0,0,0,0,97.53,122.84,0.14,1012,4,229,1,0.0000,0.0000
2022,7,16,0,30,23.400000000000002,0,0,0,0,23.200000000000003,0,0,0,0,98.7,124.68,0.14,1012,4,238,0.9,0.0000,0.0000
2022,7,16,1,30,23.1,0,0,0,0,23.1,0,0,0,0,99.87,122.9,0.14,1012,4,246,0.9,0.0000,0.0000
2022,7,16,2,30,22.8,0,0,0,3,22.8,0,0,0,0,100,117.8,0.14,1012,4,253,0.9,0.0000,0.0000
2022,7,16,3,30,22.5,0,0,0,3,22.5,0,0,0,0,100,110.12,0.14,1012,4,259,0.8,0.0000,0.0000
2022,7,16,4,30,22.400000000000002,0,0,0,0,22.400000000000002,0,0,0,0,100,100.62,0.14,1012,4,265,0.8,0.0000,0.0000
2022,7,16,5,30,23.1,8,34,8,0,22.6,8,34,0,8,96.95,89.44,0.14,1012,4.1000000000000005,270,0.8,0.0000,0.0000
2022,7,16,6,30,24.6,61,384,139,0,23.3,61,384,0,139,92.28,78.29,0.14,1012,4.1000000000000005,271,1,6.6435,5.0750
2022,7,16,7,30,26.5,92,600,333,0,23.5,92,600,0,333,83.52,66.28,0.14,1012,4.2,266,1.1,17.5895,13.6759
2022,7,16,8,30,28.400000000000002,111,714,531,0,22.8,111,714,0,531,71.53,53.95,0.14,1012,4.4,249,1.1,30.1919,23.6459
2022,7,16,9,30,29.700000000000003,124,780,708,0,22.200000000000003,124,780,0,708,63.95,41.54,0.14,1012,4.5,221,1,41.9711,32.9756
2022,7,16,10,30,30.6,132,820,847,0,22,132,820,0,847,60.26,29.37,0.14,1012,4.5,198,1.3,51.4078,40.4526
2022,7,16,11,30,31,138,840,935,0,22,138,840,0,935,58.74,18.38,0.14,1012,4.6000000000000005,188,1.5,57.4443,45.2364
2022,7,16,12,30,31.1,135,852,966,0,22,180,775,0,936,58.51,12.68,0.14,1011,4.6000000000000005,184,1.8,57.7245,45.4673
2022,7,16,13,30,31,128,854,939,0,22.200000000000003,137,824,0,920,59.45,18.26,0.14,1011,4.7,184,1.9000000000000001,56.5282,44.5152
2022,7,16,14,30,30.8,121,836,851,0,22.400000000000002,142,789,0,831,60.78,29.22,0.14,1010,4.7,186,2,50.4476,39.6976
2022,7,16,15,30,30.6,112,800,712,0,22.5,119,784,0,707,62.13,41.39,0.14,1010,4.800000000000001,192,2,41.9276,32.9423
2022,7,16,16,30,30.3,101,735,535,0,22.6,132,625,0,501,63.52,53.81,0.14,1010,4.800000000000001,196,1.8,28.5037,22.3248
2022,7,16,17,30,29.3,84,625,337,0,22.700000000000003,84,625,0,337,67.75,66.15,0.14,1010,4.9,194,1.5,17.8189,13.8559
2022,7,16,18,30,27.6,55,424,142,0,23.5,57,411,14,141,78.63,78.17,0.14,1010,4.800000000000001,188,1.2000000000000002,6.7425,5.1517
2022,7,16,19,30,26.1,8,47,9,8,23.200000000000003,6,0,57,6,83.86,89.37,0.15,1010,4.7,182,1.1,0.0000,0.0000
2022,7,16,20,30,25.5,0,0,0,0,22.5,0,0,0,0,83.59,100.55,0.15,1010,4.7,180,1.3,0.0000,0.0000
2022,7,16,21,30,24.900000000000002,0,0,0,0,22.400000000000002,0,0,0,0,86.06,110.10000000000001,0.15,1010,4.6000000000000005,183,1.4000000000000001,0.0000,0.0000
2022,7,16,22,30,24.400000000000002,0,0,0,0,22.400000000000002,0,0,0,0,88.79,117.83,0.15,1010,4.5,189,1.4000000000000001,0.0000,0.0000
2022,7,16,23,30,23.8,0,0,0,0,22.5,0,0,0,0,92.34,122.99000000000001,0.15,1010,4.5,197,1.3,0.0000,0.0000
2022,7,17,0,30,23.3,0,0,0,0,22.5,0,0,0,0,95.47,124.85000000000001,0.15,1010,4.4,205,1.1,0.0000,0.0000
2022,7,17,1,30,22.900000000000002,0,0,0,0,22.5,0,0,0,0,97.85000000000001,123.06,0.15,1010,4.3,212,1.1,0.0000,0.0000
2022,7,17,2,30,22.5,0,0,0,0,22.5,0,0,0,0,99.99000000000001,117.96000000000001,0.15,1010,4.2,215,1,0.0000,0.0000
2022,7,17,3,30,22.1,0,0,0,0,22.1,0,0,0,0,100,110.26,0.15,1010,4.1000000000000005,218,0.9,0.0000,0.0000
2022,7,17,4,30,21.900000000000002,0,0,0,0,21.900000000000002,0,0,0,0,100,100.75,0.15,1011,4.1000000000000005,221,0.8,0.0000,0.0000
2022,7,17,5,30,22.8,8,38,8,0,22.200000000000003,8,38,0,8,96.44,89.55,0.15,1011,4.1000000000000005,224,0.8,0.0000,0.0000
2022,7,17,6,30,24.900000000000002,55,420,140,0,22.8,55,420,0,140,87.95,78.39,0.15,1011,4,229,0.9,6.6886,5.1086
2022,7,17,7,30,27.400000000000002,81,639,337,0,22.6,81,639,0,337,75.24,66.38,0.15,1011,4,232,0.8,17.7869,13.8281
2022,7,17,8,30,29.6,97,749,537,0,21.900000000000002,97,749,0,537,63.53,54.050000000000004,0.15,1011,4,206,0.6000000000000001,30.5196,23.9016
2022,7,17,9,30,31.200000000000003,110,811,716,0,21.5,110,811,0,716,56.27,41.63,0.15,1010,4,167,0.7000000000000001,42.4357,33.3402
2022,7,17,10,30,32.1,118,848,856,0,21.5,151,773,0,824,53.45,29.47,0.15,1010,4.1000000000000005,155,1.2000000000000002,50.0046,39.3481
2022,7,17,11,30,32.6,121,870,946,3,21.400000000000002,394,110,0,498,51.88,18.52,0.15,1010,4.1000000000000005,159,1.5,30.5925,24.0909
2022,7,17,12,30,32.9,126,871,975,0,21.400000000000002,210,717,0,909,50.79,12.85,0.15,1010,4.1000000000000005,163,1.6,56.0543,44.1514
2022,7,17,13,30,33.1,129,858,943,0,21.3,129,858,0,943,49.94,18.38,0.15,1009,4.1000000000000005,167,1.6,57.9358,45.6234
2022,7,17,14,30,32.9,123,839,855,0,21.200000000000003,123,839,0,855,50.33,29.29,0.15,1009,4.2,168,1.5,51.8993,40.8397
2022,7,17,15,30,32.6,115,800,715,0,21.200000000000003,115,800,0,715,51.22,41.45,0.15,1009,4.2,166,1.4000000000000001,42.3956,33.3097
2022,7,17,16,30,31.900000000000002,103,736,537,0,21.3,103,736,0,537,53.39,53.870000000000005,0.15,1008,4.2,161,1.3,30.5438,23.9222
2022,7,17,17,30,30.6,85,625,337,0,21.400000000000002,85,625,0,337,58.1,66.21000000000001,0.15,1008,4.2,156,1.2000000000000002,17.8105,13.8486
2022,7,17,18,30,28.400000000000002,57,414,141,0,22.700000000000003,57,414,0,141,71.41,78.24,0.15,1009,4.3,154,1.1,6.7405,5.1495
2022,7,17,19,30,26.6,8,39,8,0,22.900000000000002,8,39,0,8,80.08,89.44,0.15,1009,4.3,155,1.1,0.0000,0.0000
2022,7,17,20,30,26,0,0,0,0,22.5,0,0,0,0,81.19,100.66,0.15,1009,4.4,159,1.3,0.0000,0.0000
2022,7,17,21,30,25.5,0,0,0,0,22.900000000000002,0,0,0,0,85.37,110.22,0.15,1009,4.5,164,1.4000000000000001,0.0000,0.0000
2022,7,17,22,30,24.900000000000002,0,0,0,0,23.3,0,0,0,0,90.8,117.97,0.15,1009,4.6000000000000005,170,1.2000000000000002,0.0000,0.0000
2022,7,17,23,30,24.3,0,0,0,0,23.6,0,0,0,0,95.88,123.16,0.15,1009,4.7,176,0.9,0.0000,0.0000
2022,7,18,0,30,23.8,0,0,0,0,23.700000000000003,0,0,0,0,99.2,125.02,0.15,1009,4.800000000000001,182,0.8,0.0000,0.0000
2022,7,18,1,30,23.400000000000002,0,0,0,0,23.400000000000002,0,0,0,0,100,123.23,0.15,1009,4.9,188,0.7000000000000001,0.0000,0.0000
2022,7,18,2,30,23.1,0,0,0,0,23.1,0,0,0,0,100,118.12,0.15,1009,4.9,194,0.6000000000000001,0.0000,0.0000
2022,7,18,3,30,22.900000000000002,0,0,0,0,22.900000000000002,0,0,0,0,100,110.41,0.15,1009,5,203,0.6000000000000001,0.0000,0.0000
2022,7,18,4,30,22.900000000000002,0,0,0,0,22.900000000000002,0,0,0,0,100,100.88,0.15,1009,5.1000000000000005,213,0.6000000000000001,0.0000,0.0000
2022,7,18,5,30,23.900000000000002,7,26,7,0,23.3,7,26,0,7,96.58,89.65,0.15,1010,5.2,226,0.7000000000000001,0.0000,0.0000
2022,7,18,6,30,25.900000000000002,61,368,134,0,23.8,61,368,0,134,88.3,78.5,0.15,1010,5.300000000000001,245,1,6.3994,4.8868
2022,7,18,7,30,28,93,581,325,0,23.6,93,581,0,325,77.10000000000001,66.48,0.15,1010,5.4,261,1.1,17.1400,13.3239
2022,7,18,8,30,29.6,115,693,521,0,22.900000000000002,115,693,0,521,67.5,54.14,0.15,1010,5.4,259,1.1,29.5985,23.1795
2022,7,18,9,30,30.900000000000002,133,756,697,0,22.400000000000002,133,756,0,697,60.57,41.730000000000004,0.15,1009,5.4,240,1.1,41.2992,32.4467
2022,7,18,10,30,31.8,145,793,835,0,22.1,219,657,4,790,56.7,29.580000000000002,0.15,1009,5.4,221,1.3,47.9336,37.7181
2022,7,18,11,30,32.300000000000004,150,816,923,3,22.200000000000003,213,279,0,477,55.26,18.66,0.15,1009,5.4,212,1.6,29.2991,23.0723
2022,7,18,12,30,32.7,150,825,954,3,22.3,257,55,0,311,54.53,13.030000000000001,0.15,1008,5.4,209,1.9000000000000001,19.1762,15.1042
2022,7,18,13,30,32.9,147,821,926,8,22.400000000000002,327,395,0,702,54.25,18.490000000000002,0.15,1007,5.4,209,2.2,43.1255,33.9604
2022,7,18,14,30,32.6,139,804,840,7,22.6,248,497,0,681,55.65,29.37,0.15,1007,5.300000000000001,209,2.4000000000000004,41.3326,32.5245
2022,7,18,15,30,32,126,772,704,7,22.8,243,319,4,482,58.230000000000004,41.52,0.15,1006,5.1000000000000005,210,2.5,28.5750,22.4507
2022,7,18,16,30,31.3,109,714,529,6,22.900000000000002,29,0,0,29,61.15,53.93,0.15,1006,5,210,2.4000000000000004,1.6490,1.2915
2022,7,18,17,30,30.1,87,611,333,5,23.1,77,22,0,86,66.25,66.28,0.15,1006,4.800000000000001,208,2,4.5426,3.5319
2022,7,18,18,30,28.400000000000002,57,409,140,0,23.8,57,409,0,140,76.15,78.32000000000001,0.15,1006,4.7,203,1.5,6.6905,5.1106
2022,7,18,19,30,26.900000000000002,8,38,8,0,24,7,27,11,7,84.27,89.52,0.15,1007,4.5,199,1.3,0.0000,0.0000
2022,7,18,20,30,26.1,0,0,0,3,23.900000000000002,0,0,0,0,87.63,100.76,0.15,1007,4.5,199,1.3,0.0000,0.0000
2022,7,18,21,30,25.5,0,0,0,0,23.900000000000002,0,0,0,0,90.84,110.35000000000001,0.15,1007,4.5,202,1.3,0.0000,0.0000
2022,7,18,22,30,25.1,0,0,0,0,23.900000000000002,0,0,0,0,93.33,118.12,0.15,1007,4.5,208,1.3,0.0000,0.0000
2022,7,18,23,30,24.8,0,0,0,0,24,0,0,0,0,95.39,123.32000000000001,0.15,1007,4.4,216,1.2000000000000002,0.0000,0.0000
2022,7,19,0,30,24.400000000000002,0,0,0,0,24.1,0,0,0,0,98.17,125.2,0.15,1007,4.4,226,1.2000000000000002,0.0000,0.0000
2022,7,19,1,30,24.200000000000003,0,0,0,0,24.1,0,0,0,0,99.60000000000001,123.41,0.15,1007,4.4,234,1.2000000000000002,0.0000,0.0000
2022,7,19,2,30,24,0,0,0,0,24,0,0,0,0,100,118.28,0.15,1007,4.5,240,1.1,0.0000,0.0000
2022,7,19,3,30,23.8,0,0,0,0,23.8,0,0,0,0,100,110.56,0.15,1007,4.5,241,1.1,0.0000,0.0000
2022,7,19,4,30,23.700000000000003,0,0,0,0,23.700000000000003,0,0,0,0,100,101.01,0.15,1007,4.6000000000000005,239,1.1,0.0000,0.0000
2022,7,19,5,30,24.1,7,21,7,0,23.700000000000003,7,21,0,7,97.82000000000001,89.75,0.15,1008,4.7,236,1.4000000000000001,0.0000,0.0000
2022,7,19,6,30,25.200000000000003,63,343,131,0,24.1,63,343,0,131,93.87,78.61,0.15,1008,4.800000000000001,240,1.6,6.2538,4.7748
2022,7,19,7,30,26.900000000000002,100,559,322,0,24.400000000000002,100,559,0,322,86.28,66.58,0.15,1008,4.9,251,1.7000000000000002,16.9684,13.1893
2022,7,19,8,30,28.8,126,670,518,0,23.6,126,670,0,518,73.66,54.24,0.15,1009,5,258,1.8,29.4149,23.0349
2022,7,19,9,30,30.400000000000002,148,729,691,4,22.700000000000003,296,136,0,397,63.42,41.83,0.15,1009,5.1000000000000005,257,1.9000000000000001,23.5174,18.4761
2022,7,19,10,30,31.400000000000002,173,751,825,0,22.3,250,625,0,793,58.58,29.69,0.15,1008,5.300000000000001,253,2,48.1079,37.8548
2022,7,19,11,30,32,200,746,906,8,22.200000000000003,337,459,0,771,56.42,18.81,0.15,1008,5.4,249,2.1,47.3519,37.2880
2022,7,19,12,30,32.1,194,766,940,3,22.400000000000002,362,276,0,631,56.61,13.21,0.15,1008,5.300000000000001,247,2.3000000000000003,38.9035,30.6422
2022,7,19,13,30,32.1,163,801,922,3,22.700000000000003,324,401,0,704,57.49,18.62,0.15,1007,5,247,2.3000000000000003,43.2438,34.0533
2022,7,19,14,30,32,143,800,840,0,22.8,188,693,4,791,58.38,29.46,0.15,1006,4.800000000000001,246,2.2,48.0027,37.7728
2022,7,19,15,30,31.6,128,770,704,0,22.8,247,465,0,595,59.800000000000004,41.59,0.15,1006,4.800000000000001,245,2.1,35.2679,27.7088
2022,7,19,16,30,30.8,115,700,526,0,22.8,152,601,7,505,62.61,54.01,0.15,1006,5,242,1.9000000000000001,28.7060,22.4816
2022,7,19,17,30,29.5,98,569,326,0,23.3,136,348,4,276,69.41,66.36,0.15,1006,5.1000000000000005,234,1.6,14.5696,11.3271
2022,7,19,18,30,27.8,65,333,132,8,24.200000000000003,72,25,0,77,80.64,78.41,0.15,1006,5.1000000000000005,222,1.3,3.6785,2.8094
2022,7,19,19,30,26.5,7,18,7,7,24.1,5,0,57,5,86.49,89.61,0.15,1007,5.1000000000000005,215,1.3,0.0000,0.0000
2022,7,19,20,30,25.8,0,0,0,0,23.700000000000003,0,0,0,0,88.15,100.88,0.15,1007,5,218,1.5,0.0000,0.0000
2022,7,19,21,30,25.200000000000003,0,0,0,7,23.5,0,0,0,0,90.48,110.48,0.15,1007,5,226,1.6,0.0000,0.0000
2022,7,19,22,30,24.8,0,0,0,8,23.400000000000002,0,0,0,0,92.04,118.28,0.15,1008,5,235,1.5,0.0000,0.0000
2022,7,19,23,30,24.5,0,0,0,3,23.3,0,0,0,0,92.85000000000001,123.5,0.15,1007,5.1000000000000005,240,1.3,0.0000,0.0000
2022,7,20,0,30,24.200000000000003,0,0,0,0,23.200000000000003,0,0,0,0,93.9,125.38000000000001,0.15,1007,5.1000000000000005,241,1.3,0.0000,0.0000
2022,7,20,1,30,23.8,0,0,0,3,23.1,0,0,0,0,95.85000000000001,123.59,0.15,1007,5.1000000000000005,240,1.3,0.0000,0.0000
2022,7,20,2,30,23.6,0,0,0,3,23.1,0,0,0,0,96.9,118.45,0.15,1007,5.1000000000000005,238,1.4000000000000001,0.0000,0.0000
2022,7,20,3,30,23.400000000000002,0,0,0,3,23.1,0,0,0,0,98.05,110.71000000000001,0.15,1007,5.1000000000000005,238,1.5,0.0000,0.0000
2022,7,20,4,30,23.400000000000002,0,0,0,3,23.1,0,0,0,0,98.12,101.15,0.15,1007,5.300000000000001,237,1.5,0.0000,0.0000
2022,7,20,5,30,23.6,4,4,4,0,23.1,4,4,0,4,97.27,89.86,0.15,1007,5.6000000000000005,233,1.5,0.0000,0.0000
2022,7,20,6,30,24.200000000000003,78,203,118,0,23.400000000000002,73,93,4,91,95.29,78.72,0.15,1007,5.9,226,1.6,4.3428,3.3151
2022,7,20,7,30,25.3,136,419,302,3,23.900000000000002,197,75,0,227,92.2,66.68,0.15,1007,6.1000000000000005,231,1.9000000000000001,11.9527,9.2898
2022,7,20,8,30,26.8,165,572,498,3,24.400000000000002,280,88,0,331,86.7,54.34,0.15,1007,5.9,243,2.1,18.7876,14.7120
2022,7,20,9,30,28.700000000000003,200,631,669,0,24.200000000000003,200,631,0,669,76.73,41.93,0.15,1007,5.5,248,2,39.6200,31.1263
2022,7,20,10,30,30.700000000000003,248,634,798,3,23.900000000000002,422,184,0,582,67.12,29.810000000000002,0.15,1007,5.2,245,1.9000000000000001,35.3012,27.7773
2022,7,20,11,30,32,265,655,885,3,23.400000000000002,448,192,11,630,60.36,18.95,0.15,1006,5,238,2,38.6877,30.4651
2022,7,20,12,30,32.800000000000004,270,664,916,7,23.1,401,81,0,480,56.94,13.39,0.15,1006,5,229,2.1,29.5908,23.3069
2022,7,20,13,30,33.1,257,667,889,6,23,461,95,0,551,55.35,18.75,0.15,1005,5,223,2.4000000000000004,33.8420,26.6495
2022,7,20,14,30,33,245,639,801,7,22.8,396,261,0,623,55.1,29.55,0.15,1005,5,220,2.6,37.8025,29.7461
2022,7,20,15,30,32.5,222,596,667,7,22.700000000000003,340,263,0,536,56.25,41.67,0.15,1004,5.1000000000000005,219,2.7,31.7643,24.9559
2022,7,20,16,30,31.5,189,521,495,8,22.700000000000003,243,381,11,467,59.6,54.08,0.15,1004,5.2,217,2.6,26.5377,20.7830
2022,7,20,17,30,30.1,146,392,303,0,23.1,176,248,4,275,66.35,66.44,0.15,1005,5.300000000000001,212,2.2,14.5077,11.2781
2022,7,20,18,30,28.5,82,184,119,0,23.700000000000003,87,130,0,113,75.29,78.5,0.15,1005,5.4,207,1.9000000000000001,5.3965,4.1210
2022,7,20,19,30,27.3,4,4,4,0,23.5,4,4,0,4,79.91,89.7,0.15,1005,5.6000000000000005,207,1.8,0.0000,0.0000
2022,7,20,20,30,26.5,0,0,0,0,23.400000000000002,0,0,0,0,83.24,101,0.15,1005,5.7,211,1.9000000000000001,0.0000,0.0000
2022,7,20,21,30,26.1,0,0,0,7,23.400000000000002,0,0,0,0,85.16,110.62,0.15,1005,5.7,217,2.1,0.0000,0.0000
2022,7,20,22,30,25.900000000000002,0,0,0,7,23.5,0,0,0,0,86.78,118.44,0.15,1005,5.6000000000000005,223,2.2,0.0000,0.0000
2022,7,20,23,30,25.6,0,0,0,0,23.6,0,0,0,0,88.92,123.68,0.15,1005,5.5,228,2.1,0.0000,0.0000
2022,7,21,0,30,25.400000000000002,0,0,0,0,23.700000000000003,0,0,0,0,90.3,125.57000000000001,0.15,1004,5.300000000000001,231,2,0.0000,0.0000
2022,7,21,1,30,25,0,0,0,0,23.700000000000003,0,0,0,0,92.31,123.78,0.15,1004,5.1000000000000005,231,1.9000000000000001,0.0000,0.0000
2022,7,21,2,30,24.700000000000003,0,0,0,0,23.6,0,0,0,0,93.54,118.63,0.15,1004,5,229,1.8,0.0000,0.0000
2022,7,21,3,30,24.400000000000002,0,0,0,0,23.5,0,0,0,0,94.8,110.87,0.15,1005,4.9,227,1.7000000000000002,0.0000,0.0000
2022,7,21,4,30,24.200000000000003,0,0,0,0,23.5,0,0,0,0,95.60000000000001,101.29,0.15,1005,4.9,224,1.6,0.0000,0.0000
2022,7,21,5,30,24.6,4,7,4,7,23.5,3,0,57,3,93.43,89.96000000000001,0.15,1006,5,223,1.9000000000000001,0.0000,0.0000
2022,7,21,6,30,26.1,72,260,122,8,23.700000000000003,80,207,61,120,86.58,78.83,0.15,1006,5.2,231,2.4000000000000004,5.7250,4.3695
2022,7,21,7,30,27.900000000000002,118,484,309,0,24.1,134,426,29,302,79.71000000000001,66.79,0.15,1006,5.4,240,2.7,15.8879,12.3470
2022,7,21,8,30,29.5,146,616,504,3,24.5,283,210,0,405,74.39,54.44,0.15,1006,5.5,243,2.7,22.9775,17.9924
2022,7,21,9,30,30.8,160,703,682,7,24.700000000000003,155,2,0,156,69.87,42.03,0.15,1006,5.6000000000000005,241,2.6,9.2364,7.2562
2022,7,21,10,30,31.700000000000003,160,766,824,6,24.8,74,0,0,74,66.77,29.92,0.15,1005,5.7,238,2.6,4.4877,3.5312
2022,7,21,11,30,32.4,155,806,917,6,24.8,89,0,0,89,64.39,19.11,0.15,1005,5.7,235,2.7,5.4647,4.3032
2022,7,21,12,30,32.7,171,795,944,6,24.8,267,3,0,270,63.36,13.59,0.15,1005,5.6000000000000005,234,2.8000000000000003,16.6429,13.1086
2022,7,21,13,30,32.7,190,758,907,6,24.8,333,8,0,341,63.4,18.89,0.15,1005,5.6000000000000005,234,2.9000000000000004,20.9415,16.4907
2022,7,21,14,30,32.300000000000004,176,745,823,7,24.900000000000002,268,5,0,272,65.01,29.650000000000002,0.15,1005,5.5,234,2.8000000000000003,16.5020,12.9851
2022,7,21,15,30,31.8,156,712,687,7,25,331,80,0,391,67.43,41.75,0.15,1005,5.4,234,2.6,23.1667,18.2008
2022,7,21,16,30,31,135,645,513,7,25.200000000000003,199,16,0,208,71.37,54.160000000000004,0.15,1005,5.4,232,2.2,11.8156,9.2531
2022,7,21,17,30,30,110,516,316,7,25.6,134,15,0,140,77.28,66.52,0.15,1005,5.300000000000001,228,1.7000000000000002,7.3811,5.7375
2022,7,21,18,30,28.6,70,284,126,3,25.8,73,125,18,98,85.10000000000001,78.59,0.15,1005,5.2,225,1.4000000000000001,4.6787,3.5723
2022,7,21,19,30,27.6,5,11,5,8,25.6,4,0,57,4,89.09,89.79,0.16,1006,5.1000000000000005,225,1.4000000000000001,0.0000,0.0000
2022,7,21,20,30,27.1,0,0,0,0,25.3,0,0,0,0,89.68,101.12,0.16,1006,5,230,1.6,0.0000,0.0000
2022,7,21,21,30,26.700000000000003,0,0,0,8,25,0,0,0,0,90.38,110.76,0.16,1007,5,234,1.6,0.0000,0.0000
2022,7,21,22,30,26.400000000000002,0,0,0,0,24.8,0,0,0,0,91,118.61,0.16,1007,5.1000000000000005,235,1.6,0.0000,0.0000
2022,7,21,23,30,26.1,0,0,0,0,24.700000000000003,0,0,0,0,92.16,123.87,0.16,1007,5.2,235,1.5,0.0000,0.0000
2022,7,22,0,30,25.8,0,0,0,0,24.6,0,0,0,0,93.33,125.77,0.16,1007,5.300000000000001,237,1.5,0.0000,0.0000
2022,7,22,1,30,25.6,0,0,0,3,24.6,0,0,0,0,94.11,123.97,0.16,1007,5.4,239,1.4000000000000001,0.0000,0.0000
2022,7,22,2,30,25.3,0,0,0,3,24.6,0,0,0,0,95.73,118.81,0.16,1008,5.4,239,1.3,0.0000,0.0000
2022,7,22,3,30,25.1,0,0,0,3,24.6,0,0,0,0,96.82000000000001,111.03,0.16,1008,5.4,237,1.2000000000000002,0.0000,0.0000
2022,7,22,4,30,24.900000000000002,0,0,0,7,24.5,0,0,0,0,97.87,101.43,0.16,1008,5.300000000000001,234,1.2000000000000002,0.0000,0.0000
2022,7,22,5,30,25.1,3,4,3,7,24.5,3,0,43,3,96.65,90.07000000000001,0.16,1009,5.2,231,1.3,0.0000,0.0000
2022,7,22,6,30,25.900000000000002,76,216,117,7,24.700000000000003,68,14,21,71,93.27,78.94,0.16,1009,5,231,1.4000000000000001,3.3864,2.5842
2022,7,22,7,30,27.200000000000003,128,451,305,7,25,131,25,0,141,87.67,66.89,0.16,1010,4.9,233,1.4000000000000001,7.4119,5.7595
2022,7,22,8,30,28.6,155,598,502,7,24.700000000000003,235,55,0,267,79.43,54.54,0.16,1010,4.800000000000001,230,1.4000000000000001,15.1413,11.8558
2022,7,22,9,30,30.1,163,703,684,7,24.1,328,113,0,412,70.45,42.14,0.16,1010,4.800000000000001,222,1.5,24.3866,19.1579
2022,7,22,10,30,31.5,158,775,829,7,23.700000000000003,346,326,0,628,63.26,30.04,0.16,1010,4.9,217,1.7000000000000002,38.0783,29.9618
2022,7,22,11,30,32.4,164,800,919,7,23.5,384,319,0,685,59.56,19.26,0.16,1010,4.9,218,1.9000000000000001,42.0543,33.1156
2022,7,22,12,30,33,177,791,945,7,23.5,355,353,0,698,57.51,13.790000000000001,0.16,1010,5,220,1.9000000000000001,43.0200,33.8839
2022,7,22,13,30,33.1,192,760,910,8,23.5,254,575,0,798,57.03,19.03,0.16,1009,5.1000000000000005,222,1.9000000000000001,49.0012,38.5864
2022,7,22,14,30,32.9,186,731,821,8,23.400000000000002,312,421,0,678,57.6,29.75,0.16,1009,5.2,221,1.8,41.1277,32.3621
2022,7,22,15,30,32.5,173,683,682,8,23.400000000000002,311,239,0,489,58.870000000000005,41.84,0.16,1009,5.2,219,1.7000000000000002,28.9665,22.7571
2022,7,22,16,30,31.900000000000002,154,605,507,8,23.6,221,374,7,440,61.480000000000004,54.25,0.16,1009,5.2,217,1.6,24.9845,19.5653
2022,7,22,17,30,30.8,121,482,312,0,24.1,124,469,36,310,67.47,66.61,0.16,1010,5.1000000000000005,211,1.4000000000000001,16.3321,12.6944
2022,7,22,18,30,29,71,271,124,0,24.700000000000003,77,214,50,119,77.72,78.69,0.16,1010,5,205,1.2000000000000002,5.6795,4.3358
2022,7,22,19,30,27.6,4,10,4,0,24.3,4,2,43,4,82.46000000000001,89.88,0.16,1011,4.9,205,1.2000000000000002,0.0000,0.0000
2022,7,22,20,30,27,0,0,0,7,23.900000000000002,0,0,0,0,83.10000000000001,101.25,0.16,1011,4.800000000000001,211,1.2000000000000002,0.0000,0.0000
2022,7,22,21,30,26.400000000000002,0,0,0,7,23.700000000000003,0,0,0,0,85.02,110.91,0.16,1011,4.7,222,1.2000000000000002,0.0000,0.0000
2022,7,22,22,30,25.8,0,0,0,7,23.5,0,0,0,0,87.34,118.78,0.16,1011,4.6000000000000005,234,1.1,0.0000,0.0000
2022,7,22,23,30,25.200000000000003,0,0,0,7,23.400000000000002,0,0,0,0,89.83,124.06,0.16,1011,4.4,245,1,0.0000,0.0000
2022,7,23,0,30,24.700000000000003,0,0,0,7,23.3,0,0,0,0,92.11,125.97,0.16,1011,4.3,253,0.9,0.0000,0.0000
2022,7,23,1,30,24.3,0,0,0,7,23.3,0,0,0,0,94.23,124.17,0.16,1012,4.3,261,0.8,0.0000,0.0000
2022,7,23,2,30,23.900000000000002,0,0,0,7,23.200000000000003,0,0,0,0,96.12,118.99000000000001,0.16,1012,4.2,270,0.7000000000000001,0.0000,0.0000
2022,7,23,3,30,23.6,0,0,0,7,23.200000000000003,0,0,0,0,97.38,111.19,0.16,1012,4.2,272,0.6000000000000001,0.0000,0.0000
2022,7,23,4,30,23.5,0,0,0,0,23.1,0,0,0,0,97.84,101.57000000000001,0.16,1012,4.2,263,0.5,0.0000,0.0000
2022,7,23,5,30,24.1,4,9,4,0,23.3,4,8,4,4,95.18,90.17,0.16,1012,4.3,252,0.7000000000000001,0.0000,0.0000
2022,7,23,6,30,25.5,67,288,122,8,23.700000000000003,86,82,4,102,89.75,79.06,0.16,1013,4.3,245,0.9,4.8638,3.7109
2022,7,23,7,30,27.400000000000002,109,521,313,0,24,109,521,0,313,81.75,67,0.16,1013,4.3,242,1,16.4388,12.7725
2022,7,23,8,30,29.6,133,656,513,0,23.700000000000003,133,656,0,513,70.8,54.64,0.16,1013,4.3,232,0.9,29.0785,22.7679
2022,7,23,9,30,31.3,139,753,696,0,23.200000000000003,139,753,0,696,62.21,42.24,0.16,1013,4.3,212,0.8,41.1861,32.3549
2022,7,23,10,30,32.5,134,821,844,0,22.700000000000003,168,756,0,822,56.36,30.16,0.16,1013,4.2,187,0.8,49.8324,39.2101
2022,7,23,11,30,33.300000000000004,139,844,935,0,22.400000000000002,139,844,0,935,52.81,19.42,0.16,1013,4.1000000000000005,169,1,57.3947,45.1950
2022,7,23,12,30,33.7,142,850,967,0,22.3,142,850,0,967,51.28,13.99,0.16,1012,4,163,1.3,59.5924,46.9365
2022,7,23,13,30,33.7,143,842,938,0,22.3,143,842,0,938,51.39,19.18,0.16,1012,3.9000000000000004,164,1.6,57.5906,45.3498
2022,7,23,14,30,33.4,136,825,851,0,22.3,203,664,0,779,52.38,29.86,0.16,1012,3.8000000000000003,168,1.7000000000000002,47.2467,37.1766
2022,7,23,15,30,32.9,123,790,711,7,22.3,250,437,0,575,53.77,41.93,0.16,1011,3.7,174,1.7000000000000002,34.0531,26.7528
2022,7,23,16,30,32.300000000000004,109,726,532,7,22.3,155,140,4,237,55.65,54.34,0.16,1011,3.7,180,1.6,13.4521,10.5340
2022,7,23,17,30,31,87,614,330,0,22.3,87,614,0,330,59.83,66.71000000000001,0.16,1011,3.7,188,1.4000000000000001,17.3720,13.5013
2022,7,23,18,30,28.900000000000002,56,396,133,0,23.3,56,396,0,133,71.94,78.79,0.16,1012,3.7,195,1,6.3459,4.8437
2022,7,23,19,30,27.1,5,23,5,0,23.400000000000002,5,23,0,5,80.24,89.98,0.16,1012,3.8000000000000003,201,0.8,0.0000,0.0000
2022,7,23,20,30,26.400000000000002,0,0,0,0,22.8,0,0,0,0,80.77,101.39,0.16,1012,3.8000000000000003,208,0.9,0.0000,0.0000
2022,7,23,21,30,25.900000000000002,0,0,0,0,22.6,0,0,0,0,82.15,111.07000000000001,0.16,1012,3.9000000000000004,214,0.9,0.0000,0.0000
2022,7,23,22,30,25.400000000000002,0,0,0,0,22.5,0,0,0,0,84.02,118.96000000000001,0.16,1012,3.9000000000000004,218,0.8,0.0000,0.0000
2022,7,23,23,30,25,0,0,0,0,22.5,0,0,0,0,85.99,124.26,0.16,1012,3.9000000000000004,222,0.8,0.0000,0.0000
2022,7,24,0,30,24.6,0,0,0,0,22.5,0,0,0,0,88.21000000000001,126.18,0.16,1012,3.9000000000000004,226,0.7000000000000001,0.0000,0.0000
2022,7,24,1,30,24.200000000000003,0,0,0,0,22.5,0,0,0,0,90.05,124.37,0.16,1012,3.8000000000000003,231,0.8,0.0000,0.0000
2022,7,24,2,30,24,0,0,0,0,22.3,0,0,0,0,90.32000000000001,119.17,0.16,1012,3.7,238,0.8,0.0000,0.0000
2022,7,24,3,30,23.8,0,0,0,0,22.200000000000003,0,0,0,0,90.72,111.36,0.16,1012,3.7,246,0.9,0.0000,0.0000
2022,7,24,4,30,23.700000000000003,0,0,0,0,22.1,0,0,0,0,90.69,101.72,0.16,1012,3.7,255,0.8,0.0000,0.0000
2022,7,24,5,30,24.400000000000002,4,19,4,0,22.200000000000003,4,19,0,4,87.33,90.88,0.16,1012,3.8000000000000003,260,0.7000000000000001,0.0000,0.0000
2022,7,24,6,30,26.200000000000003,56,385,128,0,23.1,56,385,0,128,82.92,79.17,0.16,1013,3.9000000000000004,254,0.6000000000000001,6.1026,4.6553
2022,7,24,7,30,28.6,86,607,322,0,22.900000000000002,86,607,0,322,71.53,67.11,0.16,1013,4,238,0.7000000000000001,16.8965,13.1267
2022,7,24,8,30,30.700000000000003,107,719,522,0,22.1,107,719,0,522,60.31,54.75,0.16,1013,4.1000000000000005,222,0.9,29.5738,23.1548
2022,7,24,9,30,31.8,127,772,698,0,21.900000000000002,127,772,0,698,55.88,42.35,0.16,1013,4.3,210,1.1,41.2927,32.4379
2022,7,24,10,30,32.7,147,798,836,0,21.8,205,682,4,794,52.910000000000004,30.28,0.16,1013,4.4,204,1.3,48.1262,37.8672
2022,7,24,11,30,33.6,154,817,924,0,21.700000000000003,216,698,0,874,49.99,19.580000000000002,0.16,1012,4.5,201,1.4000000000000001,53.6428,42.2403
2022,7,24,12,30,34.2,178,792,946,0,21.700000000000003,290,575,4,847,48.1,14.200000000000001,0.16,1012,4.6000000000000005,200,1.4000000000000001,52.1907,41.1064
2022,7,24,13,30,34.300000000000004,206,742,906,7,21.6,394,248,0,628,47.71,19.34,0.16,1011,4.7,197,1.4000000000000001,38.5522,30.3578
2022,7,24,14,30,34.1,198,714,817,7,21.700000000000003,285,512,0,729,48.370000000000005,29.97,0.16,1011,4.7,191,1.3,44.2070,34.7844
2022,7,24,15,30,33.6,183,666,678,0,21.700000000000003,191,651,0,675,49.99,42.03,0.16,1010,4.800000000000001,185,1.4000000000000001,39.9651,31.3968
2022,7,24,16,30,32.6,159,589,502,7,22.1,216,402,18,450,53.910000000000004,54.43,0.16,1010,4.800000000000001,181,1.4000000000000001,25.5317,19.9925
2022,7,24,17,30,31.200000000000003,125,462,307,6,22.900000000000002,104,130,0,155,61.24,66.81,0.16,1010,4.7,179,1.4000000000000001,8.1531,6.3359
2022,7,24,18,30,29.200000000000003,71,252,120,9,23.8,24,0,14,24,72.77,78.9,0.16,1010,4.7,179,1.3,1.1448,0.8737
2022,7,24,19,30,27.6,4,9,4,7,23.700000000000003,3,0,43,3,79.54,90.09,0.15,1011,4.6000000000000005,181,1.3,0.0000,0.0000
2022,7,24,20,30,26.900000000000002,0,0,0,7,23.6,0,0,0,0,82.04,101.53,0.15,1011,4.6000000000000005,185,1.4000000000000001,0.0000,0.0000
2022,7,24,21,30,26.200000000000003,0,0,0,0,23.8,0,0,0,0,86.57000000000001,111.23,0.15,1011,4.6000000000000005,189,1.3,0.0000,0.0000
2022,7,24,22,30,25.700000000000003,0,0,0,0,24.1,0,0,0,0,90.64,119.14,0.15,1011,4.6000000000000005,194,1.2000000000000002,0.0000,0.0000
2022,7,24,23,30,25.200000000000003,0,0,0,0,24.200000000000003,0,0,0,0,93.98,124.46000000000001,0.15,1011,4.7,198,1.2000000000000002,0.0000,0.0000
2022,7,25,0,30,24.8,0,0,0,0,24.200000000000003,0,0,0,0,96.4,126.39,0.15,1011,4.7,201,1.2000000000000002,0.0000,0.0000
2022,7,25,1,30,24.5,0,0,0,0,24.200000000000003,0,0,0,0,98.11,124.58,0.15,1011,4.800000000000001,202,1.1,0.0000,0.0000
2022,7,25,2,30,24.3,0,0,0,0,24.200000000000003,0,0,0,0,99.16,119.36,0.15,1011,4.800000000000001,204,1.1,0.0000,0.0000
2022,7,25,3,30,24.200000000000003,0,0,0,0,24.1,0,0,0,0,99.59,111.52,0.15,1011,4.9,205,1.1,0.0000,0.0000
2022,7,25,4,30,24.200000000000003,0,0,0,3,24.1,0,0,0,0,99.54,101.87,0.15,1011,5,205,1.1,0.0000,0.0000
2022,7,25,5,30,24.5,3,9,3,8,24.200000000000003,3,0,43,3,97.95,91.01,0.15,1012,5,205,1.3,0.0000,0.0000
2022,7,25,6,30,25.3,65,285,118,0,24.5,65,285,0,118,95.18,79.29,0.15,1012,5,207,1.5,5.6250,4.2902
2022,7,25,7,30,26.8,107,518,308,0,25,107,518,0,308,89.79,67.21000000000001,0.15,1012,5,215,1.7000000000000002,16.1488,12.5446
2022,7,25,8,30,29,132,649,506,0,24.3,132,649,0,506,75.75,54.85,0.15,1012,5,223,1.9000000000000001,28.6542,22.4339
2022,7,25,9,30,30.8,146,730,685,0,22.700000000000003,146,730,0,685,62.02,42.45,0.15,1012,5,222,2,40.5131,31.8249
2022,7,25,10,30,32.1,154,779,826,0,21.900000000000002,209,650,0,770,55,30.400000000000002,0.15,1012,5.1000000000000005,219,2.1,46.6631,36.7155
2022,7,25,11,30,32.7,163,798,914,7,21.700000000000003,284,513,0,767,52.550000000000004,19.75,0.15,1012,5.2,217,2.1,47.0686,37.0632
2022,7,25,12,30,32.9,169,800,944,0,21.8,169,800,0,944,52.03,14.42,0.15,1011,5.300000000000001,214,2.2,58.1599,45.8075
2022,7,25,13,30,32.9,168,790,913,0,21.8,230,671,0,862,52.28,19.51,0.15,1011,5.300000000000001,213,2.3000000000000003,52.9095,41.6630
2022,7,25,14,30,32.800000000000004,159,771,826,7,21.900000000000002,299,420,0,662,52.83,30.09,0.15,1010,5.300000000000001,211,2.4000000000000004,40.1369,31.5815
2022,7,25,15,30,32.300000000000004,145,734,689,6,22,330,175,0,460,54.78,42.13,0.15,1010,5.300000000000001,211,2.4000000000000004,27.2285,21.3905
2022,7,25,16,30,31.6,126,665,512,7,22.200000000000003,229,154,7,318,57.410000000000004,54.53,0.15,1010,5.4,213,2.2,18.0343,14.1211
2022,7,25,17,30,30.400000000000002,101,543,314,6,22.400000000000002,59,50,0,79,62.190000000000005,66.91,0.15,1010,5.4,211,1.7000000000000002,4.1521,3.2264
2022,7,25,18,30,28.700000000000003,63,322,124,7,23.3,67,26,14,72,72.85000000000001,79.02,0.15,1010,5.5,203,1.3,3.4336,2.6198
2022,7,25,19,30,27.5,4,13,4,7,23.6,3,0,43,3,79.29,90.19,0.13,1011,5.5,198,1.2000000000000002,0.0000,0.0000
2022,7,25,20,30,26.900000000000002,0,0,0,7,23.5,0,0,0,0,81.43,101.67,0.13,1011,5.5,199,1.1,0.0000,0.0000
2022,7,25,21,30,26.400000000000002,0,0,0,3,23.6,0,0,0,0,84.69,111.4,0.13,1011,5.6000000000000005,203,1.1,0.0000,0.0000
2022,7,25,22,30,26,0,0,0,0,23.700000000000003,0,0,0,0,87.10000000000001,119.33,0.13,1011,5.5,204,1.1,0.0000,0.0000
2022,7,25,23,30,25.700000000000003,0,0,0,0,23.700000000000003,0,0,0,0,88.54,124.67,0.13,1011,5.4,202,1.1,0.0000,0.0000
2022,7,26,0,30,25.200000000000003,0,0,0,0,23.700000000000003,0,0,0,0,91.28,126.61,0.13,1011,5.2,200,1.2000000000000002,0.0000,0.0000
2022,7,26,1,30,24.8,0,0,0,0,23.8,0,0,0,0,93.95,124.79,0.13,1010,5.1000000000000005,199,1.2000000000000002,0.0000,0.0000
2022,7,26,2,30,24.400000000000002,0,0,0,0,23.900000000000002,0,0,0,0,96.85000000000001,119.56,0.13,1010,4.9,201,1.1,0.0000,0.0000
2022,7,26,3,30,24,0,0,0,0,23.900000000000002,0,0,0,0,99.63,111.7,0.13,1011,4.800000000000001,208,0.9,0.0000,0.0000
2022,7,26,4,30,23.700000000000003,0,0,0,0,23.700000000000003,0,0,0,0,100,102.02,0.13,1012,4.7,214,0.8,0.0000,0.0000
2022,7,26,5,30,24.3,4,14,4,0,23.900000000000002,4,14,0,4,97.5,91.14,0.13,1012,4.6000000000000005,212,1.2000000000000002,0.0000,0.0000
2022,7,26,6,30,25.700000000000003,57,361,123,0,24.400000000000002,58,342,0,121,92.52,79.41,0.13,1013,4.5,212,1.6,5.7674,4.3982
2022,7,26,7,30,27.8,86,601,318,0,24.8,86,601,0,318,83.88,67.32000000000001,0.13,1013,4.3,220,1.8,16.6581,12.9388
2022,7,26,8,30,30.200000000000003,102,728,520,0,23.900000000000002,102,728,0,520,68.95,54.96,0.13,1013,4.2,226,2.1,29.4320,23.0419
2022,7,26,9,30,32.1,121,784,698,0,22.5,121,784,0,698,56.83,42.56,0.13,1013,4.2,226,2.3000000000000003,41.2700,32.4189
2022,7,26,10,30,33.4,141,806,835,0,21.8,141,806,0,835,50.81,30.53,0.13,1012,4.3,226,2.3000000000000003,50.5921,39.8065
2022,7,26,11,30,34.5,145,829,924,0,21.5,145,829,0,924,46.800000000000004,19.92,0.13,1012,4.4,228,2.4000000000000004,56.6948,44.6427
2022,7,26,12,30,35.2,144,838,955,0,21.200000000000003,144,838,0,955,44.15,14.64,0.13,1012,4.5,228,2.4000000000000004,58.8296,46.3346
2022,7,26,13,30,35.6,140,835,926,0,20.8,191,726,0,875,42.33,19.68,0.13,1011,4.6000000000000005,225,2.3000000000000003,53.6996,42.2847
2022,7,26,14,30,35.5,127,824,839,0,20.6,268,520,0,717,41.83,30.22,0.13,1010,4.6000000000000005,219,2.3000000000000003,43.4630,34.1982
2022,7,26,15,30,35,113,794,701,0,20.400000000000002,123,770,0,693,42.5,42.24,0.13,1010,4.7,213,2.2,41.0086,32.2154
2022,7,26,16,30,34.1,98,736,524,0,20.400000000000002,98,736,0,524,44.75,54.64,0.13,1010,4.7,208,2.2,29.7020,23.2562
2022,7,26,17,30,32.5,79,628,324,7,20.8,142,319,14,267,50.120000000000005,67.02,0.13,1010,4.7,203,1.8,14.0206,10.8934
2022,7,26,18,30,30,51,413,129,0,22.3,51,413,0,129,63.53,79.13,0.13,1010,4.7,196,1.3,6.1506,4.6922
2022,7,26,19,30,28.3,4,26,4,0,22.3,4,21,11,4,70.14,90.9,0.13,1011,4.7,192,1.2000000000000002,0.0000,0.0000
2022,7,26,20,30,27.5,0,0,0,8,21.900000000000002,0,0,0,0,71.58,101.83,0.13,1011,4.800000000000001,189,1.2000000000000002,0.0000,0.0000
2022,7,26,21,30,26.8,0,0,0,8,22,0,0,0,0,75.05,111.57000000000001,0.13,1011,4.800000000000001,188,1.3,0.0000,0.0000
2022,7,26,22,30,26.3,0,0,0,7,22.200000000000003,0,0,0,0,78.37,119.53,0.13,1011,4.800000000000001,191,1.4000000000000001,0.0000,0.0000
2022,7,26,23,30,25.900000000000002,0,0,0,7,22.5,0,0,0,0,81.74,124.88000000000001,0.13,1011,4.800000000000001,197,1.4000000000000001,0.0000,0.0000
2022,7,27,0,30,25.400000000000002,0,0,0,7,22.900000000000002,0,0,0,0,85.83,126.83,0.13,1011,4.800000000000001,206,1.3,0.0000,0.0000
2022,7,27,1,30,25,0,0,0,8,23.1,0,0,0,0,89.21000000000001,125.01,0.13,1011,4.800000000000001,216,1.2000000000000002,0.0000,0.0000
2022,7,27,2,30,24.700000000000003,0,0,0,0,23.3,0,0,0,0,91.73,119.75,0.13,1011,4.7,226,1.1,0.0000,0.0000
2022,7,27,3,30,24.400000000000002,0,0,0,0,23.400000000000002,0,0,0,0,93.89,111.87,0.13,1011,4.7,233,1.1,0.0000,0.0000
2022,7,27,4,30,24.3,0,0,0,7,23.400000000000002,0,0,0,0,94.59,102.17,0.13,1011,4.800000000000001,238,1.1,0.0000,0.0000
2022,7,27,5,30,25,4,18,4,7,23.400000000000002,2,0,43,2,90.8,91.27,0.13,1012,4.800000000000001,240,1.3,0.0000,0.0000
2022,7,27,6,30,26.900000000000002,54,376,122,0,23.5,57,345,36,120,81.84,79.53,0.13,1012,4.9,245,1.7000000000000002,5.7196,4.3610
2022,7,27,7,30,29.400000000000002,84,603,315,0,23.5,84,603,0,315,70.43,67.43,0.13,1012,4.9,256,2,16.4861,12.8038
2022,7,27,8,30,31.6,102,721,515,7,22.3,141,594,0,481,57.76,55.06,0.13,1012,4.9,261,2.4000000000000004,27.2120,21.3031
2022,7,27,9,30,33.2,118,781,692,7,21,229,445,0,556,48.92,42.67,0.13,1012,4.9,259,2.3000000000000003,32.8646,25.8156
2022,7,27,10,30,34.5,133,813,832,7,20.1,288,411,0,642,42.96,30.66,0.13,1011,4.800000000000001,255,2.2,38.8906,30.5992
2022,7,27,11,30,35.6,135,840,924,7,19.6,362,323,0,665,39.09,20.09,0.13,1011,4.7,250,2.1,40.7969,32.1241
2022,7,27,12,30,36.4,140,844,956,7,19.200000000000003,321,410,0,717,36.53,14.86,0.13,1010,4.6000000000000005,242,2.1,44.1623,34.7822
2022,7,27,13,30,36.800000000000004,142,832,925,7,18.900000000000002,304,451,0,728,35.15,19.86,0.13,1009,4.5,235,2.3000000000000003,44.6710,35.1750
2022,7,27,14,30,36.7,135,813,837,7,18.7,298,397,0,641,34.87,30.35,0.13,1008,4.4,231,2.4000000000000004,38.8484,30.5669
2022,7,27,15,30,36.300000000000004,127,771,697,8,18.6,236,468,0,582,35.44,42.36,0.13,1008,4.4,230,2.3000000000000003,34.4294,27.0464
2022,7,27,16,30,35.300000000000004,115,697,517,7,18.7,216,345,0,415,37.77,54.75,0.13,1008,4.4,228,2,23.5117,18.4085
2022,7,27,17,30,33.4,94,572,316,8,19.700000000000003,153,322,0,278,44.57,67.14,0.13,1008,4.4,222,1.7000000000000002,14.5841,11.3299
2022,7,27,18,30,30.8,60,338,123,0,22,64,299,43,120,59.410000000000004,79.26,0.13,1008,4.4,213,1.4000000000000001,5.7205,4.3633
2022,7,27,19,30,29.1,4,12,4,0,21.8,3,2,25,3,64.83,91.04,0.13,1009,4.4,208,1.4000000000000001,0.0000,0.0000
2022,7,27,20,30,28.5,0,0,0,0,21.8,0,0,0,0,67.01,101.98,0.13,1009,4.4,209,1.6,0.0000,0.0000
2022,7,27,21,30,28.1,0,0,0,0,22.200000000000003,0,0,0,0,70.25,111.75,0.13,1010,4.5,212,1.6,0.0000,0.0000
2022,7,27,22,30,27.6,0,0,0,0,22.400000000000002,0,0,0,0,73.56,119.73,0.13,1010,4.5,214,1.6,0.0000,0.0000
2022,7,27,23,30,27,0,0,0,0,22.8,0,0,0,0,77.91,125.11,0.13,1010,4.6000000000000005,217,1.4000000000000001,0.0000,0.0000
2022,7,28,0,30,26.5,0,0,0,0,23.1,0,0,0,0,81.5,127.06,0.13,1010,4.6000000000000005,223,1.3,0.0000,0.0000
2022,7,28,1,30,26.1,0,0,0,0,23.200000000000003,0,0,0,0,84,125.23,0.13,1010,4.7,229,1.3,0.0000,0.0000
2022,7,28,2,30,25.8,0,0,0,0,23.200000000000003,0,0,0,0,85.75,119.95,0.13,1009,4.7,234,1.2000000000000002,0.0000,0.0000
2022,7,28,3,30,25.400000000000002,0,0,0,0,23.3,0,0,0,0,88.07000000000001,112.04,0.13,1009,4.800000000000001,237,1.1,0.0000,0.0000
2022,7,28,4,30,25.200000000000003,0,0,0,0,23.3,0,0,0,0,89.32000000000001,102.32000000000001,0.13,1009,4.7,234,1.1,0.0000,0.0000
2022,7,28,5,30,25.700000000000003,2,9,2,0,23.400000000000002,2,9,0,2,86.9,91.41,0.13,1009,4.7,228,1.4000000000000001,0.0000,0.0000
2022,7,28,6,30,27.6,53,375,120,0,23.6,53,375,0,120,78.7,79.65,0.13,1009,4.6000000000000005,230,1.9000000000000001,5.7197,4.3604
2022,7,28,7,30,29.900000000000002,81,612,315,0,23.3,81,612,0,315,67.61,67.54,0.13,1009,4.5,239,2.4000000000000004,16.4712,12.7908
2022,7,28,8,30,31.900000000000002,99,732,517,7,22.200000000000003,152,586,0,487,56.58,55.17,0.13,1010,4.5,247,2.5,27.5374,21.5568
2022,7,28,9,30,33.6,113,796,697,7,21.5,210,535,0,603,49.11,42.78,0.13,1010,4.5,252,2.3000000000000003,35.6324,27.9892
2022,7,28,10,30,35.1,122,832,837,8,20.900000000000002,243,542,0,709,43.75,30.79,0.13,1010,4.6000000000000005,254,2.2,42.9407,33.7854
2022,7,28,11,30,36.2,129,850,926,0,20.5,265,569,11,799,40.07,20.27,0.13,1009,4.7,250,2,49.0097,38.5906
2022,7,28,12,30,36.7,128,859,957,3,20.200000000000003,389,130,0,515,38.25,15.09,0.13,1009,4.800000000000001,243,1.9000000000000001,31.7158,24.9792
2022,7,28,13,30,36.7,122,858,928,3,19.900000000000002,400,339,0,718,37.550000000000004,20.04,0.13,1008,4.800000000000001,236,1.9000000000000001,44.0504,34.6860
2022,7,28,14,30,36.5,117,839,840,8,19.700000000000003,316,391,4,653,37.58,30.490000000000002,0.13,1008,4.9,230,1.9000000000000001,39.5673,31.1321
2022,7,28,15,30,35.9,108,803,700,8,19.6,202,524,4,588,38.6,42.480000000000004,0.13,1007,4.800000000000001,225,2,34.7735,27.3160
2022,7,28,16,30,35,96,741,522,0,19.8,130,634,4,495,40.94,54.870000000000005,0.13,1007,4.800000000000001,223,2,28.0287,21.9440
2022,7,28,17,30,33.4,77,630,321,7,20.3,117,485,4,304,46.29,67.26,0.13,1007,4.7,222,1.8,15.9325,12.3760
2022,7,28,18,30,31,51,409,126,0,22,51,409,0,126,58.76,79.39,0.13,1008,4.6000000000000005,219,1.4000000000000001,6.0058,4.5801
2022,7,28,19,30,29.1,4,22,4,0,22.3,4,22,0,4,66.86,91.18,0.13,1008,4.5,217,1.2000000000000002,0.0000,0.0000
2022,7,28,20,30,28.400000000000002,0,0,0,0,22.1,0,0,0,0,68.67,102.14,0.13,1009,4.6000000000000005,218,1.2000000000000002,0.0000,0.0000
2022,7,28,21,30,27.8,0,0,0,0,22.200000000000003,0,0,0,0,71.51,111.94,0.13,1009,4.6000000000000005,221,1.2000000000000002,0.0000,0.0000
2022,7,28,22,30,27.200000000000003,0,0,0,0,22.3,0,0,0,0,74.63,119.94,0.13,1009,4.6000000000000005,224,1.2000000000000002,0.0000,0.0000
2022,7,28,23,30,26.700000000000003,0,0,0,0,22.400000000000002,0,0,0,0,77.18,125.33,0.13,1009,4.5,228,1.3,0.0000,0.0000
2022,7,29,0,30,26.3,0,0,0,0,22.400000000000002,0,0,0,0,79.01,127.3,0.13,1009,4.5,233,1.4000000000000001,0.0000,0.0000
2022,7,29,1,30,25.900000000000002,0,0,0,0,22.3,0,0,14,0,80.77,125.45,0.13,1009,4.4,235,1.3,0.0000,0.0000
2022,7,29,2,30,25.400000000000002,0,0,0,0,22.3,0,0,0,0,83.23,120.16,0.13,1009,4.4,236,1.3,0.0000,0.0000
2022,7,29,3,30,25,0,0,0,0,22.3,0,0,0,0,85.25,112.22,0.13,1009,4.4,234,1.2000000000000002,0.0000,0.0000
2022,7,29,4,30,24.6,0,0,0,0,22.3,0,0,0,0,86.95,102.48,0.13,1009,4.4,231,1.2000000000000002,0.0000,0.0000
2022,7,29,5,30,25,2,7,2,3,22.200000000000003,1,0,29,1,84.3,91.55,0.13,1009,4.4,229,1.4000000000000001,0.0000,0.0000
2022,7,29,6,30,26.700000000000003,57,332,116,0,22.200000000000003,57,332,0,116,76.31,79.77,0.13,1010,4.5,233,1.8,5.5294,4.2148
2022,7,29,7,30,29.400000000000002,94,562,308,0,22.1,94,562,0,308,64.75,67.66,0.13,1010,4.5,244,2,16.0893,12.4927
2022,7,29,8,30,32.1,117,684,507,0,21.200000000000003,129,650,0,499,52.550000000000004,55.28,0.13,1010,4.5,249,2.1,28.2014,22.0757
2022,7,29,9,30,34.2,140,741,683,0,19.900000000000002,147,727,0,680,43.24,42.9,0.13,1010,4.5,245,2.2,40.1696,31.5525
2022,7,29,10,30,35.6,160,770,821,0,19.6,234,633,11,777,39.2,30.92,0.13,1010,4.6000000000000005,240,2.2,47.0497,37.0178
2022,7,29,11,30,36.5,162,802,913,3,19.5,382,183,4,553,37.06,20.45,0.13,1009,4.6000000000000005,236,2.2,33.9149,26.7045
2022,7,29,12,30,37.1,166,806,943,3,19.400000000000002,458,261,0,710,35.59,15.33,0.13,1009,4.6000000000000005,231,2.3000000000000003,43.7179,34.4316
2022,7,29,13,30,37.4,172,788,911,3,19.3,308,416,7,698,34.78,20.23,0.13,1008,4.7,228,2.2,42.8161,33.7137
2022,7,29,14,30,37.4,161,768,822,7,19.1,282,461,11,679,34.52,30.64,0.13,1007,4.7,225,2.2,41.1333,32.3638
2022,7,29,15,30,36.7,149,726,683,0,19.1,198,607,7,645,35.71,42.6,0.13,1007,4.800000000000001,222,2.3000000000000003,38.1323,29.9539
2022,7,29,16,30,35.4,130,653,505,7,19.200000000000003,189,448,11,446,38.59,54.99,0.13,1007,4.800000000000001,218,2.3000000000000003,25.2401,19.7599
2022,7,29,17,30,33.5,104,525,306,3,19.8,160,130,0,210,44.56,67.38,0.13,1007,4.9,211,2.2,10.9953,8.5398
2022,7,29,18,30,31.3,63,287,115,3,21,70,170,39,101,54.52,79.52,0.13,1008,4.9,203,2,4.8140,3.6706
2022,7,29,19,30,29.8,2,5,2,3,21.400000000000002,1,0,36,1,60.59,91.33,0.13,1009,5.1000000000000005,198,1.9000000000000001,0.0000,0.0000
2022,7,29,20,30,28.900000000000002,0,0,0,7,21.5,0,0,0,0,64.54,102.31,0.13,1009,5.2,196,1.8,0.0000,0.0000
2022,7,29,21,30,28.200000000000003,0,0,0,8,22.1,0,0,0,0,69.49,112.13,0.13,1010,5.2,201,1.6,0.0000,0.0000
2022,7,29,22,30,27.700000000000003,0,0,0,0,22.400000000000002,0,0,0,0,72.88,120.15,0.13,1010,5.2,210,1.7000000000000002,0.0000,0.0000
2022,7,29,23,30,27.3,0,0,0,0,22.400000000000002,0,0,0,0,74.46000000000001,125.57000000000001,0.13,1010,5.2,220,1.8,0.0000,0.0000
2022,7,30,0,30,26.8,0,0,0,0,22.400000000000002,0,0,0,0,76.65,127.54,0.13,1010,5.2,227,1.7000000000000002,0.0000,0.0000
2022,7,30,1,30,26.3,0,0,0,3,22.400000000000002,0,0,0,0,79.33,125.68,0.13,1010,5.300000000000001,232,1.5,0.0000,0.0000
2022,7,30,2,30,25.8,0,0,0,0,22.6,0,0,0,0,82.36,120.36,0.13,1011,5.300000000000001,236,1.3,0.0000,0.0000
2022,7,30,3,30,25.400000000000002,0,0,0,3,22.700000000000003,0,0,0,0,85.04,112.4,0.13,1011,5.300000000000001,240,1.2000000000000002,0.0000,0.0000
2022,7,30,4,30,25,0,0,0,3,22.900000000000002,0,0,0,0,88.11,102.64,0.13,1011,5.300000000000001,246,1,0.0000,0.0000
2022,7,30,5,30,25.3,1,4,1,0,23.200000000000003,1,2,11,1,88.02,91.68,0.13,1012,5.2,252,1.1,0.0000,0.0000
2022,7,30,6,30,27.200000000000003,63,257,108,0,23.6,64,237,0,106,80.68,79.89,0.13,1012,5.2,272,1.1,5.0534,3.8515
2022,7,30,7,30,29.8,111,489,296,0,23.700000000000003,124,434,0,288,69.77,67.77,0.13,1012,5.1000000000000005,305,0.9,15.0308,11.6695
2022,7,30,8,30,32.2,140,622,493,3,22.8,228,322,0,411,57.82,55.39,0.13,1012,5.1000000000000005,316,0.5,23.2160,18.1723
2022,7,30,9,30,33.9,152,714,674,0,22.400000000000002,152,714,0,674,51.06,43.01,0.13,1012,5.1000000000000005,259,0.30000000000000004,39.8035,31.2642
2022,7,30,10,30,35,156,772,817,0,21.8,156,772,0,817,46.34,31.05,0.13,1012,5.2,203,0.7000000000000001,49.4618,38.9151
2022,7,30,11,30,35.5,167,789,905,0,21.400000000000002,167,789,0,905,44.12,20.63,0.13,1012,5.300000000000001,200,1.1,55.4935,43.6951
2022,7,30,12,30,35.6,173,790,934,7,21.3,252,597,11,827,43.64,15.57,0.13,1012,5.4,200,1.3,50.9140,40.0988
2022,7,30,13,30,35.6,175,775,901,9,21.400000000000002,243,3,0,246,43.68,20.43,0.13,1011,5.5,202,1.4000000000000001,15.0872,11.8796
2022,7,30,14,30,35.4,172,744,811,6,21.3,334,27,0,357,44.050000000000004,30.79,0.13,1011,5.6000000000000005,206,1.4000000000000001,21.6218,17.0118
2022,7,30,15,30,34.9,162,691,670,6,21.400000000000002,278,29,0,299,45.410000000000004,42.730000000000004,0.13,1011,5.7,210,1.4000000000000001,17.6708,13.8805
2022,7,30,16,30,34.2,148,602,492,7,21.6,263,169,0,360,47.910000000000004,55.11,0.13,1011,5.7,214,1.3,20.3619,15.9401
2022,7,30,17,30,32.9,117,467,296,6,22.5,140,79,0,170,54.480000000000004,67.51,0.13,1011,5.800000000000001,217,1.1,8.8914,6.9049
2022,7,30,18,30,31,65,249,110,6,23.700000000000003,61,18,14,64,65.25,79.66,0.13,1012,5.7,213,0.9,3.0505,2.3255
2022,7,30,19,30,29.400000000000002,2,4,2,7,24.400000000000002,1,0,32,1,74.59,91.48,0.13,1012,5.7,206,0.8,0.0000,0.0000
2022,7,30,20,30,28.3,0,0,0,7,24.200000000000003,0,0,0,0,78.51,102.48,0.13,1012,5.6000000000000005,206,0.9,0.0000,0.0000
2022,7,30,21,30,27.5,0,0,0,8,24.1,0,0,0,0,81.68,112.32000000000001,0.13,1013,5.5,213,1,0.0000,0.0000
2022,7,30,22,30,26.900000000000002,0,0,0,8,24.1,0,0,0,0,84.51,120.37,0.13,1013,5.4,225,1,0.0000,0.0000
2022,7,30,23,30,26.3,0,0,0,7,24.1,0,0,0,0,87.67,125.8,0.13,1013,5.300000000000001,237,1,0.0000,0.0000
2022,7,31,0,30,25.8,0,0,0,7,24.1,0,0,0,0,90.54,127.78,0.13,1013,5.2,247,1,0.0000,0.0000
2022,7,31,1,30,25.400000000000002,0,0,0,8,24.1,0,0,0,0,92.8,125.91,0.13,1013,5.1000000000000005,254,0.9,0.0000,0.0000
2022,7,31,2,30,25,0,0,0,7,24.1,0,0,0,0,94.83,120.57000000000001,0.13,1013,4.9,259,0.9,0.0000,0.0000
2022,7,31,3,30,24.700000000000003,0,0,0,7,24.1,0,0,0,0,96.32000000000001,112.59,0.13,1013,4.800000000000001,260,0.9,0.0000,0.0000
2022,7,31,4,30,24.400000000000002,0,0,0,7,24.1,0,0,0,0,97.96000000000001,102.79,0.13,1013,4.7,256,0.9,0.0000,0.0000
2022,7,31,5,30,24.700000000000003,2,6,2,0,24,2,6,0,2,96.10000000000001,91.82000000000001,0.13,1014,4.6000000000000005,250,1.1,0.0000,0.0000
2022,7,31,6,30,26.1,56,324,112,0,24.3,56,324,0,112,90.06,80.01,0.13,1014,4.5,251,1.4000000000000001,0.0000,0.0000
2022,7,31,7,30,28.400000000000002,92,566,305,0,24.1,92,566,0,305,77.78,67.88,0.13,1014,4.5,255,1.6,15.9035,12.3456
2022,7,31,8,30,30.900000000000002,112,694,505,0,22.8,112,694,0,505,62.25,55.5,0.13,1014,4.6000000000000005,252,1.9000000000000001,28.5109,22.3160
2022,7,31,9,30,32.7,123,772,687,0,22.6,123,772,0,687,55.32,43.12,0.13,1014,4.5,248,2.2,40.5592,31.8572
2022,7,31,10,30,34,127,824,832,0,22.6,127,824,0,832,51.63,31.19,0.13,1014,4.4,248,2.4000000000000004,50.3588,39.6203
2022,7,31,11,30,34.9,126,857,927,0,22.400000000000002,138,832,0,916,48.31,20.82,0.13,1013,4.3,249,2.5,56.1581,44.2179
2022,7,31,12,30,35.6,127,868,962,0,21.700000000000003,127,868,0,962,44.69,15.82,0.13,1013,4,248,2.5,59.2153,46.6363
2022,7,31,13,30,36.1,127,862,934,0,20.900000000000002,127,862,0,934,41.24,20.63,0.13,1012,3.8000000000000003,246,2.5,57.2717,45.0953
2022,7,31,14,30,36.2,121,844,845,0,19.8,121,844,0,845,38.4,30.94,0.13,1012,3.6,242,2.6,51.1657,40.2561
2022,7,31,15,30,35.9,115,804,704,0,18.6,115,804,0,704,36.26,42.87,0.13,1011,3.5,240,2.6,41.5907,32.6689
2022,7,31,16,30,35.1,104,731,521,0,17.8,104,731,0,521,35.9,55.25,0.13,1011,3.5,239,2.4000000000000004,29.4489,23.0525
2022,7,31,17,30,33.2,86,605,316,0,17.6,86,605,0,316,39.61,67.65,0.13,1011,3.5,236,2,16.5085,12.8183
2022,7,31,18,30,30.700000000000003,54,359,118,0,19.200000000000003,54,359,0,118,50.39,79.8,0.13,1012,3.6,234,1.5,5.6249,4.2875
2022,7,31,19,30,29,2,7,2,0,18.7,2,7,0,2,53.74,91.64,0.13,1012,3.8000000000000003,235,1.5,0.0000,0.0000
2022,7,31,20,30,28.200000000000003,0,0,0,0,18.400000000000002,0,0,0,0,55.35,102.66,0.13,1013,3.9000000000000004,239,1.5,0.0000,0.0000
2022,7,31,21,30,27.5,0,0,0,0,18.6,0,0,0,0,58.46,112.52,0.13,1013,4,244,1.5,0.0000,0.0000
2022,7,31,22,30,26.900000000000002,0,0,0,0,19,0,0,0,0,61.93,120.59,0.13,1013,4,246,1.4000000000000001,0.0000,0.0000
2022,7,31,23,30,26.200000000000003,0,0,0,0,19.3,0,0,0,0,65.71000000000001,126.05,0.13,1013,3.9000000000000004,245,1.3,0.0000,0.0000
2022,8,1,0,30,25.6,0,0,0,0,19.6,0,0,0,0,69.35000000000001,128.03,0.13,1012,3.8000000000000003,240,1.2000000000000002,0.0000,0.0000
2022,8,1,1,30,25.1,0,0,0,0,19.700000000000003,0,0,0,0,71.88,126.15,0.13,1012,3.8000000000000003,236,1.3,0.0000,0.0000
2022,8,1,2,30,24.6,0,0,0,0,19.700000000000003,0,0,0,0,74.24,120.79,0.13,1012,3.7,236,1.3,0.0000,0.0000
2022,8,1,3,30,24.200000000000003,0,0,0,0,19.8,0,0,0,0,76.32000000000001,112.77,0.13,1012,3.7,240,1.2000000000000002,0.0000,0.0000
2022,8,1,4,30,23.8,0,0,0,0,19.900000000000002,0,0,0,0,78.79,102.95,0.13,1012,3.8000000000000003,244,1.2000000000000002,0.0000,0.0000
2022,8,1,5,30,24.3,1,4,1,3,20.1,1,0,29,1,77.52,91.96000000000001,0.13,1013,3.8000000000000003,247,1.4000000000000001,0.0000,0.0000
2022,8,1,6,30,26.200000000000003,55,327,111,3,20.400000000000002,69,178,36,100,70.39,80.13,0.13,1013,3.9000000000000004,247,1.6,0.0000,0.0000
2022,8,1,7,30,29.1,90,574,305,7,20.6,119,466,25,294,60.370000000000005,67.99,0.13,1013,3.9000000000000004,252,2,15.3158,11.8880
2022,8,1,8,30,31.8,110,702,507,8,19.6,175,485,0,449,48.42,55.61,0.13,1013,4,257,2.4000000000000004,25.3360,19.8301
2022,8,1,9,30,33.5,123,775,688,0,18.7,172,671,0,661,41.56,43.24,0.13,1013,4.1000000000000005,258,2.6,39.0116,30.6409
2022,8,1,10,30,34.6,132,816,829,7,18.1,176,717,0,788,37.800000000000004,31.330000000000002,0.13,1012,4.3,261,2.6,47.6850,37.5162
2022,8,1,11,30,35.300000000000004,139,834,918,0,18,316,505,4,787,36.14,21.01,0.13,1012,4.4,263,2.6,48.2408,37.9836
2022,8,1,12,30,35.6,151,827,946,3,18,317,406,0,707,35.5,16.07,0.13,1011,4.5,264,2.6,43.5115,34.2681
2022,8,1,13,30,35.5,160,804,911,3,18,356,127,18,475,35.65,20.84,0.13,1011,4.6000000000000005,266,2.6,29.1207,22.9292
2022,8,1,14,30,35.4,153,780,821,8,17.900000000000002,254,90,0,331,35.69,31.11,0.13,1010,4.7,267,2.6,20.0371,15.7645
2022,8,1,15,30,35,140,737,679,7,17.900000000000002,92,1,0,93,36.46,43.01,0.13,1010,4.800000000000001,270,2.5,5.4922,4.3139
2022,8,1,16,30,34.1,124,662,500,4,18.1,227,27,0,242,38.730000000000004,55.38,0.13,1009,4.9,273,2.3000000000000003,13.6704,10.7006
2022,8,1,17,30,32.300000000000004,100,530,300,3,18.6,167,189,11,238,44.25,67.78,0.13,1009,5,278,1.9000000000000001,12.4202,9.6426
2022,8,1,18,30,30,59,287,109,8,20.1,79,91,43,95,55.53,79.95,0.13,1010,5.2,287,1.4000000000000001,4.5294,3.4519
2022,8,1,19,30,28.200000000000003,1,4,1,0,20.400000000000002,1,0,14,1,62.84,91.8,0.13,1010,5.300000000000001,292,1.3,0.0000,0.0000
2022,8,1,20,30,27,0,0,0,7,20.6,0,0,0,0,68.03,102.84,0.13,1011,5.300000000000001,290,1.2000000000000002,0.0000,0.0000
2022,8,1,21,30,26,0,0,0,8,21,0,0,0,0,74,112.72,0.13,1011,5.300000000000001,277,1.1,0.0000,0.0000
2022,8,1,22,30,25.5,0,0,0,8,21.3,0,0,0,0,77.68,120.82000000000001,0.13,1010,5.2,264,1,0.0000,0.0000
2022,8,1,23,30,25.200000000000003,0,0,0,4,21.400000000000002,0,0,0,0,79.48,126.3,0.13,1010,5.1000000000000005,258,1.1,0.0000,0.0000
2022,8,2,0,30,24.900000000000002,0,0,0,4,21.400000000000002,0,0,0,0,80.72,128.28,0.13,1010,5,258,1.1,0.0000,0.0000
2022,8,2,1,30,24.5,0,0,0,4,21.3,0,0,0,0,82.19,126.39,0.13,1009,4.800000000000001,260,1.1,0.0000,0.0000
2022,8,2,2,30,24.1,0,0,0,4,21.200000000000003,0,0,0,0,84.02,121,0.13,1009,4.7,262,1.1,0.0000,0.0000
2022,8,2,3,30,23.5,0,0,0,3,21.3,0,0,0,0,87.72,112.96000000000001,0.13,1010,4.5,263,1.1,0.0000,0.0000
2022,8,2,4,30,23.1,0,0,0,0,21.5,0,0,0,0,90.61,103.11,0.13,1010,4.3,262,1.2000000000000002,0.0000,0.0000
2022,8,2,5,30,23.200000000000003,1,3,1,0,21.6,1,3,0,1,90.72,92.10000000000001,0.13,1010,4.2,259,1.4000000000000001,0.0000,0.0000
2022,8,2,6,30,24.6,60,273,106,0,22,60,273,0,106,85.24,80.26,0.13,1010,4,259,1.8,0.0000,0.0000
2022,8,2,7,30,27.400000000000002,103,520,297,8,22.200000000000003,154,314,7,271,73.12,68.11,0.13,1010,4,267,2.1,14.1034,10.9455
2022,8,2,8,30,30.3,130,654,498,8,21.5,227,360,0,430,59.32,55.72,0.13,1010,4,278,2.1,24.2512,18.9801
2022,8,2,9,30,32.6,139,746,681,7,21.1,197,569,0,611,50.89,43.36,0.13,1010,4,284,1.8,36.0489,28.3132
2022,8,2,10,30,34.5,139,808,828,7,20.700000000000003,328,336,0,615,44.56,31.470000000000002,0.13,1009,4.1000000000000005,286,1.4000000000000001,37.2078,29.2728
2022,8,2,11,30,36,146,828,918,7,20.1,391,272,0,645,39.550000000000004,21.21,0.13,1009,4.1000000000000005,282,1.1,39.5291,31.1239
2022,8,2,12,30,37.1,158,820,945,0,19.5,158,820,0,945,35.82,16.330000000000002,0.13,1008,4.1000000000000005,275,0.9,58.1484,45.7950
2022,8,2,13,30,37.800000000000004,174,787,908,0,18.900000000000002,174,782,0,904,33.35,21.06,0.13,1007,4.1000000000000005,267,0.8,55.4099,43.6283
2022,8,2,14,30,37.9,176,747,814,0,18.6,176,747,0,814,32.52,31.28,0.13,1007,4.2,262,0.8,49.2623,38.7573
2022,8,2,15,30,37.7,169,685,669,0,18.400000000000002,192,642,0,660,32.33,43.160000000000004,0.13,1007,4.3,258,0.8,38.9610,30.6016
2022,8,2,16,30,36.9,152,593,488,0,17.900000000000002,167,554,0,481,32.92,55.52,0.13,1006,4.3,253,0.9,27.1533,21.2532
2022,8,2,17,30,35.2,120,450,289,8,18.8,178,224,4,262,38.050000000000004,67.93,0.13,1007,4.4,247,0.9,13.6556,10.6000
2022,8,2,18,30,32.5,65,217,102,0,21.200000000000003,66,192,14,99,51.43,80.10000000000001,0.13,1007,4.5,239,0.9,0.0000,0.0000
2022,8,2,19,30,30.400000000000002,1,2,1,0,21.900000000000002,1,2,0,1,60.47,91.97,0.13,1007,4.5,234,1,0.0000,0.0000
2022,8,2,20,30,29.400000000000002,0,0,0,0,21.3,0,0,0,0,61.81,103.03,0.13,1008,4.6000000000000005,235,1,0.0000,0.0000
2022,8,2,21,30,28.700000000000003,0,0,0,0,21.200000000000003,0,0,0,0,64.06,112.94,0.13,1008,4.7,240,1,0.0000,0.0000
2022,8,2,22,30,28.1,0,0,0,0,21.5,0,0,0,0,67.54,121.06,0.13,1008,4.6000000000000005,252,0.9,0.0000,0.0000
2022,8,2,23,30,27.700000000000003,0,0,0,0,21.900000000000002,0,0,0,0,70.86,126.55,0.13,1008,4.6000000000000005,270,0.9,0.0000,0.0000
2022,8,3,0,30,27.3,0,0,0,0,22,0,0,0,0,73.03,128.54,0.13,1008,4.6000000000000005,297,0.8,0.0000,0.0000
2022,8,3,1,30,26.8,0,0,0,0,22.200000000000003,0,0,0,0,75.73,126.64,0.13,1008,4.5,328,0.7000000000000001,0.0000,0.0000
2022,8,3,2,30,26.1,0,0,0,8,22.400000000000002,0,0,0,0,80.11,121.22,0.13,1008,4.5,172,0.6000000000000001,0.0000,0.0000
2022,8,3,3,30,25.700000000000003,0,0,0,0,22.5,0,0,0,0,82.56,113.15,0.13,1008,4.4,9,0.6000000000000001,0.0000,0.0000
2022,8,3,4,30,25.400000000000002,0,0,0,0,22.6,0,0,0,0,84.41,103.28,0.13,1008,4.4,23,0.7000000000000001,0.0000,0.0000
2022,8,3,5,30,25.8,1,2,1,8,22.8,1,0,29,1,83.42,92.24,0.13,1009,4.4,35,1,0.0000,0.0000
2022,8,3,6,30,26.900000000000002,62,233,101,7,22.900000000000002,46,3,14,47,78.97,80.38,0.13,1009,4.4,44,1.2000000000000002,0.0000,0.0000
2022,8,3,7,30,28.5,115,470,289,8,23.200000000000003,179,104,0,218,73.24,68.22,0.13,1009,4.5,61,1.3,11.3346,8.7957
2022,8,3,8,30,30.3,147,603,486,8,23.200000000000003,254,263,0,402,66.04,55.83,0.13,1009,4.6000000000000005,84,1.4000000000000001,22.6601,17.7340
2022,8,3,9,30,31.700000000000003,180,663,661,7,22.8,330,201,0,476,59.28,43.480000000000004,0.13,1010,4.7,109,1.2000000000000002,28.0747,22.0497
2022,8,3,10,30,32.800000000000004,212,683,794,7,22,301,475,0,706,53.14,31.61,0.13,1010,4.800000000000001,139,1,42.7038,33.5962
2022,8,3,11,30,33.5,230,699,881,7,21.200000000000003,430,257,0,669,48.6,21.400000000000002,0.13,1010,4.9,169,0.8,40.9925,32.2758
2022,8,3,12,30,33.7,279,645,897,6,20.700000000000003,380,63,0,440,46.54,16.59,0.13,1010,5,191,0.7000000000000001,27.0694,21.3184
2022,8,3,13,30,33.7,328,561,851,6,20.400000000000002,319,25,0,342,45.82,21.28,0.13,1009,5,202,0.6000000000000001,20.9582,16.5017
2022,8,3,14,30,33.800000000000004,305,539,765,6,20.3,113,2,0,115,45.35,31.45,0.13,1009,5.1000000000000005,195,0.4,6.9578,5.4740
2022,8,3,15,30,33.800000000000004,268,499,631,9,20.700000000000003,43,0,0,43,46.34,43.31,0.13,1009,5.1000000000000005,179,0.4,2.5373,1.9929
2022,8,3,16,30,33.300000000000004,220,428,461,9,20.8,18,0,0,18,47.910000000000004,55.67,0.13,1008,5,176,0.5,1.0154,0.7947
2022,8,3,17,30,31.900000000000002,155,310,271,6,20.900000000000002,15,0,0,15,52.24,68.08,0.13,1008,5,184,0.6000000000000001,0.7808,0.6060
2022,8,3,18,30,30.1,70,127,91,6,22.700000000000003,8,0,29,8,64.68,80.26,0.13,1009,4.9,196,0.7000000000000001,0.0000,0.0000
2022,8,3,19,30,28.8,1,1,1,6,22.700000000000003,1,0,29,1,69.75,92.14,0.13,1010,4.9,208,0.7000000000000001,0.0000,0.0000
2022,8,3,20,30,28,0,0,0,7,22.6,0,0,0,0,72.33,103.22,0.13,1010,4.9,217,0.8,0.0000,0.0000
2022,8,3,21,30,27.400000000000002,0,0,0,7,22.6,0,0,0,0,74.97,113.15,0.13,1011,4.9,222,0.7000000000000001,0.0000,0.0000
2022,8,3,22,30,26.900000000000002,0,0,0,7,22.700000000000003,0,0,0,0,77.68,121.3,0.13,1011,4.9,223,0.7000000000000001,0.0000,0.0000
2022,8,3,23,30,26.5,0,0,0,7,22.8,0,0,0,0,80.2,126.81,0.13,1011,4.800000000000001,215,0.7000000000000001,0.0000,0.0000
2022,8,4,0,30,25.900000000000002,0,0,0,8,22.8,0,0,0,0,83.29,128.81,0.13,1011,4.800000000000001,200,0.7000000000000001,0.0000,0.0000
2022,8,4,1,30,25.200000000000003,0,0,0,8,22.900000000000002,0,0,0,0,87.26,126.89,0.13,1011,4.7,186,0.7000000000000001,0.0000,0.0000
2022,8,4,2,30,24.700000000000003,0,0,0,3,23,0,0,0,0,90.23,121.44,0.13,1011,4.6000000000000005,180,0.7000000000000001,0.0000,0.0000
2022,8,4,3,30,24.3,0,0,0,0,23,0,0,0,0,92.68,113.34,0.13,1011,4.5,182,0.7000000000000001,0.0000,0.0000
2022,8,4,4,30,24,0,0,0,0,23.1,0,0,0,0,94.5,103.44,0.13,1012,4.5,188,0.6000000000000001,0.0000,0.0000
2022,8,4,5,30,24.5,0,0,0,0,23.1,0,0,0,0,92.09,92.38,0.13,1012,4.4,196,0.6000000000000001,0.0000,0.0000
2022,8,4,6,30,26.6,63,227,100,0,24,63,227,0,100,85.82000000000001,80.51,0.13,1013,4.4,202,0.6000000000000001,0.0000,0.0000
2022,8,4,7,30,29,112,479,289,0,23.200000000000003,112,479,0,289,71.15,68.34,0.13,1013,4.4,203,0.7000000000000001,15.0109,11.6470
2022,8,4,8,30,30.8,138,627,489,0,21.900000000000002,138,627,0,489,59.29,55.94,0.13,1013,4.3,192,0.8,27.5495,21.5595
2022,8,4,9,30,32.300000000000004,154,714,671,0,21.5,161,692,0,662,52.96,43.6,0.13,1013,4.4,176,0.9,39.0322,30.6549
2022,8,4,10,30,33.5,162,767,814,0,21.200000000000003,211,616,0,735,48.51,31.75,0.13,1013,4.5,166,1.1,44.4479,34.9679
2022,8,4,11,30,34.300000000000004,162,800,906,0,20.700000000000003,241,600,0,799,45.19,21.61,0.13,1012,4.6000000000000005,163,1.4000000000000001,48.9483,38.5393
2022,8,4,12,30,34.6,161,812,938,0,20.5,183,774,0,924,43.72,16.85,0.13,1012,4.7,163,1.6,56.8351,44.7597
2022,8,4,13,30,34.6,157,806,907,0,20.3,157,806,0,907,43.31,21.51,0.13,1011,4.800000000000001,162,1.7000000000000002,55.5699,43.7531
2022,8,4,14,30,34.2,151,781,816,0,20.3,151,781,0,816,44.37,31.63,0.13,1011,4.9,161,1.7000000000000002,49.3558,38.8294
2022,8,4,15,30,33.6,140,736,674,0,20.400000000000002,140,736,0,674,46.160000000000004,43.47,0.13,1011,4.9,159,1.7000000000000002,39.7539,31.2225
2022,8,4,16,30,32.7,124,658,494,0,20.6,124,658,0,494,49.03,55.82,0.13,1011,4.9,157,1.7000000000000002,27.8473,21.7937
2022,8,4,17,30,31.400000000000002,98,529,294,0,20.900000000000002,98,529,0,294,53.74,68.23,0.13,1011,4.9,154,1.6,15.2849,11.8610
2022,8,4,18,30,29.6,56,290,104,0,21.900000000000002,57,275,29,103,63.4,80.42,0.13,1012,5,149,1.4000000000000001,0.0000,0.0000
2022,8,4,19,30,28.1,0,0,0,7,22.6,0,0,29,0,72.02,92.32000000000001,0.13,1012,5,147,1.5,0.0000,0.0000
2022,8,4,20,30,27.3,0,0,0,8,23,0,0,0,0,77.34,103.42,0.13,1013,5,147,1.6,0.0000,0.0000
2022,8,4,21,30,26.6,0,0,0,7,23.400000000000002,0,0,0,0,82.56,113.37,0.13,1013,5,151,1.6,0.0000,0.0000
2022,8,4,22,30,26.1,0,0,0,8,23.6,0,0,0,0,86.01,121.54,0.13,1013,5,156,1.4000000000000001,0.0000,0.0000
2022,8,4,23,30,25.8,0,0,0,8,23.6,0,0,0,0,87.81,127.07000000000001,0.13,1013,5,162,1.3,0.0000,0.0000
2022,8,5,0,30,25.5,0,0,0,8,23.6,0,0,0,0,89.45,129.07,0.13,1013,4.9,167,1.2000000000000002,0.0000,0.0000
2022,8,5,1,30,25.200000000000003,0,0,0,3,23.700000000000003,0,0,0,0,91.18,127.14,0.13,1013,4.9,172,1.1,0.0000,0.0000
2022,8,5,2,30,24.8,0,0,0,8,23.700000000000003,0,0,0,0,93.52,121.66,0.13,1013,4.9,176,0.9,0.0000,0.0000
2022,8,5,3,30,24.400000000000002,0,0,0,8,23.8,0,0,0,0,96.26,113.53,0.13,1013,4.9,179,0.7000000000000001,0.0000,0.0000
2022,8,5,4,30,24.1,0,0,0,3,23.8,0,0,0,0,98.49000000000001,103.60000000000001,0.13,1014,4.800000000000001,180,0.5,0.0000,0.0000
2022,8,5,5,30,24.6,0,0,0,0,23.8,0,0,0,0,95.53,92.52,0.13,1014,4.7,180,0.5,0.0000,0.0000
2022,8,5,6,30,26.400000000000002,51,332,105,0,24.200000000000003,51,332,0,105,87.68,80.63,0.13,1014,4.6000000000000005,191,0.7000000000000001,0.0000,0.0000
2022,8,5,7,30,28.700000000000003,80,598,300,0,23.3,80,598,0,300,72.69,68.46000000000001,0.13,1015,4.4,201,0.7000000000000001,15.5664,12.0764
2022,8,5,8,30,30.900000000000002,96,734,506,0,21.700000000000003,96,734,0,506,58.07,56.06,0.13,1015,4.3,182,0.7000000000000001,28.4906,22.2949
2022,8,5,9,30,32.7,105,809,690,0,20.6,105,809,0,690,49.120000000000005,43.72,0.13,1015,4.2,154,0.8,40.6696,31.9402
2022,8,5,10,30,34.1,111,853,835,0,20,153,744,0,785,43.56,31.900000000000002,0.13,1015,4.1000000000000005,144,1.1,47.4600,37.3370
2022,8,5,11,30,35.2,110,882,929,0,19.5,110,882,0,929,39.82,21.81,0.13,1014,4.1000000000000005,143,1.3,56.9012,44.8005
2022,8,5,12,30,35.9,111,888,960,0,19.1,111,888,0,960,37.35,17.12,0.13,1014,4.1000000000000005,144,1.5,59.0377,46.4938
2022,8,5,13,30,36.2,115,875,928,0,18.8,138,834,0,913,35.99,21.75,0.13,1013,4.1000000000000005,144,1.6,55.9245,44.0316
2022,8,5,14,30,36.2,111,853,836,0,18.6,111,853,0,836,35.56,31.82,0.13,1013,4.1000000000000005,144,1.8,50.5500,39.7682
2022,8,5,15,30,35.6,106,808,691,0,18.5,106,808,0,691,36.5,43.63,0.13,1012,4.2,145,1.9000000000000001,40.7387,31.9950
2022,8,5,16,30,34.5,98,730,506,7,18.6,149,586,18,477,39.19,55.980000000000004,0.13,1012,4.3,147,2,26.8682,21.0260
2022,8,5,17,30,32.7,82,596,301,8,19.3,128,385,18,270,45.12,68.39,0.13,1013,4.5,151,1.9000000000000001,14.0181,10.8760
2022,8,5,18,30,30.5,50,343,106,8,20.700000000000003,69,132,50,91,55.88,80.59,0.13,1013,4.6000000000000005,156,1.7000000000000002,0.0000,0.0000
2022,8,5,19,30,28.8,0,0,0,7,21.700000000000003,0,0,14,0,65.39,92.5,0.13,1014,4.800000000000001,162,1.5,0.0000,0.0000
2022,8,5,20,30,27.900000000000002,0,0,0,8,22.400000000000002,0,0,0,0,71.95,103.62,0.13,1014,4.9,168,1.5,0.0000,0.0000
2022,8,5,21,30,27.1,0,0,0,0,23.1,0,0,0,0,78.73,113.60000000000001,0.13,1014,4.9,174,1.2000000000000002,0.0000,0.0000
2022,8,5,22,30,26.5,0,0,0,0,23.700000000000003,0,0,0,0,84.65,121.79,0.13,1015,5,178,1,0.0000,0.0000
2022,8,5,23,30,25.900000000000002,0,0,0,0,24.1,0,0,0,0,89.8,127.34,0.13,1015,5,178,0.7000000000000001,0.0000,0.0000
2022,8,6,0,30,25.5,0,0,0,0,24.3,0,0,0,0,93.18,129.35,0.13,1015,4.9,174,0.5,0.0000,0.0000
2022,8,6,1,30,25.200000000000003,0,0,0,0,24.3,0,0,0,0,94.98,127.4,0.13,1014,4.9,164,0.5,0.0000,0.0000
2022,8,6,2,30,25.200000000000003,0,0,0,8,24.3,0,0,0,0,94.64,121.89,0.13,1015,4.9,140,0.5,0.0000,0.0000
2022,8,6,3,30,25,0,0,0,0,24.200000000000003,0,0,0,0,95.26,113.72,0.13,1015,4.9,110,0.5,0.0000,0.0000
2022,8,6,4,30,24.700000000000003,0,0,0,0,24.1,0,0,0,0,96.72,103.77,0.13,1015,4.9,90,0.6000000000000001,0.0000,0.0000
2022,8,6,5,30,25.1,0,0,0,0,24.1,0,0,0,0,94.45,92.67,0.13,1016,4.9,83,0.9,0.0000,0.0000
2022,8,6,6,30,26.5,47,370,106,0,24.5,47,370,0,106,88.55,80.76,0.13,1016,4.9,85,1.1,0.0000,0.0000
2022,8,6,7,30,28.1,71,629,301,0,24,71,629,0,301,78.42,68.57000000000001,0.13,1016,5,89,1.1,15.6036,12.1038
2022,8,6,8,30,29.8,86,753,505,0,22.8,86,753,0,505,66.22,56.17,0.13,1017,5,91,1,28.4191,22.2379
2022,8,6,9,30,31.200000000000003,97,816,686,0,21.700000000000003,97,816,0,686,57.25,43.84,0.13,1017,5,97,0.9,40.4204,31.7437
2022,8,6,10,30,32.300000000000004,108,848,827,0,21.400000000000002,108,848,0,827,52.660000000000004,32.05,0.13,1016,5,111,1,49.9870,39.3244
2022,8,6,11,30,33,114,865,916,0,21.5,114,865,0,916,50.79,22.02,0.13,1016,5.1000000000000005,125,1.1,56.0933,44.1638
2022,8,6,12,30,33.300000000000004,118,868,946,0,21.5,118,868,0,946,50.230000000000004,17.400000000000002,0.13,1016,5.1000000000000005,134,1.1,58.1645,45.8056
2022,8,6,13,30,33.2,118,858,914,0,21.700000000000003,118,858,0,914,50.84,21.990000000000002,0.13,1015,5.2,139,1.2000000000000002,55.9725,44.0688
2022,8,6,14,30,32.800000000000004,114,836,823,0,21.900000000000002,114,836,0,823,52.71,32.01,0.13,1015,5.2,142,1.1,49.7485,39.1369
2022,8,6,15,30,32.300000000000004,108,792,680,6,22.1,214,54,0,253,55.07,43.800000000000004,0.13,1015,5.300000000000001,142,1.1,14.9089,11.7086
2022,8,6,16,30,31.6,100,714,498,9,22.200000000000003,48,0,0,48,57.51,56.14,0.13,1014,5.300000000000001,141,0.9,2.7016,2.1140
2022,8,6,17,30,30.5,81,585,295,6,22.700000000000003,39,0,0,39,63.33,68.55,0.13,1015,5.4,141,0.8,2.0221,1.5686
2022,8,6,18,30,29.1,50,333,103,6,23.200000000000003,45,9,39,46,70.71000000000001,80.76,0.13,1015,5.4,141,0.6000000000000001,0.0000,0.0000
2022,8,6,19,30,28.1,0,0,0,7,24,0,0,14,0,78.39,92.69,0.13,1015,5.5,140,0.6000000000000001,0.0000,0.0000
2022,8,6,20,30,27.6,0,0,0,0,23.700000000000003,0,0,0,0,79.28,103.83,0.13,1016,5.5,133,0.5,0.0000,0.0000
2022,8,6,21,30,27.200000000000003,0,0,0,8,23.400000000000002,0,0,0,0,79.75,113.83,0.13,1016,5.5,119,0.5,0.0000,0.0000
2022,8,6,22,30,26.900000000000002,0,0,0,8,23.1,0,0,0,0,79.84,122.05,0.13,1016,5.5,101,0.4,0.0000,0.0000
2022,8,6,23,30,26.5,0,0,0,8,23,0,0,0,0,80.94,127.62,0.13,1015,5.5,89,0.4,0.0000,0.0000
2022,8,7,0,30,26,0,0,0,0,22.900000000000002,0,0,0,0,82.99,129.63,0.13,1015,5.4,87,0.5,0.0000,0.0000
2022,8,7,1,30,25.5,0,0,0,7,22.700000000000003,0,0,0,0,84.72,127.66,0.13,1015,5.4,86,0.5,0.0000,0.0000
2022,8,7,2,30,24.900000000000002,0,0,0,8,22.700000000000003,0,0,0,0,87.79,122.12,0.13,1015,5.4,80,0.5,0.0000,0.0000
2022,8,7,3,30,24.400000000000002,0,0,0,0,22.700000000000003,0,0,0,0,90.42,113.92,0.13,1015,5.4,72,0.5,0.0000,0.0000
2022,8,7,4,30,24,0,0,0,0,22.700000000000003,0,0,0,0,92.17,103.94,0.13,1015,5.4,65,0.5,0.0000,0.0000
2022,8,7,5,30,24.3,0,0,0,3,22.700000000000003,0,0,14,0,90.63,92.81,0.13,1015,5.5,62,0.6000000000000001,0.0000,0.0000
2022,8,7,6,30,26.1,53,291,99,7,23.1,72,85,32,85,83.60000000000001,80.88,0.13,1016,5.5,78,0.6000000000000001,0.0000,0.0000
2022,8,7,7,30,28.1,93,535,287,7,23.200000000000003,124,421,18,277,74.89,68.69,0.13,1016,5.6000000000000005,105,0.4,14.3447,11.1257
2022,8,7,8,30,29,119,661,486,8,21.8,208,392,7,426,65.27,56.29,0.13,1016,5.6000000000000005,114,0.4,23.9592,18.7471
2022,8,7,9,30,29.5,137,735,666,7,21.8,229,499,0,588,63.5,43.97,0.13,1016,5.6000000000000005,112,0.4,34.6335,27.1983
2022,8,7,10,30,30.200000000000003,146,781,807,7,21.8,303,52,0,347,60.82,32.2,0.13,1016,5.6000000000000005,115,0.4,20.9688,16.4957
2022,8,7,11,30,31,148,811,899,6,21.700000000000003,250,3,0,253,57.76,22.23,0.13,1016,5.6000000000000005,130,0.30000000000000004,15.4898,12.1954
2022,8,7,12,30,31.700000000000003,151,818,930,8,21.5,338,351,0,672,54.9,17.68,0.13,1015,5.6000000000000005,159,0.2,41.3089,32.5311
2022,8,7,13,30,32.1,151,808,899,6,21.1,403,49,0,448,52.38,22.23,0.13,1014,5.5,191,0.2,27.4285,21.5950
2022,8,7,14,30,32.300000000000004,141,791,810,6,20.8,315,41,0,350,50.64,32.21,0.13,1014,5.4,208,0.30000000000000004,21.1498,16.6381
2022,8,7,15,30,32,127,754,670,6,20.5,259,19,0,273,50.81,43.980000000000004,0.13,1013,5.4,207,0.4,16.0794,12.6274
2022,8,7,16,30,31.5,111,683,490,8,20.5,210,369,0,415,52.26,56.31,0.13,1013,5.4,202,0.6000000000000001,23.3382,18.2610
2022,8,7,17,30,30.3,88,554,289,8,20.900000000000002,137,348,11,263,57.27,68.72,0.13,1013,5.300000000000001,203,0.7000000000000001,13.6162,10.5603
2022,8,7,18,30,28.6,51,306,99,8,22.200000000000003,59,204,100,91,68.22,80.93,0.13,1013,5.300000000000001,209,0.6000000000000001,0.0000,0.0000
2022,8,7,19,30,27.1,0,0,0,8,22.6,0,0,14,0,76.46000000000001,92.88,0.12,1014,5.2,216,0.6000000000000001,0.0000,0.0000
2022,8,7,20,30,26.5,0,0,0,0,22.400000000000002,0,0,0,0,78.37,104.04,0.12,1014,5.2,222,0.7000000000000001,0.0000,0.0000
2022,8,7,21,30,26,0,0,0,8,22.400000000000002,0,0,0,0,80.48,114.06,0.12,1014,5.1000000000000005,227,0.7000000000000001,0.0000,0.0000
2022,8,7,22,30,25.5,0,0,0,8,22.400000000000002,0,0,0,0,82.86,122.31,0.12,1014,5,233,0.7000000000000001,0.0000,0.0000
2022,8,7,23,30,25,0,0,0,0,22.400000000000002,0,0,0,0,85.42,127.9,0.12,1013,4.9,240,0.7000000000000001,0.0000,0.0000
2022,8,8,0,30,24.5,0,0,0,7,22.400000000000002,0,0,0,0,87.9,129.91,0.12,1013,4.9,248,0.6000000000000001,0.0000,0.0000
2022,8,8,1,30,24,0,0,0,7,22.3,0,0,0,0,90.24,127.92,0.12,1013,4.9,259,0.6000000000000001,0.0000,0.0000
2022,8,8,2,30,23.6,0,0,0,0,22.3,0,0,0,0,92.25,122.35000000000001,0.12,1013,4.9,273,0.6000000000000001,0.0000,0.0000
2022,8,8,3,30,23.3,0,0,0,0,22.200000000000003,0,0,0,0,93.77,114.12,0.12,1013,4.9,289,0.6000000000000001,0.0000,0.0000
2022,8,8,4,30,23.1,0,0,0,0,22.200000000000003,0,0,0,0,94.81,104.10000000000001,0.12,1013,4.9,308,0.6000000000000001,0.0000,0.0000
2022,8,8,5,30,23.6,0,0,0,0,22.3,0,0,0,0,92.22,92.95,0.12,1013,4.9,330,0.6000000000000001,0.0000,0.0000
2022,8,8,6,30,25.8,49,319,99,0,23.1,49,319,0,99,85.09,81.01,0.12,1014,4.9,315,0.4,0.0000,0.0000
2022,8,8,7,30,28.5,84,575,292,0,22.8,84,575,0,292,71.25,68.81,0.12,1014,4.9,258,0.5,15.1059,11.7145
2022,8,8,8,30,30.400000000000002,103,706,494,0,20.8,103,706,0,494,56.46,56.4,0.12,1014,4.9,226,0.7000000000000001,27.7686,21.7267
2022,8,8,9,30,31.700000000000003,118,777,676,0,20.5,118,777,0,676,51.4,44.09,0.12,1013,4.9,222,0.9,39.8034,31.2576
2022,8,8,10,30,32.7,129,814,817,0,20.400000000000002,129,814,0,817,48.34,32.36,0.12,1013,4.9,219,0.9,49.3573,38.8277
2022,8,8,11,30,33.4,134,839,909,0,20.400000000000002,164,773,0,878,46.410000000000004,22.45,0.12,1012,4.9,213,1,53.7430,42.3123
2022,8,8,12,30,33.9,130,854,942,0,20.3,164,734,0,862,45.09,17.96,0.12,1012,4.9,204,1.1,52.9770,41.7193
2022,8,8,13,30,34,122,855,912,3,20.3,385,201,0,571,44.75,22.490000000000002,0.12,1011,4.9,197,1.2000000000000002,34.9499,27.5162
2022,8,8,14,30,33.800000000000004,118,832,820,8,20.3,304,195,7,469,45.35,32.410000000000004,0.12,1011,4.9,194,1.3,28.3313,22.2871
2022,8,8,15,30,33.300000000000004,111,788,676,8,20.400000000000002,138,70,0,188,46.93,44.160000000000004,0.12,1010,4.9,196,1.5,11.0674,8.6911
2022,8,8,16,30,32.300000000000004,100,714,494,8,20.5,205,175,0,302,49.77,56.480000000000004,0.12,1010,5,199,1.6,16.9692,13.2766
2022,8,8,17,30,30.700000000000003,80,588,292,6,20.700000000000003,105,80,0,134,55.27,68.9,0.12,1010,5,201,1.6,6.9268,5.3711
2022,8,8,18,30,28.8,46,340,99,6,21.5,31,10,43,33,64.83,81.11,0.12,1011,5,205,1.3,0.0000,0.0000
2022,8,8,19,30,27.3,0,0,0,7,21.900000000000002,0,0,14,0,72.42,93.08,0.12,1011,5,212,1.2000000000000002,0.0000,0.0000
2022,8,8,20,30,26.5,0,0,0,8,22,0,0,0,0,76.45,104.25,0.12,1012,5,220,1.2000000000000002,0.0000,0.0000
2022,8,8,21,30,25.8,0,0,0,8,22.200000000000003,0,0,0,0,80.63,114.3,0.12,1012,5,228,1.1,0.0000,0.0000
2022,8,8,22,30,25.200000000000003,0,0,0,0,22.3,0,0,0,0,84.19,122.57000000000001,0.12,1012,5,236,0.9,0.0000,0.0000
2022,8,8,23,30,24.700000000000003,0,0,0,0,22.400000000000002,0,0,0,0,87.27,128.18,0.12,1012,5,242,0.9,0.0000,0.0000
2022,8,9,0,30,24.3,0,0,0,8,22.5,0,0,0,0,89.54,130.19,0.12,1012,5,245,0.8,0.0000,0.0000
2022,8,9,1,30,23.900000000000002,0,0,0,8,22.5,0,0,0,0,91.89,128.19,0.12,1012,5,246,0.7000000000000001,0.0000,0.0000
2022,8,9,2,30,23.6,0,0,0,8,22.5,0,0,0,0,93.62,122.58,0.12,1012,5,245,0.7000000000000001,0.0000,0.0000
2022,8,9,3,30,23.3,0,0,0,3,22.5,0,0,0,0,95.26,114.31,0.12,1012,5,244,0.7000000000000001,0.0000,0.0000
2022,8,9,4,30,23.1,0,0,0,0,22.5,0,0,0,0,96.52,104.27,0.12,1012,4.9,241,0.7000000000000001,0.0000,0.0000
2022,8,9,5,30,23.6,0,0,0,0,22.6,0,0,4,0,93.88,93.10000000000001,0.12,1012,4.9,238,0.9,0.0000,0.0000
2022,8,9,6,30,25.200000000000003,47,330,98,0,22.900000000000002,51,270,14,93,87.02,81.14,0.12,1013,4.9,241,1.2000000000000002,0.0000,0.0000
2022,8,9,7,30,27.5,80,586,291,0,22.900000000000002,80,586,0,291,75.91,68.92,0.12,1013,4.9,245,1.4000000000000001,15.0398,11.6618
2022,8,9,8,30,29.700000000000003,100,715,494,0,22.200000000000003,100,715,0,494,64.09,56.52,0.12,1013,4.9,243,1.5,27.7521,21.7127
2022,8,9,9,30,31.5,109,792,677,0,21.5,109,792,0,677,55.46,44.22,0.12,1013,4.9,235,1.5,39.8476,31.2915
2022,8,9,10,30,32.9,113,840,821,0,21,113,840,0,821,49.53,32.51,0.12,1013,5,229,1.6,49.5866,39.0074
2022,8,9,11,30,33.800000000000004,118,861,912,0,20.6,118,861,0,912,45.97,22.67,0.12,1012,5,224,1.8,55.8115,43.9403
2022,8,9,12,30,34.300000000000004,122,865,943,3,20.3,407,206,0,603,44.11,18.25,0.12,1012,5,221,1.9000000000000001,37.0508,29.1771
2022,8,9,13,30,34.5,121,855,910,8,20.3,343,241,0,565,43.38,22.740000000000002,0.12,1011,5,220,2,34.5737,27.2197
2022,8,9,14,30,34.5,115,836,819,8,20.1,191,66,0,247,43.09,32.62,0.12,1011,5,222,2.2,14.9155,11.7332
2022,8,9,15,30,34,106,798,677,7,20,194,548,0,586,43.88,44.34,0.12,1010,4.9,224,2.2,34.4797,27.0755
2022,8,9,16,30,33.2,93,730,494,0,20,100,712,0,491,46.01,56.65,0.12,1011,4.9,225,2.2,27.5657,21.5656
2022,8,9,17,30,31.700000000000003,75,608,292,0,20.3,75,608,0,292,51.050000000000004,69.07000000000001,0.12,1011,4.9,225,1.9000000000000001,15.0719,11.6847
2022,8,9,18,30,29.700000000000003,44,358,98,0,21.400000000000002,44,358,0,98,61.13,81.3,0.12,1011,4.800000000000001,225,1.4000000000000001,0.0000,0.0000
2022,8,9,19,30,28.1,0,0,0,0,21.700000000000003,0,0,0,0,68.38,93.28,0.12,1012,4.7,225,1.2000000000000002,0.0000,0.0000
2022,8,9,20,30,27.400000000000002,0,0,0,0,21.8,0,0,0,0,71.37,104.47,0.12,1012,4.7,225,1.1,0.0000,0.0000
2022,8,9,21,30,26.700000000000003,0,0,0,0,22,0,0,0,0,75.25,114.55,0.12,1012,4.6000000000000005,226,1.1,0.0000,0.0000
2022,8,9,22,30,26.1,0,0,0,0,22.1,0,0,0,0,78.74,122.84,0.12,1013,4.6000000000000005,228,1,0.0000,0.0000
2022,8,9,23,30,25.5,0,0,0,0,22.200000000000003,0,0,0,0,82.10000000000001,128.47,0.12,1013,4.5,231,1,0.0000,0.0000
2022,8,10,0,30,25.1,0,0,0,0,22.3,0,0,0,0,84.5,130.48,0.12,1012,4.6000000000000005,234,1,0.0000,0.0000
2022,8,10,1,30,24.700000000000003,0,0,0,0,22.400000000000002,0,0,0,0,86.98,128.45,0.12,1012,4.6000000000000005,236,1,0.0000,0.0000
2022,8,10,2,30,24.3,0,0,0,0,22.5,0,0,0,0,89.64,122.82000000000001,0.12,1013,4.7,238,0.9,0.0000,0.0000
2022,8,10,3,30,24,0,0,0,0,22.6,0,0,0,0,91.7,114.51,0.12,1013,4.7,237,0.9,0.0000,0.0000
2022,8,10,4,30,23.8,0,0,0,0,22.700000000000003,0,0,0,0,93.35000000000001,104.44,0.12,1013,4.800000000000001,236,0.9,0.0000,0.0000
2022,8,10,5,30,24,0,0,0,0,22.8,0,0,0,0,93.01,93.24,0.12,1014,4.7,235,1.1,0.0000,0.0000
2022,8,10,6,30,25.400000000000002,48,321,97,0,23,48,321,0,97,86.72,81.26,0.12,1014,4.7,237,1.4000000000000001,0.0000,0.0000
2022,8,10,7,30,27.3,80,587,290,8,22.900000000000002,125,380,7,261,77.15,69.04,0.12,1014,4.7,239,1.6,13.4753,10.4473
2022,8,10,8,30,29.3,97,723,495,8,22.400000000000002,212,271,0,361,66.47,56.64,0.12,1014,4.6000000000000005,239,1.9000000000000001,20.2682,15.8566
2022,8,10,9,30,30.900000000000002,112,789,676,7,21.900000000000002,180,603,0,611,58.79,44.35,0.12,1014,4.7,240,2,35.9497,28.2298
2022,8,10,10,30,32,127,818,816,8,21.400000000000002,316,360,0,619,53.45,32.67,0.12,1014,4.800000000000001,243,2.2,37.3762,29.4016
2022,8,10,11,30,32.6,138,832,904,8,20.900000000000002,296,499,0,756,50.2,22.89,0.12,1013,4.9,248,2.3000000000000003,46.2543,36.4153
2022,8,10,12,30,32.800000000000004,142,833,932,8,20.6,321,460,0,757,48.75,18.54,0.12,1013,5.1000000000000005,254,2.3000000000000003,46.5024,36.6195
2022,8,10,13,30,32.7,141,823,899,8,20.400000000000002,296,465,7,724,48.43,23.01,0.12,1013,5.1000000000000005,259,2.3000000000000003,44.2909,34.8693
2022,8,10,14,30,32.2,140,793,806,0,20.3,149,769,4,795,49.42,32.84,0.12,1012,5.1000000000000005,265,2.1,47.9895,37.7497
2022,8,10,15,30,31.6,132,744,662,7,20.200000000000003,257,372,0,522,50.88,44.53,0.12,1012,5.1000000000000005,268,1.9000000000000001,30.6973,24.1045
2022,8,10,16,30,30.8,117,664,480,8,20.200000000000003,226,223,0,348,53.31,56.84,0.12,1012,4.9,266,1.6,19.5187,15.2689
2022,8,10,17,30,29.6,94,520,278,7,20.700000000000003,168,149,0,221,58.88,69.26,0.12,1012,4.800000000000001,259,1.2000000000000002,11.3882,8.8269
2022,8,10,18,30,28,53,245,89,7,21.8,55,5,43,56,69.02,81.49,0.12,1012,4.800000000000001,252,0.9,0.0000,0.0000
2022,8,10,19,30,26.900000000000002,0,0,0,8,21.400000000000002,0,0,0,0,71.9,93.49,0.15,1012,4.800000000000001,249,0.8,0.0000,0.0000
2022,8,10,20,30,26.400000000000002,0,0,0,8,21.3,0,0,0,0,73.41,104.7,0.15,1012,4.800000000000001,249,0.9,0.0000,0.0000
2022,8,10,21,30,26,0,0,0,7,21.200000000000003,0,0,0,0,75.11,114.79,0.15,1012,4.800000000000001,251,0.9,0.0000,0.0000
2022,8,10,22,30,25.6,0,0,0,7,21.3,0,0,0,0,77.26,123.12,0.15,1012,4.800000000000001,254,1,0.0000,0.0000
2022,8,10,23,30,25.200000000000003,0,0,0,7,21.5,0,0,0,0,79.99,128.76,0.15,1012,4.800000000000001,256,1,0.0000,0.0000
2022,8,11,0,30,24.8,0,0,0,7,21.700000000000003,0,0,0,0,83.17,130.78,0.15,1012,4.800000000000001,258,1.1,0.0000,0.0000
2022,8,11,1,30,24.400000000000002,0,0,0,7,22,0,0,0,0,86.67,128.73,0.15,1011,4.800000000000001,259,1.1,0.0000,0.0000
2022,8,11,2,30,24,0,0,0,7,22.3,0,0,0,0,90.24,123.06,0.15,1011,4.800000000000001,257,1,0.0000,0.0000
2022,8,11,3,30,23.700000000000003,0,0,0,7,22.5,0,0,14,0,93.13,114.71000000000001,0.15,1011,4.800000000000001,252,1,0.0000,0.0000
2022,8,11,4,30,23.5,0,0,0,7,22.700000000000003,0,0,0,0,95.34,104.61,0.15,1011,4.9,244,1,0.0000,0.0000
2022,8,11,5,30,23.6,0,0,0,7,22.900000000000002,0,0,14,0,95.74000000000001,93.39,0.15,1011,4.9,239,1.2000000000000002,0.0000,0.0000
2022,8,11,6,30,24.200000000000003,57,205,88,8,23.200000000000003,61,18,29,64,94.17,81.39,0.15,1012,5,236,1.4000000000000001,0.0000,0.0000
2022,8,11,7,30,25.200000000000003,108,467,274,8,23.6,113,14,0,118,90.96000000000001,69.16,0.15,1012,5.1000000000000005,241,1.5,6.0859,4.7177
2022,8,11,8,30,26.5,136,616,474,8,23.400000000000002,170,21,0,182,82.96000000000001,56.75,0.15,1012,5.2,249,1.8,10.2127,7.9894
2022,8,11,9,30,28,161,690,653,8,22.5,289,79,0,345,72.13,44.480000000000004,0.15,1012,5.2,250,1.9000000000000001,20.2914,15.9336
2022,8,11,10,30,29.200000000000003,179,731,793,7,21.6,335,57,0,383,63.730000000000004,32.83,0.15,1012,5.2,249,1.9000000000000001,23.1199,18.1867
2022,8,11,11,30,30,182,766,886,7,21.1,228,3,0,231,59,23.12,0.15,1012,5.1000000000000005,246,1.9000000000000001,14.1298,11.1241
2022,8,11,12,30,30.400000000000002,181,779,918,7,20.900000000000002,393,32,0,423,56.9,18.84,0.15,1011,5,242,1.8,25.9784,20.4571
2022,8,11,13,30,30.6,176,775,888,7,20.700000000000003,420,192,0,596,55.42,23.28,0.15,1010,5,237,1.8,36.4500,28.6959
2022,8,11,14,30,30.6,162,760,799,8,20.5,337,305,0,593,54.78,33.06,0.15,1010,4.9,231,1.7000000000000002,35.7825,28.1467
2022,8,11,15,30,30.400000000000002,145,721,657,0,20.3,191,612,4,626,54.92,44.730000000000004,0.15,1009,4.800000000000001,226,1.8,36.7921,28.8890
2022,8,11,16,30,29.900000000000002,124,647,476,7,20.200000000000003,205,404,25,425,56.17,57.02,0.15,1009,4.800000000000001,223,1.9000000000000001,23.8158,18.6289
2022,8,11,17,30,28.700000000000003,95,513,275,3,20.3,101,12,0,105,60.38,69.44,0.15,1009,4.800000000000001,222,1.7000000000000002,5.4022,4.1863
2022,8,11,18,30,26.8,51,251,87,8,21,36,14,43,38,70.66,81.68,0.15,1009,4.7,219,1.3,0.0000,0.0000
2022,8,11,19,30,25.5,0,0,0,8,21.3,0,0,0,0,77.69,93.7,0.14,1009,4.7,219,1.2000000000000002,0.0000,0.0000
2022,8,11,20,30,24.700000000000003,0,0,0,8,21.400000000000002,0,0,0,0,81.67,104.93,0.14,1009,4.800000000000001,222,1.4000000000000001,0.0000,0.0000
2022,8,11,21,30,24,0,0,0,5,21.5,0,0,0,0,86.15,115.05,0.14,1009,4.9,224,1.4000000000000001,0.0000,0.0000
2022,8,11,22,30,23.6,0,0,0,4,21.8,0,0,0,0,89.42,123.4,0.14,1009,4.9,225,1.3,0.0000,0.0000
2022,8,11,23,30,23.200000000000003,0,0,0,0,21.900000000000002,0,0,0,0,92.63,129.06,0.14,1009,5,227,1.2000000000000002,0.0000,0.0000
2022,8,12,0,30,22.900000000000002,0,0,0,8,22.1,0,0,0,0,95.13,131.08,0.14,1008,5,229,1.1,0.0000,0.0000
2022,8,12,1,30,22.700000000000003,0,0,0,7,22.200000000000003,0,0,0,0,97,129,0.14,1008,5.1000000000000005,231,1.1,0.0000,0.0000
2022,8,12,2,30,22.6,0,0,0,7,22.3,0,0,0,0,98.03,123.29,0.14,1008,5.2,234,1.2000000000000002,0.0000,0.0000
2022,8,12,3,30,22.6,0,0,0,7,22.3,0,0,0,0,98.47,114.92,0.14,1008,5.300000000000001,239,1.3,0.0000,0.0000
2022,8,12,4,30,22.700000000000003,0,0,0,5,22.400000000000002,0,0,0,0,98.44,104.78,0.14,1008,5.300000000000001,242,1.3,0.0000,0.0000
2022,8,12,5,30,22.900000000000002,0,0,0,8,22.5,0,0,0,0,97.7,93.53,0.14,1009,5.300000000000001,240,1.4000000000000001,0.0000,0.0000
2022,8,12,6,30,23.8,55,208,86,0,22.900000000000002,51,141,29,72,94.62,81.52,0.14,1009,5.2,242,1.8,0.0000,0.0000
2022,8,12,7,30,25.3,108,460,271,7,23.5,169,163,0,227,89.86,69.28,0.14,1009,5.1000000000000005,253,2.1,11.6954,9.0647
2022,8,12,8,30,27.400000000000002,138,611,472,3,23.700000000000003,157,10,0,162,80.36,56.870000000000005,0.14,1009,5.1000000000000005,267,2.2,9.0849,7.1068
2022,8,12,9,30,29.5,149,712,656,8,22.900000000000002,123,13,0,132,67.55,44.61,0.14,1009,5,280,2.1,7.7608,6.0939
2022,8,12,10,30,30.700000000000003,152,775,802,6,22.200000000000003,37,0,0,37,60.620000000000005,33,0.14,1008,5,286,1.9000000000000001,2.2329,1.7564
2022,8,12,11,30,31.200000000000003,157,803,894,6,22,46,0,0,46,58,23.35,0.14,1008,5,288,1.7000000000000002,2.8130,2.2146
2022,8,12,12,30,31.5,165,803,924,6,21.900000000000002,290,79,0,365,56.78,19.14,0.14,1008,4.9,293,1.5,22.4108,17.6474
2022,8,12,13,30,31.6,171,784,890,3,21.900000000000002,341,28,0,367,56.46,23.55,0.14,1007,4.7,302,1.2000000000000002,22.4384,17.6647
2022,8,12,14,30,31.6,157,771,802,0,21.8,157,771,0,802,56.07,33.28,0.14,1007,4.5,315,1,48.3755,38.0515
2022,8,12,15,30,31.200000000000003,140,735,660,0,21.6,140,735,0,660,56.74,44.93,0.14,1007,4.3,338,0.8,38.7678,30.4391
2022,8,12,16,30,30.400000000000002,119,664,479,0,21.6,119,664,0,479,59.370000000000005,57.21,0.14,1007,4.1000000000000005,194,0.7000000000000001,26.8157,20.9736
2022,8,12,17,30,28.8,90,536,277,0,22.5,90,536,0,277,68.92,69.63,0.14,1008,4,48,0.8,14.2275,11.0227
2022,8,12,18,30,26.400000000000002,48,275,87,0,23,55,151,29,76,81.82000000000001,81.88,0.14,1008,3.9000000000000004,71,0.9,0.0000,0.0000
2022,8,12,19,30,24.6,0,0,0,0,23.200000000000003,0,0,0,0,91.71000000000001,93.91,0.14,1009,3.7,85,1,0.0000,0.0000
2022,8,12,20,30,23.700000000000003,0,0,0,6,22.6,0,0,0,0,93.72,105.16,0.14,1009,3.6,90,1.3,0.0000,0.0000
2022,8,12,21,30,23,0,0,0,6,22.400000000000002,0,0,0,0,96.24000000000001,115.3,0.14,1010,3.5,87,1.3,0.0000,0.0000
2022,8,12,22,30,22.400000000000002,0,0,0,0,22.200000000000003,0,0,0,0,98.53,123.68,0.14,1010,3.4000000000000004,83,1.2000000000000002,0.0000,0.0000
2022,8,12,23,30,22,0,0,0,0,21.8,0,0,0,0,98.72,129.36,0.14,1009,3.2,79,1.1,0.0000,0.0000
2022,8,13,0,30,21.5,0,0,0,0,21.3,0,0,0,0,98.73,131.38,0.14,1009,3.2,76,1,0.0000,0.0000
2022,8,13,1,30,21,0,0,0,0,20.8,0,0,0,0,98.84,129.28,0.14,1010,3.3000000000000003,74,1,0.0000,0.0000
2022,8,13,2,30,20.700000000000003,0,0,0,0,20.400000000000002,0,0,0,0,97.96000000000001,123.54,0.14,1010,3.4000000000000004,68,1,0.0000,0.0000
2022,8,13,3,30,20.5,0,0,0,0,20,0,0,0,0,97.02,115.12,0.14,1010,3.4000000000000004,59,1,0.0000,0.0000
2022,8,13,4,30,20.400000000000002,0,0,0,0,19.900000000000002,0,0,0,0,96.98,104.95,0.14,1011,3.4000000000000004,47,1.1,0.0000,0.0000
2022,8,13,5,30,20.6,0,0,0,0,19.8,0,0,0,0,95.37,93.68,0.14,1011,3.3000000000000003,38,1.3,0.0000,0.0000
2022,8,13,6,30,21.8,53,256,90,0,20.1,53,256,0,90,89.95,81.64,0.14,1011,3.2,37,1.6,0.0000,0.0000
2022,8,13,7,30,24,99,527,284,0,20.1,99,527,0,284,78.78,69.4,0.14,1012,3.2,48,2,14.6167,11.3274
2022,8,13,8,30,26.5,121,681,492,0,18.5,121,681,0,492,61.690000000000005,56.99,0.14,1012,3.1,59,2.4000000000000004,27.5745,21.5692
2022,8,13,9,30,28.400000000000002,133,772,681,0,17.400000000000002,133,772,0,681,51.31,44.74,0.14,1012,3,63,2.5,40.0235,31.4262
2022,8,13,10,30,29.900000000000002,137,827,829,0,16.8,137,827,0,829,45.44,33.160000000000004,0.14,1012,3,63,2.3000000000000003,50.0145,39.3412
2022,8,13,11,30,31,138,859,925,0,16.400000000000002,138,859,0,925,41.58,23.580000000000002,0.14,1011,2.9000000000000004,60,2.1,56.5527,44.5212
2022,8,13,12,30,31.8,131,880,961,0,16.1,131,880,0,961,38.84,19.45,0.14,1011,2.8000000000000003,57,2,58.9892,46.4505
2022,8,13,13,30,32.1,121,886,931,0,15.700000000000001,121,886,0,931,37.37,23.830000000000002,0.14,1010,2.8000000000000003,55,1.8,56.9040,44.7970
2022,8,13,14,30,32,116,865,837,0,15.5,116,865,0,837,36.92,33.52,0.14,1010,2.7,54,1.6,50.4655,39.6944
2022,8,13,15,30,31.700000000000003,104,831,690,0,15.200000000000001,104,831,0,690,36.97,45.13,0.14,1009,2.6,53,1.4000000000000001,40.5062,31.8027
2022,8,13,16,30,31.1,90,768,504,0,15,90,768,0,504,37.7,57.410000000000004,0.14,1009,2.5,51,1.2000000000000002,28.1862,22.0435
2022,8,13,17,30,29.5,71,644,293,0,15.600000000000001,71,644,0,293,42.84,69.83,0.14,1009,2.5,54,0.9,15.0226,11.6358
2022,8,13,18,30,27.1,40,382,93,0,17.900000000000002,40,382,0,93,57.18,82.08,0.14,1009,2.4000000000000004,68,0.9,0.0000,0.0000
2022,8,13,19,30,25.200000000000003,0,0,0,0,16.900000000000002,0,0,0,0,59.99,94.13,0.1,1009,2.4000000000000004,89,1,0.0000,0.0000
2022,8,13,20,30,23.900000000000002,0,0,0,0,16.5,0,0,0,0,63.160000000000004,105.4,0.1,1010,2.4000000000000004,107,1,0.0000,0.0000
2022,8,13,21,30,22.900000000000002,0,0,0,0,16.1,0,0,0,0,65.47,115.57000000000001,0.1,1010,2.3000000000000003,122,1,0.0000,0.0000
2022,8,13,22,30,22.1,0,0,0,0,15.700000000000001,0,0,0,0,67.15,123.97,0.1,1010,2.3000000000000003,133,1,0.0000,0.0000
2022,8,13,23,30,21.5,0,0,0,0,15.600000000000001,0,0,0,0,69.24,129.67000000000002,0.1,1010,2.3000000000000003,139,0.9,0.0000,0.0000
2022,8,14,0,30,21,0,0,0,0,15.8,0,0,0,0,72.10000000000001,131.68,0.1,1010,2.4000000000000004,140,0.9,0.0000,0.0000
2022,8,14,1,30,20.400000000000002,0,0,0,0,16,0,0,0,0,76.02,129.56,0.1,1010,2.5,137,0.8,0.0000,0.0000
2022,8,14,2,30,19.8,0,0,0,0,16.400000000000002,0,0,0,0,80.54,123.78,0.1,1010,2.6,130,0.8,0.0000,0.0000
2022,8,14,3,30,19.3,0,0,0,0,16.7,0,0,0,0,85.05,115.32000000000001,0.1,1010,2.7,122,0.8,0.0000,0.0000
2022,8,14,4,30,18.8,0,0,0,0,17.1,0,0,0,0,89.77,105.12,0.1,1010,2.8000000000000003,115,0.8,0.0000,0.0000
2022,8,14,5,30,19.400000000000002,0,0,0,0,17.400000000000002,0,0,0,0,88.22,93.83,0.1,1010,2.9000000000000004,110,0.8,0.0000,0.0000
2022,8,14,6,30,21.5,45,352,95,0,18.1,45,352,0,95,81.05,81.77,0.1,1010,3,109,0.9,0.0000,0.0000
2022,8,14,7,30,24.700000000000003,77,615,292,0,18.2,77,615,0,292,67,69.52,0.1,1011,3.1,115,0.8,15.0125,11.6325
2022,8,14,8,30,27.700000000000003,96,740,498,0,16.2,96,740,0,498,49.51,57.120000000000005,0.1,1011,3.2,119,0.6000000000000001,27.8922,21.8165
2022,8,14,9,30,29.700000000000003,115,798,680,0,15.100000000000001,115,798,0,680,41.12,44.88,0.1,1011,3.4000000000000004,102,0.4,39.9484,31.3664
2022,8,14,10,30,31,132,825,821,0,15.200000000000001,132,825,0,821,38.34,33.33,0.1,1010,3.5,84,0.5,49.5172,38.9494
2022,8,14,11,30,32,140,843,911,0,15.4,140,843,0,911,36.83,23.82,0.1,1010,3.6,88,0.6000000000000001,55.6822,43.8352
2022,8,14,12,30,32.7,143,848,941,0,15.600000000000001,143,848,0,941,35.82,19.75,0.1,1009,3.7,105,0.6000000000000001,57.7465,45.4713
2022,8,14,13,30,32.9,143,836,906,0,15.700000000000001,143,836,0,906,35.730000000000004,24.12,0.1,1008,3.8000000000000003,131,0.5,55.3582,43.5792
2022,8,14,14,30,32.7,138,809,811,0,15.9,207,638,0,737,36.43,33.75,0.1,1007,3.8000000000000003,164,0.5,44.4182,34.9369
2022,8,14,15,30,32.300000000000004,130,759,663,0,16.1,130,759,0,663,37.72,45.35,0.1,1007,3.9000000000000004,194,0.5,38.8959,30.5369
2022,8,14,16,30,31.700000000000003,115,674,476,0,16.3,152,558,0,451,39.660000000000004,57.61,0.1,1006,4,212,0.6000000000000001,25.1959,19.7030
2022,8,14,17,30,30.400000000000002,90,529,271,0,17.2,90,529,0,271,45.07,70.03,0.1,1006,4.1000000000000005,215,0.6000000000000001,13.8698,10.7403
2022,8,14,18,30,28.200000000000003,46,257,81,0,19.3,46,257,0,81,58.39,82.28,0.1,1006,4.2,205,0.7000000000000001,0.0000,0.0000
2022,8,14,19,30,26.5,0,0,0,0,19.5,0,0,0,0,65.31,94.35000000000001,0.1,1007,4.2,194,0.8,0.0000,0.0000
2022,8,14,20,30,25.700000000000003,0,0,0,0,19.3,0,0,0,0,67.65,105.64,0.1,1007,4.3,185,0.8,0.0000,0.0000
2022,8,14,21,30,24.900000000000002,0,0,0,0,19.200000000000003,0,0,0,0,70.60000000000001,115.83,0.1,1007,4.3,182,0.8,0.0000,0.0000
2022,8,14,22,30,24.200000000000003,0,0,0,0,18.900000000000002,0,0,0,0,72.10000000000001,124.26,0.1,1007,4.3,187,0.9,0.0000,0.0000
2022,8,14,23,30,23.700000000000003,0,0,0,0,18.5,0,0,0,0,72.66,129.98,0.1,1007,4.2,195,1,0.0000,0.0000
2022,8,15,0,30,23.200000000000003,0,0,0,0,18.2,0,0,0,0,73.62,131.99,0.1,1007,4.1000000000000005,203,1.1,0.0000,0.0000
2022,8,15,1,30,22.700000000000003,0,0,0,0,18.1,0,0,0,0,75.45,129.85,0.1,1006,4,211,1.2000000000000002,0.0000,0.0000
2022,8,15,2,30,22.200000000000003,0,0,0,0,18.2,0,0,0,0,78.26,124.02,0.1,1006,4,218,1.1,0.0000,0.0000
2022,8,15,3,30,21.8,0,0,0,0,18.3,0,0,0,0,80.76,115.53,0.1,1006,4,223,1.1,0.0000,0.0000
2022,8,15,4,30,21.400000000000002,0,0,0,0,18.5,0,0,0,0,83.53,105.29,0.1,1006,3.9000000000000004,225,1,0.0000,0.0000
2022,8,15,5,30,21.700000000000003,0,0,0,0,18.7,0,0,0,0,82.92,93.97,0.1,1006,3.9000000000000004,226,1.2000000000000002,0.0000,0.0000
2022,8,15,6,30,23.1,50,253,86,0,18.900000000000002,50,253,0,86,77.39,81.9,0.1,1006,3.9000000000000004,222,1.4000000000000001,0.0000,0.0000
2022,8,15,7,30,25.700000000000003,98,510,275,0,19.400000000000002,105,478,0,271,68.37,69.64,0.1,1006,4,227,1.6,13.9181,10.7829
2022,8,15,8,30,28.400000000000002,130,640,476,3,19.700000000000003,222,278,0,372,59.44,57.24,0.1,1006,4.1000000000000005,239,2,20.8223,16.2858
2022,8,15,9,30,30.200000000000003,162,694,653,0,19.700000000000003,231,526,4,603,53.42,45.01,0.1,1006,4.1000000000000005,242,2.2,35.4114,27.8033
2022,8,15,10,30,31.200000000000003,192,717,790,8,19.5,353,218,0,535,49.9,33.51,0.1,1006,4.2,241,2.4000000000000004,32.2575,25.3727
2022,8,15,11,30,31.700000000000003,198,748,881,3,19.400000000000002,373,39,0,409,48.11,24.060000000000002,0.1,1005,4.3,239,2.5,24.9923,19.6746
2022,8,15,12,30,32.2,190,771,914,0,19.400000000000002,278,587,4,829,46.7,20.07,0.1,1005,4.3,236,2.6,50.8590,40.0472
2022,8,15,13,30,32.6,178,778,886,7,19.400000000000002,382,312,36,666,45.83,24.41,0.1,1004,4.3,232,2.7,40.6805,32.0240
2022,8,15,14,30,32.6,164,760,794,8,19.6,334,278,32,564,46.2,34,0.1,1003,4.3,231,2.6,33.9765,26.7233
2022,8,15,15,30,32.2,150,710,647,7,19.700000000000003,264,385,18,534,47.82,45.56,0.1,1003,4.5,232,2.4000000000000004,31.3082,24.5788
2022,8,15,16,30,31.400000000000002,132,620,462,7,20.1,220,104,86,275,51.08,57.81,0.1,1003,4.6000000000000005,232,2,15.3472,12.0003
2022,8,15,17,30,30,101,470,260,0,20.8,108,428,4,253,57.78,70.23,0.1,1003,4.800000000000001,227,1.4000000000000001,12.9253,10.0063
2022,8,15,18,30,28.1,48,205,75,7,22.5,54,28,64,58,71.76,82.49,0.1,1003,4.800000000000001,217,0.9,0.0000,0.0000
2022,8,15,19,30,26.8,0,0,0,7,22.8,0,0,0,0,78.75,94.57000000000001,0.11,1003,4.9,210,0.8,0.0000,0.0000
2022,8,15,20,30,26.200000000000003,0,0,0,8,23.200000000000003,0,0,0,0,83.48,105.89,0.11,1004,5,211,0.8,0.0000,0.0000
2022,8,15,21,30,25.700000000000003,0,0,0,8,23.6,0,0,0,0,88.09,116.10000000000001,0.11,1004,5,217,0.8,0.0000,0.0000
2022,8,15,22,30,25.400000000000002,0,0,0,7,23.8,0,0,0,0,90.66,124.56,0.11,1004,5.1000000000000005,224,0.8,0.0000,0.0000
2022,8,15,23,30,25.1,0,0,0,8,23.8,0,0,0,0,92.39,130.29,0.11,1003,5.1000000000000005,231,0.7000000000000001,0.0000,0.0000
2022,8,16,0,30,24.900000000000002,0,0,0,3,23.6,0,0,0,0,92.73,132.31,0.11,1003,5.1000000000000005,234,0.6000000000000001,0.0000,0.0000
2022,8,16,1,30,24.6,0,0,0,8,23.5,0,0,0,0,93.38,130.13,0.11,1003,5,128,0.30000000000000004,0.0000,0.0000
2022,8,16,2,30,24.1,0,0,0,0,23.400000000000002,0,0,0,0,95.8,124.27,0.11,1003,4.800000000000001,35,0.2,0.0000,0.0000
2022,8,16,3,30,23.5,0,0,0,0,23.3,0,0,0,0,98.64,115.73,0.11,1003,4.6000000000000005,41,0.30000000000000004,0.0000,0.0000
2022,8,16,4,30,23.1,0,0,0,0,23.1,0,0,0,0,100,105.46000000000001,0.11,1003,4.5,31,0.4,0.0000,0.0000
2022,8,16,5,30,23.3,0,0,0,0,23,0,0,0,0,98.02,94.12,0.11,1003,4.5,29,0.7000000000000001,0.0000,0.0000
2022,8,16,6,30,24,52,202,80,0,23.5,53,196,4,80,96.83,82.03,0.11,1004,4.5,34,1.2000000000000002,0.0000,0.0000
2022,8,16,7,30,25.1,110,449,265,0,23.700000000000003,110,449,0,265,91.78,69.77,0.11,1004,4.5,40,1.5,13.5942,10.5303
2022,8,16,8,30,26.900000000000002,140,606,467,0,23.3,140,606,0,467,80.63,57.36,0.11,1004,4.5,40,1.5,26.1237,20.4310
2022,8,16,9,30,28.8,148,714,652,3,22.5,148,323,0,376,68.87,45.15,0.11,1004,4.6000000000000005,35,1.3,22.0717,17.3291
2022,8,16,10,30,30,150,779,798,3,22.3,261,3,0,263,63.39,33.68,0.11,1004,4.800000000000001,27,1.2000000000000002,15.8527,12.4689
2022,8,16,11,30,31,149,814,891,3,22,171,0,0,171,58.92,24.310000000000002,0.11,1004,4.9,19,1.1,10.4462,8.2234
2022,8,16,12,30,31.6,156,812,917,3,21.5,263,4,14,267,55.24,20.38,0.11,1004,5.1000000000000005,11,1.2000000000000002,16.3758,12.8944
2022,8,16,13,30,31.3,165,786,879,7,21.200000000000003,236,10,4,245,55,24.7,0.11,1004,5.300000000000001,6,1.6,14.9601,11.7765
2022,8,16,14,30,30.200000000000003,158,758,785,7,21.1,336,96,0,415,58.44,34.24,0.11,1004,5.4,10,1.9000000000000001,24.9896,19.6543
2022,8,16,15,30,28.700000000000003,146,709,640,7,21.3,297,131,0,388,64.29,45.78,0.11,1004,5.4,18,2.1,22.7332,17.8460
2022,8,16,16,30,27.400000000000002,123,632,458,7,21.3,216,93,0,265,69.39,58.02,0.11,1005,5.4,28,2.2,14.7726,11.5498
2022,8,16,17,30,26.200000000000003,91,502,259,7,21.200000000000003,102,16,0,107,73.81,70.44,0.11,1005,5.300000000000001,37,2,5.4561,4.2228
2022,8,16,18,30,25.1,44,237,74,7,21.1,35,1,57,35,78.52,82.71000000000001,0.11,1005,5.300000000000001,39,1.6,0.0000,0.0000
2022,8,16,19,30,24.200000000000003,0,0,0,7,21.3,0,0,0,0,83.67,94.8,0.15,1006,5.300000000000001,32,1.4000000000000001,0.0000,0.0000
2022,8,16,20,30,23.700000000000003,0,0,0,8,21.1,0,0,0,0,85.57000000000001,106.13,0.15,1007,5.300000000000001,27,1.3,0.0000,0.0000
2022,8,16,21,30,23.3,0,0,0,7,21,0,0,0,0,86.92,116.38,0.15,1007,5.2,21,1.2000000000000002,0.0000,0.0000
2022,8,16,22,30,22.900000000000002,0,0,0,7,20.900000000000002,0,0,0,0,88.48,124.86,0.15,1007,5.2,10,1.2000000000000002,0.0000,0.0000
2022,8,16,23,30,22.6,0,0,0,4,20.8,0,0,0,0,89.68,130.61,0.15,1006,5.2,179,1.2000000000000002,0.0000,0.0000
2022,8,17,0,30,22.400000000000002,0,0,0,4,20.8,0,0,0,0,90.58,132.62,0.15,1006,5.2,354,1.2000000000000002,0.0000,0.0000
2022,8,17,1,30,22.200000000000003,0,0,0,3,20.700000000000003,0,0,0,0,91.22,130.42000000000002,0.15,1006,5.2,352,1.2000000000000002,0.0000,0.0000
2022,8,17,2,30,22,0,0,0,4,20.6,0,0,0,0,91.85000000000001,124.52,0.15,1006,5.2,353,1.2000000000000002,0.0000,0.0000
2022,8,17,3,30,21.900000000000002,0,0,0,4,20.6,0,0,0,0,92.2,115.94,0.15,1006,5.2,353,1.1,0.0000,0.0000
2022,8,17,4,30,21.700000000000003,0,0,0,4,20.5,0,0,0,0,93.15,105.63,0.15,1006,5.1000000000000005,352,1,0.0000,0.0000
2022,8,17,5,30,21.8,0,0,0,4,20.5,0,0,0,0,92.39,94.27,0.15,1007,5,353,1,0.0000,0.0000
2022,8,17,6,30,22.200000000000003,49,228,80,4,20.400000000000002,15,0,43,15,89.66,82.16,0.15,1007,4.9,187,1.2000000000000002,0.0000,0.0000
2022,8,17,7,30,23.1,98,491,267,4,20.200000000000003,48,0,0,48,83.84,69.89,0.15,1008,4.9,28,1.2000000000000002,2.4597,1.9051
2022,8,17,8,30,24.1,128,632,468,8,20.1,81,1,0,82,78.28,57.49,0.15,1008,4.800000000000001,40,1.1,4.5839,3.5848
2022,8,17,9,30,25,148,715,651,7,20.1,188,8,0,194,74.3,45.29,0.15,1008,4.800000000000001,41,1,11.3833,8.9371
2022,8,17,10,30,25.900000000000002,160,764,794,7,20.3,221,5,0,225,71.17,33.86,0.15,1008,4.7,42,1.1,13.5578,10.6637
2022,8,17,11,30,26.8,163,796,887,7,20.3,236,3,0,239,67.72,24.560000000000002,0.15,1008,4.7,48,1.3,14.5961,11.4900
2022,8,17,12,30,27.400000000000002,163,807,918,3,20.200000000000003,165,0,0,165,65.03,20.7,0.15,1007,4.6000000000000005,54,1.5,10.1169,7.9660
2022,8,17,13,30,27.6,165,793,884,3,20.200000000000003,104,0,0,104,64.26,25,0.15,1007,4.6000000000000005,57,1.6,6.3482,4.9972
2022,8,17,14,30,27.5,153,773,790,3,20.3,134,0,0,134,64.84,34.5,0.15,1007,4.6000000000000005,61,1.8,8.0651,6.3430
2022,8,17,15,30,27,137,731,645,3,20.3,248,17,0,260,66.95,46.01,0.15,1007,4.6000000000000005,65,1.8,15.2229,11.9497
2022,8,17,16,30,26.400000000000002,115,660,462,3,20.3,233,31,0,249,69.02,58.230000000000004,0.15,1006,4.6000000000000005,70,1.8,13.8650,10.8391
2022,8,17,17,30,25.5,84,535,261,8,20.200000000000003,141,148,0,190,72.41,70.65,0.15,1007,4.6000000000000005,76,1.6,9.6699,7.4820
2022,8,17,18,30,24.200000000000003,42,263,74,8,20.5,49,77,82,58,79.92,82.92,0.15,1007,4.6000000000000005,78,1.1,0.0000,0.0000
2022,8,17,19,30,23.400000000000002,0,0,0,5,20.6,0,0,0,0,84.53,95.04,0.1,1007,4.6000000000000005,77,0.8,0.0000,0.0000
2022,8,17,20,30,22.900000000000002,0,0,0,8,20.400000000000002,0,0,0,0,85.87,106.39,0.1,1008,4.6000000000000005,73,0.8,0.0000,0.0000
2022,8,17,21,30,22.5,0,0,0,5,20.200000000000003,0,0,0,0,86.62,116.65,0.1,1008,4.5,71,0.8,0.0000,0.0000
2022,8,17,22,30,22.1,0,0,0,4,20,0,0,0,0,87.87,125.16,0.1,1007,4.5,69,0.8,0.0000,0.0000
2022,8,17,23,30,21.700000000000003,0,0,0,4,19.8,0,0,0,0,88.78,130.94,0.1,1007,4.5,63,0.8,0.0000,0.0000
2022,8,18,0,30,21.200000000000003,0,0,0,4,19.6,0,0,0,0,90.46000000000001,132.94,0.1,1007,4.5,54,0.8,0.0000,0.0000
2022,8,18,1,30,20.8,0,0,0,3,19.400000000000002,0,0,0,0,91.96000000000001,130.71,0.1,1007,4.6000000000000005,49,0.8,0.0000,0.0000
2022,8,18,2,30,20.700000000000003,0,0,0,3,19.400000000000002,0,0,0,0,92.25,124.76,0.1,1007,4.5,50,0.8,0.0000,0.0000
2022,8,18,3,30,20.6,0,0,0,3,19.3,0,0,0,0,92.25,116.14,0.1,1007,4.5,50,1,0.0000,0.0000
2022,8,18,4,30,20.5,0,0,0,3,19.200000000000003,0,0,0,0,92.35000000000001,105.81,0.1,1007,4.5,48,1.1,0.0000,0.0000
2022,8,18,5,30,20.6,0,0,0,0,19.200000000000003,0,0,0,0,91.7,94.42,0.1,1007,4.4,46,1.1,0.0000,0.0000
2022,8,18,6,30,21.8,45,283,83,0,19.3,45,283,0,83,85.88,82.29,0.1,1008,4.4,52,1.2000000000000002,0.0000,0.0000
2022,8,18,7,30,24.1,83,560,274,0,19.6,83,540,0,268,75.82000000000001,70.01,0.1,1008,4.4,73,1.2000000000000002,13.7187,10.6235
2022,8,18,8,30,26.400000000000002,103,701,479,3,19.8,223,197,0,329,66.95,57.61,0.1,1008,4.3,90,1.3,18.3801,14.3732
2022,8,18,9,30,28.1,122,769,662,3,19.700000000000003,324,49,0,358,60.19,45.43,0.1,1008,4.3,94,1.3,20.9976,16.4848
2022,8,18,10,30,29.3,139,803,804,3,19.400000000000002,381,149,0,504,55.33,34.04,0.1,1008,4.2,95,1.4000000000000001,30.3598,23.8785
2022,8,18,11,30,30.1,141,833,897,2,19.200000000000003,311,366,4,643,52.17,24.810000000000002,0.1,1008,4.2,98,1.4000000000000001,39.2577,30.9031
2022,8,18,12,30,30.700000000000003,144,838,926,0,19.200000000000003,238,646,0,841,50.2,21.03,0.1,1007,4.2,99,1.4000000000000001,51.5499,40.5890
2022,8,18,13,30,30.8,148,821,890,0,19.1,164,792,4,880,49.89,25.3,0.1,1007,4.2,100,1.4000000000000001,53.6967,42.2678
2022,8,18,14,30,30.5,139,798,795,3,19.1,403,128,0,508,50.76,34.75,0.1,1006,4.2,105,1.4000000000000001,30.5611,24.0349
2022,8,18,15,30,30,130,746,646,7,19.3,212,21,0,227,52.61,46.230000000000004,0.1,1006,4.3,114,1.4000000000000001,13.2818,10.4254
2022,8,18,16,30,29.1,117,651,458,8,19.400000000000002,201,85,0,245,56.01,58.45,0.1,1007,4.4,121,1.4000000000000001,13.6260,10.6511
2022,8,18,17,30,27.6,93,490,254,8,20,124,46,4,139,63.1,70.87,0.1,1007,4.5,125,1.4000000000000001,7.0601,5.4611
2022,8,18,18,30,25.8,44,198,68,7,21.200000000000003,45,36,61,49,75.66,83.14,0.1,1008,4.5,128,1.3,0.0000,0.0000
2022,8,18,19,30,24.6,0,0,0,7,21.6,0,0,0,0,83.52,95.27,0.11,1008,4.5,131,1.3,0.0000,0.0000
2022,8,18,20,30,24.1,0,0,0,7,22,0,0,0,0,88.27,106.64,0.11,1008,4.5,133,1.4000000000000001,0.0000,0.0000
2022,8,18,21,30,23.700000000000003,0,0,0,7,22.400000000000002,0,0,0,0,92.62,116.94,0.11,1008,4.5,133,1.2000000000000002,0.0000,0.0000
2022,8,18,22,30,23.3,0,0,0,7,22.6,0,0,0,0,95.91,125.47,0.11,1008,4.5,126,1,0.0000,0.0000
2022,8,18,23,30,23,0,0,0,8,22.5,0,0,0,0,97.13,131.26,0.11,1008,4.6000000000000005,112,0.8,0.0000,0.0000
2022,8,19,0,30,22.700000000000003,0,0,0,7,22.3,0,0,0,0,97.66,133.27,0.11,1008,4.800000000000001,90,0.9,0.0000,0.0000
2022,8,19,1,30,22.400000000000002,0,0,0,7,22.1,0,0,0,0,98.19,131.01,0.11,1008,5,70,1.1,0.0000,0.0000
2022,8,19,2,30,22.200000000000003,0,0,0,7,21.900000000000002,0,0,0,0,98.21000000000001,125.02,0.11,1008,5.300000000000001,53,1.3,0.0000,0.0000
2022,8,19,3,30,22,0,0,0,7,21.8,0,0,0,0,98.55,116.35000000000001,0.11,1008,5.5,38,1.6,0.0000,0.0000
2022,8,19,4,30,21.8,0,0,0,7,21.6,0,0,0,0,98.93,105.98,0.11,1008,5.7,27,1.8,0.0000,0.0000
2022,8,19,5,30,21.700000000000003,0,0,0,8,21.5,0,0,0,0,98.57000000000001,94.56,0.11,1008,5.7,16,2,0.0000,0.0000
2022,8,19,6,30,21.900000000000002,45,252,78,7,21.400000000000002,48,90,46,60,97.12,82.42,0.11,1008,5.7,185,2.1,0.0000,0.0000
2022,8,19,7,30,22.5,85,537,267,8,21.700000000000003,45,107,54,81,95.12,70.14,0.11,1009,5.7,354,2.1,4.1415,3.2066
2022,8,19,8,30,23.3,103,689,471,8,22.1,36,0,29,36,93.21000000000001,57.74,0.11,1009,5.7,348,2.1,2.0098,1.5716
2022,8,19,9,30,24.1,116,768,654,3,22.5,129,0,0,129,90.99,45.57,0.11,1009,5.5,351,2.3000000000000003,7.5630,5.9374
2022,8,19,10,30,25,131,805,797,3,22.200000000000003,153,0,7,153,84.69,34.22,0.11,1009,5.300000000000001,354,2.4000000000000004,9.2134,7.2463
2022,8,19,11,30,25.700000000000003,139,826,887,7,21.5,272,11,25,282,77.67,25.07,0.11,1009,5.1000000000000005,353,2.3000000000000003,17.2120,13.5488
2022,8,19,12,30,26.1,135,842,919,3,20.900000000000002,321,28,39,347,73,21.35,0.11,1009,5,351,2.1,21.2632,16.7418
2022,8,19,13,30,26.200000000000003,126,846,889,3,20.6,210,4,7,214,71.47,25.61,0.11,1009,4.9,351,1.8,13.0532,10.2747
2022,8,19,14,30,26.1,117,829,796,3,20.5,270,10,0,278,71.42,35.02,0.11,1009,4.9,356,1.5,16.7160,13.1459
2022,8,19,15,30,25.8,104,792,649,6,20.6,88,0,0,88,73.01,46.47,0.11,1009,4.9,184,1.3,5.1450,4.0383
2022,8,19,16,30,25.200000000000003,89,721,464,7,20.900000000000002,74,4,0,76,77.02,58.67,0.11,1009,5,14,1,4.2218,3.2997
2022,8,19,17,30,24.3,69,582,258,6,20.900000000000002,35,0,0,35,81.18,71.09,0.11,1010,5.1000000000000005,25,0.8,1.7741,1.3719
2022,8,19,18,30,23.1,37,286,70,6,21,10,0,71,10,87.92,83.37,0.11,1010,5.1000000000000005,35,0.7000000000000001,0.0000,0.0000
2022,8,19,19,30,22.400000000000002,0,0,0,7,20.700000000000003,0,0,0,0,90.19,95.51,0.13,1010,5.1000000000000005,40,0.6000000000000001,0.0000,0.0000
2022,8,19,20,30,22,0,0,0,8,20.3,0,0,0,0,90.28,106.9,0.13,1011,5.1000000000000005,39,0.6000000000000001,0.0000,0.0000
2022,8,19,21,30,21.700000000000003,0,0,0,5,20,0,0,0,0,90.26,117.22,0.13,1011,5,36,0.6000000000000001,0.0000,0.0000
2022,8,19,22,30,21.400000000000002,0,0,0,8,19.700000000000003,0,0,0,0,90.22,125.78,0.13,1011,4.9,32,0.6000000000000001,0.0000,0.0000
2022,8,19,23,30,21.200000000000003,0,0,0,0,19.5,0,0,0,0,89.94,131.59,0.13,1011,4.800000000000001,27,0.6000000000000001,0.0000,0.0000
2022,8,20,0,30,20.900000000000002,0,0,0,0,19.3,0,0,0,0,90.34,133.6,0.13,1011,4.7,23,0.6000000000000001,0.0000,0.0000
2022,8,20,1,30,20.700000000000003,0,0,0,0,19.1,0,0,0,0,90.35000000000001,131.31,0.13,1011,4.800000000000001,22,0.6000000000000001,0.0000,0.0000
2022,8,20,2,30,20.5,0,0,0,7,19,0,0,0,0,90.97,125.27,0.13,1011,4.9,20,0.6000000000000001,0.0000,0.0000
2022,8,20,3,30,20.400000000000002,0,0,0,8,18.900000000000002,0,0,0,0,90.9,116.56,0.13,1012,5,19,0.6000000000000001,0.0000,0.0000
2022,8,20,4,30,20.3,0,0,0,7,18.900000000000002,0,0,0,0,91.55,106.15,0.13,1012,5.1000000000000005,22,0.6000000000000001,0.0000,0.0000
2022,8,20,5,30,20.6,0,0,0,8,18.900000000000002,0,0,0,0,89.87,94.71000000000001,0.13,1013,5,30,0.7000000000000001,0.0000,0.0000
2022,8,20,6,30,21.700000000000003,45,244,77,8,18.900000000000002,34,46,46,40,83.94,82.55,0.13,1013,4.9,39,0.9,0.0000,0.0000
2022,8,20,7,30,24,89,523,266,0,19.200000000000003,109,286,7,206,74.35000000000001,70.26,0.13,1014,4.7,35,0.6000000000000001,10.5213,8.1449
2022,8,20,8,30,26.6,114,667,469,0,20,114,667,0,469,67.08,57.86,0.13,1014,4.5,177,0.4,26.1670,20.4600
2022,8,20,9,30,28.8,130,751,654,0,20.5,130,751,0,654,60.93,45.72,0.13,1014,4.4,308,0.2,38.3253,30.0865
2022,8,20,10,30,30.700000000000003,135,806,800,0,20.700000000000003,154,756,0,778,55.32,34.4,0.13,1013,4.3,260,0.2,46.8344,36.8346
2022,8,20,11,30,32.2,136,838,893,0,20.700000000000003,136,838,0,893,50.77,25.330000000000002,0.13,1013,4.3,217,0.30000000000000004,54.4880,42.8906
2022,8,20,12,30,33.300000000000004,126,861,926,0,20.5,126,861,0,926,47.01,21.68,0.13,1012,4.4,197,0.5,56.7246,44.6618
2022,8,20,13,30,33.7,115,866,894,0,20.400000000000002,255,465,0,673,45.67,25.92,0.13,1011,4.4,191,0.8,41.0352,32.2997
2022,8,20,14,30,33.5,111,840,797,0,20.400000000000002,111,840,0,797,46.410000000000004,35.28,0.13,1011,4.5,191,1,47.8996,37.6683
2022,8,20,15,30,32.800000000000004,104,793,648,7,20.5,194,510,4,544,48.370000000000005,46.71,0.13,1011,4.6000000000000005,193,1.2000000000000002,31.7817,24.9440
2022,8,20,16,30,31.8,94,709,460,0,20.700000000000003,135,418,4,351,51.96,58.9,0.13,1011,4.7,198,1.3,19.4731,15.2181
2022,8,20,17,30,30,75,556,253,0,21.5,75,556,0,253,60.300000000000004,71.31,0.13,1011,4.800000000000001,203,1.2000000000000002,12.7986,9.8940
2022,8,20,18,30,28,38,250,66,0,22.900000000000002,39,231,14,65,73.71000000000001,83.59,0.13,1011,4.9,206,0.9,0.0000,0.0000
2022,8,20,19,30,26.700000000000003,0,0,0,8,22.700000000000003,0,0,0,0,78.74,95.76,0.13,1012,5.1000000000000005,205,0.8,0.0000,0.0000
2022,8,20,20,30,26.200000000000003,0,0,0,8,22.700000000000003,0,0,0,0,81.09,107.17,0.13,1012,5.1000000000000005,201,0.8,0.0000,0.0000
2022,8,20,21,30,25.8,0,0,0,0,22.700000000000003,0,0,0,0,83.22,117.51,0.13,1012,5.2,200,0.8,0.0000,0.0000
2022,8,20,22,30,25.400000000000002,0,0,0,0,22.8,0,0,0,0,85.37,126.10000000000001,0.13,1012,5.300000000000001,204,0.8,0.0000,0.0000
2022,8,20,23,30,25,0,0,0,0,22.8,0,0,0,0,87.63,131.93,0.13,1012,5.300000000000001,209,0.9,0.0000,0.0000
2022,8,21,0,30,24.6,0,0,0,7,22.8,0,0,0,0,89.99,133.93,0.13,1012,5.300000000000001,211,0.9,0.0000,0.0000
2022,8,21,1,30,24.3,0,0,0,6,22.900000000000002,0,0,0,0,91.82000000000001,131.6,0.13,1011,5.2,215,0.9,0.0000,0.0000
2022,8,21,2,30,24,0,0,0,6,23,0,0,0,0,94.09,125.52,0.13,1012,5.300000000000001,227,0.9,0.0000,0.0000
2022,8,21,3,30,23.8,0,0,0,6,23.1,0,0,0,0,95.9,116.77,0.13,1012,5.300000000000001,240,0.9,0.0000,0.0000
2022,8,21,4,30,23.6,0,0,0,6,23.200000000000003,0,0,0,0,97.65,106.33,0.13,1012,5.300000000000001,247,0.8,0.0000,0.0000
2022,8,21,5,30,23.6,0,0,0,6,23.200000000000003,0,0,0,0,97.82000000000001,94.86,0.13,1012,5.300000000000001,244,0.8,0.0000,0.0000
2022,8,21,6,30,24.6,44,248,76,6,23.400000000000002,24,0,50,24,92.81,82.68,0.13,1012,5.2,240,0.9,0.0000,0.0000
2022,8,21,7,30,26.400000000000002,84,540,265,7,23.5,132,49,0,148,84,70.39,0.13,1012,5.2,240,1,7.5501,5.8439
2022,8,21,8,30,28.3,105,684,468,8,23.1,154,57,0,184,73.27,57.99,0.13,1012,5.300000000000001,231,1.2000000000000002,10.2588,8.0209
2022,8,21,9,30,29.700000000000003,129,743,646,7,22.900000000000002,211,20,0,225,66.78,45.87,0.13,1012,5.300000000000001,215,1.5,13.1793,10.3458
2022,8,21,10,30,30.3,156,760,782,7,22.900000000000002,337,215,7,514,64.76,34.59,0.13,1011,5.4,204,1.8,30.9312,24.3264
2022,8,21,11,30,30.1,170,775,869,7,23,299,25,11,322,65.82000000000001,25.59,0.13,1011,5.5,202,2.1,19.6413,15.4605
2022,8,21,12,30,29.6,177,774,895,8,23.1,387,91,0,471,68.08,22.02,0.13,1010,5.6000000000000005,203,2.2,28.8427,22.7087
2022,8,21,13,30,29.400000000000002,178,759,859,7,23.3,366,273,0,611,69.74,26.240000000000002,0.13,1010,5.6000000000000005,201,2.2,37.2401,29.3118
2022,8,21,14,30,29.5,169,734,766,7,23.400000000000002,302,377,0,609,69.83,35.550000000000004,0.13,1010,5.6000000000000005,199,2.3000000000000003,36.5820,28.7671
2022,8,21,15,30,29.3,153,684,620,7,23.400000000000002,289,132,4,379,70.48,46.95,0.13,1009,5.6000000000000005,197,2.4000000000000004,22.1251,17.3640
2022,8,21,16,30,28.6,131,597,437,8,23.400000000000002,200,176,11,290,73.69,59.13,0.13,1009,5.6000000000000005,197,2.2,16.0682,12.5557
2022,8,21,17,30,27.5,96,449,238,0,23.8,114,369,11,231,80.09,71.54,0.13,1009,5.4,197,1.9000000000000001,11.6609,9.0115
2022,8,21,18,30,26.3,40,179,59,6,24.200000000000003,29,2,71,29,88.41,83.82000000000001,0.13,1009,5.300000000000001,199,1.5,0.0000,0.0000
2022,8,21,19,30,25.5,0,0,0,6,24.400000000000002,0,0,0,0,93.63,96.01,0.13,1009,5.2,201,1.4000000000000001,0.0000,0.0000
2022,8,21,20,30,25.200000000000003,0,0,0,6,24.5,0,0,0,0,96.07000000000001,107.44,0.13,1009,5.1000000000000005,205,1.4000000000000001,0.0000,0.0000
2022,8,21,21,30,25,0,0,0,6,24.6,0,0,0,0,97.48,117.8,0.13,1009,5,209,1.4000000000000001,0.0000,0.0000
2022,8,21,22,30,24.700000000000003,0,0,0,7,24.5,0,0,0,0,98.87,126.41,0.13,1009,4.9,212,1.3,0.0000,0.0000
2022,8,21,23,30,24.400000000000002,0,0,0,6,24.3,0,0,0,0,99.69,132.27,0.13,1008,4.800000000000001,215,1.2000000000000002,0.0000,0.0000
2022,8,22,0,30,24.1,0,0,0,7,24.1,0,0,0,0,100,134.26,0.13,1008,4.7,218,1.1,0.0000,0.0000
2022,8,22,1,30,23.8,0,0,0,7,23.8,0,0,0,0,100,131.9,0.13,1008,4.7,220,1,0.0000,0.0000
2022,8,22,2,30,23.6,0,0,0,7,23.6,0,0,0,0,100,125.77,0.13,1008,4.7,223,1,0.0000,0.0000
2022,8,22,3,30,23.400000000000002,0,0,0,7,23.400000000000002,0,0,0,0,100,116.98,0.13,1008,4.7,227,0.9,0.0000,0.0000
2022,8,22,4,30,23.200000000000003,0,0,0,7,23.200000000000003,0,0,0,0,100,106.5,0.13,1008,4.800000000000001,230,0.9,0.0000,0.0000
2022,8,22,5,30,23.3,0,0,0,7,23.200000000000003,0,0,0,0,99.23,95.01,0.13,1008,4.800000000000001,233,1,0.0000,0.0000
2022,8,22,6,30,23.8,43,245,74,8,23.3,51,79,71,61,97.3,82.81,0.13,1008,4.9,233,1.1,0.0000,0.0000
2022,8,22,7,30,24.700000000000003,87,527,263,8,23.700000000000003,126,31,0,136,93.97,70.51,0.13,1008,4.9,230,1.1,6.9304,5.3634
2022,8,22,8,30,25.8,109,676,466,8,23.900000000000002,200,90,0,248,89.44,58.120000000000005,0.13,1008,4.9,230,1.1,13.8175,10.8026
2022,8,22,9,30,27.1,131,743,647,8,23.8,251,53,0,288,81.96000000000001,46.01,0.13,1008,4.9,230,1.1,16.8623,13.2366
2022,8,22,10,30,28,154,768,785,8,23.200000000000003,362,112,0,454,75.39,34.78,0.13,1008,4.9,230,1.3,27.3110,21.4787
2022,8,22,11,30,28.8,160,795,875,8,22.900000000000002,388,98,0,476,70.35000000000001,25.86,0.13,1007,5,233,1.4000000000000001,29.0255,22.8467
2022,8,22,12,30,29.700000000000003,157,809,905,8,22.400000000000002,402,225,7,610,64.93,22.35,0.13,1007,5,237,1.6,37.3423,29.4001
2022,8,22,13,30,30.400000000000002,147,810,872,8,21.700000000000003,382,220,0,579,59.88,26.560000000000002,0.13,1006,5,237,1.7000000000000002,35.2756,27.7648
2022,8,22,14,30,30.700000000000003,136,793,779,7,21.1,319,236,0,510,56.53,35.83,0.13,1006,4.9,238,1.7000000000000002,30.6186,24.0768
2022,8,22,15,30,30.200000000000003,124,748,632,7,20.700000000000003,300,164,0,411,56.94,47.2,0.13,1006,4.800000000000001,240,1.6,23.9739,18.8138
2022,8,22,16,30,29.200000000000003,109,662,446,7,20.900000000000002,232,122,0,294,61.1,59.36,0.13,1006,4.800000000000001,238,1.4000000000000001,16.2686,12.7108
2022,8,22,17,30,27.8,83,509,242,7,21.700000000000003,122,32,0,132,69.37,71.77,0.13,1006,4.7,234,1.2000000000000002,6.6492,5.1368
2022,8,22,18,30,26.200000000000003,37,213,59,6,22.1,26,0,86,26,78.22,84.06,0.13,1006,4.6000000000000005,233,1,0.0000,0.0000
2022,8,22,19,30,25.1,0,0,0,7,21.6,0,0,0,0,81.10000000000001,96.26,0.13,1006,4.5,234,1.1,0.0000,0.0000
2022,8,22,20,30,24.5,0,0,0,7,21.6,0,0,0,0,83.79,107.71000000000001,0.13,1007,4.4,237,1.1,0.0000,0.0000
2022,8,22,21,30,24,0,0,0,7,21.700000000000003,0,0,0,0,86.8,118.10000000000001,0.13,1007,4.4,239,1.1,0.0000,0.0000
2022,8,22,22,30,23.6,0,0,0,7,21.700000000000003,0,0,0,0,89.34,126.74000000000001,0.13,1007,4.5,242,1.1,0.0000,0.0000
2022,8,22,23,30,23.3,0,0,0,7,21.8,0,0,0,0,91.23,132.61,0.13,1006,4.5,246,1,0.0000,0.0000
2022,8,23,0,30,23.1,0,0,0,7,21.8,0,0,0,0,92.37,134.6,0.13,1006,4.6000000000000005,254,0.9,0.0000,0.0000
2022,8,23,1,30,22.8,0,0,0,6,21.8,0,0,0,0,94.19,132.21,0.13,1006,4.6000000000000005,265,0.8,0.0000,0.0000
2022,8,23,2,30,22.5,0,0,0,7,21.8,0,0,0,0,96.03,126.03,0.13,1005,4.6000000000000005,284,0.6000000000000001,0.0000,0.0000
2022,8,23,3,30,22.1,0,0,0,7,21.8,0,0,0,0,98.08,117.19,0.13,1005,4.5,308,0.5,0.0000,0.0000
2022,8,23,4,30,21.900000000000002,0,0,0,7,21.700000000000003,0,0,0,0,98.9,106.68,0.13,1005,4.4,334,0.5,0.0000,0.0000
2022,8,23,5,30,22.1,0,0,0,7,21.6,0,0,0,0,97.29,95.16,0.13,1005,4.3,351,0.5,0.0000,0.0000
2022,8,23,6,30,22.8,43,256,74,7,21.700000000000003,30,1,57,30,93.65,82.94,0.13,1006,4.3,355,0.6000000000000001,0.0000,0.0000
2022,8,23,7,30,24,85,534,262,7,21.700000000000003,116,18,0,122,86.96000000000001,70.64,0.13,1006,4.3,184,0.6000000000000001,6.2097,4.8048
2022,8,23,8,30,25.5,112,672,466,7,21.5,161,12,0,167,78.65,58.25,0.13,1007,4.4,26,0.6000000000000001,9.2980,7.2688
2022,8,23,9,30,26.8,129,751,649,7,21.200000000000003,288,64,0,332,71.48,46.17,0.13,1007,4.4,40,0.6000000000000001,19.4289,15.2508
2022,8,23,10,30,27.700000000000003,137,801,793,7,21,342,190,0,498,66.88,34.980000000000004,0.13,1007,4.4,30,0.5,29.9467,23.5510
2022,8,23,11,30,28.6,142,827,884,7,20.8,335,36,0,367,62.620000000000005,26.13,0.13,1007,4.4,187,0.5,22.3715,17.6088
2022,8,23,12,30,29.8,158,812,907,7,20.6,387,55,0,438,57.660000000000004,22.7,0.13,1006,4.4,347,0.5,26.8034,21.1022
2022,8,23,13,30,31,176,773,865,7,20.5,401,126,0,513,53.54,26.89,0.13,1006,4.4,333,0.5,31.2414,24.5890
2022,8,23,14,30,31.200000000000003,165,749,770,7,20.3,343,215,0,517,52.33,36.11,0.13,1005,4.4,326,0.30000000000000004,31.0218,24.3930
2022,8,23,15,30,30.6,149,699,622,7,20.1,287,139,0,381,53.47,47.45,0.13,1005,4.3,217,0.2,22.2059,17.4253
2022,8,23,16,30,29.5,131,602,436,7,21.6,226,117,0,285,62.54,59.6,0.13,1005,4.3,120,0.2,15.7489,12.3032
2022,8,23,17,30,28.200000000000003,97,441,233,7,22.3,147,97,0,177,70.48,72.01,0.13,1006,4.2,142,0.30000000000000004,8.8961,6.8702
2022,8,23,18,30,26.8,38,161,54,7,22,35,2,86,35,75.13,84.3,0.13,1006,4.1000000000000005,163,0.5,0.0000,0.0000
2022,8,23,19,30,25.6,0,0,0,7,21.700000000000003,0,0,0,0,79,96.51,0.13,1007,4,175,0.7000000000000001,0.0000,0.0000
2022,8,23,20,30,24.900000000000002,0,0,0,7,21.5,0,0,0,0,81.36,107.98,0.13,1007,4,183,0.7000000000000001,0.0000,0.0000
2022,8,23,21,30,24.400000000000002,0,0,0,8,21.400000000000002,0,0,0,0,83.27,118.4,0.13,1008,4,192,0.7000000000000001,0.0000,0.0000
2022,8,23,22,30,24.200000000000003,0,0,0,3,21.400000000000002,0,0,0,0,84.27,127.06,0.13,1008,4.1000000000000005,202,0.7000000000000001,0.0000,0.0000
2022,8,23,23,30,24.1,0,0,0,8,21.400000000000002,0,0,0,0,84.97,132.95,0.13,1008,4.1000000000000005,213,0.7000000000000001,0.0000,0.0000
2022,8,24,0,30,24,0,0,0,0,21.400000000000002,0,0,0,0,85.16,134.94,0.13,1008,4.1000000000000005,230,0.7000000000000001,0.0000,0.0000
2022,8,24,1,30,24.1,0,0,0,7,21.200000000000003,0,0,0,0,84.01,132.51,0.13,1008,4.2,252,0.6000000000000001,0.0000,0.0000
2022,8,24,2,30,24.1,0,0,0,7,21.1,0,0,0,0,83.25,126.28,0.13,1008,4.2,282,0.5,0.0000,0.0000
2022,8,24,3,30,24.1,0,0,0,7,20.900000000000002,0,0,0,0,82.45,117.4,0.13,1008,4.2,329,0.4,0.0000,0.0000
2022,8,24,4,30,23.8,0,0,0,7,20.900000000000002,0,0,0,0,83.79,106.85000000000001,0.13,1008,4.2,197,0.4,0.0000,0.0000
2022,8,24,5,30,23.5,0,0,0,8,21.1,0,0,0,0,86.66,95.31,0.13,1008,4.1000000000000005,43,0.5,0.0000,0.0000
2022,8,24,6,30,23.8,45,188,68,8,21.700000000000003,43,8,61,44,88.18,83.07000000000001,0.13,1009,4.1000000000000005,57,0.6000000000000001,0.0000,0.0000
2022,8,24,7,30,25.1,102,460,254,7,21.700000000000003,134,45,0,149,81.5,70.76,0.13,1009,4,72,0.6000000000000001,7.5756,5.8608
2022,8,24,8,30,26.700000000000003,135,614,457,7,21.8,214,113,0,273,74.42,58.39,0.13,1010,4,86,0.6000000000000001,15.1883,11.8726
2022,8,24,9,30,28.200000000000003,167,678,635,8,21.5,332,211,0,478,66.97,46.32,0.13,1010,4.1000000000000005,90,0.7000000000000001,27.9600,21.9465
2022,8,24,10,30,29.8,200,699,771,7,21.1,293,46,0,331,59.51,35.17,0.13,1010,4.2,88,0.7000000000000001,19.8972,15.6474
2022,8,24,11,30,31.1,206,731,861,7,20.900000000000002,390,92,4,472,54.69,26.400000000000002,0.13,1009,4.3,93,0.7000000000000001,28.7624,22.6387
2022,8,24,12,30,31.700000000000003,204,743,888,7,20.8,317,49,0,362,52.38,23.04,0.13,1009,4.5,107,0.8,22.1447,17.4341
2022,8,24,13,30,32,202,731,852,7,20.6,192,5,0,196,51.14,27.22,0.13,1009,4.6000000000000005,123,1,11.9312,9.3904
2022,8,24,14,30,31.700000000000003,194,696,754,7,20.5,129,4,0,132,51.6,36.4,0.13,1008,4.800000000000001,138,1.1,7.9159,6.2242
2022,8,24,15,30,31,182,627,604,6,20.6,92,1,0,93,53.92,47.71,0.13,1008,5,151,1.2000000000000002,5.4157,4.2495
2022,8,24,16,30,29.8,157,519,418,8,21,107,20,0,117,59.15,59.84,0.13,1009,5.1000000000000005,163,1.2000000000000002,6.4564,5.0431
2022,8,24,17,30,28.200000000000003,112,354,220,7,21.8,127,61,0,146,68.17,72.25,0.13,1009,5.2,174,1.1,7.3216,5.6523
2022,8,24,18,30,26.6,36,105,46,7,22.900000000000002,31,2,86,31,80.05,84.53,0.13,1009,5.2,187,0.9,0.0000,0.0000
2022,8,24,19,30,25.700000000000003,0,0,0,7,23.1,0,0,0,0,85.78,96.77,0.13,1009,5.300000000000001,202,0.8,0.0000,0.0000
2022,8,24,20,30,25.200000000000003,0,0,0,7,23.400000000000002,0,0,0,0,89.95,108.26,0.13,1010,5.300000000000001,218,0.8,0.0000,0.0000
2022,8,24,21,30,24.8,0,0,0,8,23.6,0,0,0,0,93.10000000000001,118.7,0.13,1010,5.300000000000001,232,0.7000000000000001,0.0000,0.0000
2022,8,24,22,30,24.400000000000002,0,0,0,5,23.700000000000003,0,0,0,0,95.68,127.39,0.13,1010,5.4,245,0.7000000000000001,0.0000,0.0000
2022,8,24,23,30,24.1,0,0,0,8,23.6,0,0,0,0,97.29,133.3,0.13,1011,5.4,255,0.6000000000000001,0.0000,0.0000
2022,8,25,0,30,23.8,0,0,0,7,23.5,0,0,0,0,98.35000000000001,135.28,0.13,1010,5.300000000000001,265,0.6000000000000001,0.0000,0.0000
2022,8,25,1,30,23.6,0,0,0,6,23.400000000000002,0,0,0,0,98.59,132.82,0.13,1010,5.300000000000001,276,0.5,0.0000,0.0000
2022,8,25,2,30,23.5,0,0,0,7,23.1,0,0,0,0,97.89,126.54,0.13,1010,5.300000000000001,284,0.5,0.0000,0.0000
2022,8,25,3,30,23.5,0,0,0,6,23,0,0,0,0,97.01,117.61,0.13,1010,5.300000000000001,294,0.4,0.0000,0.0000
2022,8,25,4,30,23.400000000000002,0,0,0,6,22.900000000000002,0,0,0,0,97.07000000000001,107.02,0.13,1011,5.4,306,0.4,0.0000,0.0000
2022,8,25,5,30,23.400000000000002,0,0,0,6,22.700000000000003,0,0,0,0,96.06,95.46000000000001,0.13,1011,5.4,320,0.30000000000000004,0.0000,0.0000
2022,8,25,6,30,23.700000000000003,38,283,72,6,22.700000000000003,16,0,57,16,94.24,83.2,0.13,1011,5.4,179,0.1,0.0000,0.0000
2022,8,25,7,30,24.6,73,578,262,7,23.200000000000003,50,1,0,50,91.82000000000001,70.89,0.13,1011,5.4,139,0.1,2.5391,1.9640
2022,8,25,8,30,26.200000000000003,93,715,466,7,22.8,82,1,0,83,81.78,58.52,0.13,1012,5.5,266,0.2,4.6144,3.6068
2022,8,25,9,30,27.400000000000002,118,762,643,7,22.5,253,20,0,267,74.51,46.47,0.13,1012,5.5,321,0.1,15.6105,12.2526
2022,8,25,10,30,28,146,775,778,7,22.700000000000003,304,22,0,322,72.96000000000001,35.37,0.13,1012,5.5,247,0.2,19.3489,15.2158
2022,8,25,11,30,28.200000000000003,152,800,867,7,23.1,392,72,0,456,73.92,26.68,0.13,1011,5.5,139,0.4,27.7776,21.8631
2022,8,25,12,30,28.200000000000003,156,804,894,7,22,400,77,0,471,69.25,23.39,0.13,1011,5.6000000000000005,139,0.5,28.8019,22.6746
2022,8,25,13,30,28.1,157,790,857,7,21.900000000000002,382,111,0,480,68.98,27.55,0.13,1011,5.6000000000000005,137,0.6000000000000001,29.2066,22.9862
2022,8,25,14,30,27.8,149,763,761,8,21.900000000000002,221,39,0,252,70.42,36.69,0.13,1010,5.6000000000000005,135,0.6000000000000001,15.1034,11.8752
2022,8,25,15,30,27.200000000000003,138,709,613,8,22.1,177,10,0,184,73.91,47.96,0.13,1010,5.6000000000000005,129,0.6000000000000001,10.7061,8.4001
2022,8,25,16,30,26.400000000000002,120,615,427,7,22.400000000000002,111,11,0,116,78.54,60.09,0.13,1010,5.6000000000000005,125,0.6000000000000001,6.3918,4.9920
2022,8,25,17,30,25.5,88,454,225,7,22.6,48,3,0,49,84.08,72.49,0.13,1011,5.6000000000000005,124,0.6000000000000001,2.4518,1.8921
2022,8,25,18,30,24.3,34,156,48,7,22.6,19,0,86,19,90.33,84.78,0.13,1011,5.5,122,0.5,0.0000,0.0000
2022,8,25,19,30,23.5,0,0,0,7,22.8,0,0,0,0,95.7,97.03,0.14,1011,5.5,121,0.5,0.0000,0.0000
2022,8,25,20,30,23.1,0,0,0,7,22.700000000000003,0,0,0,0,97.63,108.54,0.14,1011,5.5,123,0.5,0.0000,0.0000
2022,8,25,21,30,22.900000000000002,0,0,0,7,22.700000000000003,0,0,0,0,98.85000000000001,119,0.14,1011,5.5,126,0.5,0.0000,0.0000
2022,8,25,22,30,22.8,0,0,0,7,22.700000000000003,0,0,0,0,99.29,127.73,0.14,1011,5.4,130,0.4,0.0000,0.0000
2022,8,25,23,30,22.900000000000002,0,0,0,7,22.6,0,0,0,0,98.13,133.65,0.14,1011,5.4,141,0.4,0.0000,0.0000
2022,8,26,0,30,23.1,0,0,0,7,22.400000000000002,0,0,0,0,95.74000000000001,135.62,0.14,1010,5.4,202,0.30000000000000004,0.0000,0.0000
2022,8,26,1,30,23.1,0,0,0,7,22.200000000000003,0,0,0,0,94.93,133.13,0.14,1010,5.4,285,0.30000000000000004,0.0000,0.0000
2022,8,26,2,30,22.900000000000002,0,0,0,7,22.200000000000003,0,0,0,0,95.64,126.8,0.14,1010,5.300000000000001,326,0.5,0.0000,0.0000
2022,8,26,3,30,22.6,0,0,0,0,22.1,0,0,0,0,97.09,117.82000000000001,0.14,1010,5.2,343,0.6000000000000001,0.0000,0.0000
2022,8,26,4,30,22.5,0,0,0,8,22,0,0,0,0,96.93,107.2,0.14,1010,5.2,177,0.6000000000000001,0.0000,0.0000
2022,8,26,5,30,22.6,0,0,0,7,21.900000000000002,0,0,0,0,95.59,95.60000000000001,0.14,1010,5.1000000000000005,17,0.5,0.0000,0.0000
2022,8,26,6,30,23.8,41,221,67,8,22.5,45,13,57,47,92.38,83.34,0.14,1010,5.1000000000000005,26,0.6000000000000001,0.0000,0.0000
2022,8,26,7,30,26.200000000000003,87,511,253,0,23.6,109,411,0,243,85.52,71.02,0.14,1010,5,15,0.7000000000000001,12.3255,9.5321
2022,8,26,8,30,27.900000000000002,114,658,456,0,22.900000000000002,114,658,0,456,74.08,58.65,0.14,1010,4.9,14,0.6000000000000001,25.3334,19.8005
2022,8,26,9,30,28.700000000000003,135,733,638,0,21.3,185,605,0,600,64.33,46.63,0.14,1010,4.9,43,0.4,35.0622,27.5192
2022,8,26,10,30,29.8,151,773,780,0,21.1,171,733,0,767,59.47,35.58,0.14,1010,4.800000000000001,91,0.4,46.0702,36.2283
2022,8,26,11,30,30.6,155,802,870,0,21,155,802,0,870,56.44,26.96,0.14,1009,4.7,128,0.6000000000000001,52.9778,41.6966
2022,8,26,12,30,31.200000000000003,157,811,899,3,20.900000000000002,306,459,0,726,54.480000000000004,23.740000000000002,0.14,1009,4.6000000000000005,143,0.8,44.3785,34.9366
2022,8,26,13,30,31.6,153,803,863,0,21,216,683,0,820,53.370000000000005,27.89,0.14,1008,4.6000000000000005,150,1,49.8720,39.2492
2022,8,26,14,30,31.5,144,780,767,0,21.1,144,780,0,767,54.120000000000005,36.980000000000004,0.14,1008,4.5,157,1.2000000000000002,45.9423,36.1211
2022,8,26,15,30,31.1,130,734,619,0,21.3,135,718,0,613,55.92,48.230000000000004,0.14,1007,4.5,161,1.2000000000000002,35.6350,27.9579
2022,8,26,16,30,30.3,110,648,431,0,21.5,150,510,11,402,59.31,60.34,0.14,1007,4.5,164,1.1,22.1182,17.2717
2022,8,26,17,30,28.8,82,488,227,0,22,82,488,0,227,66.58,72.73,0.14,1008,4.6000000000000005,166,0.9,11.3328,8.7425
2022,8,26,18,30,27,32,174,47,0,23.200000000000003,32,136,14,44,79.91,85.02,0.14,1008,4.6000000000000005,168,0.7000000000000001,0.0000,0.0000
2022,8,26,19,30,26,0,0,0,3,22.8,0,0,0,0,82.7,97.29,0.14,1008,4.7,173,0.7000000000000001,0.0000,0.0000
2022,8,26,20,30,25.6,0,0,0,7,22.900000000000002,0,0,0,0,85.21000000000001,108.82000000000001,0.14,1009,4.7,178,0.6000000000000001,0.0000,0.0000
2022,8,26,21,30,25.400000000000002,0,0,0,7,23.1,0,0,0,0,87.09,119.31,0.14,1009,4.7,186,0.6000000000000001,0.0000,0.0000
2022,8,26,22,30,25.200000000000003,0,0,0,7,23.200000000000003,0,0,0,0,88.82000000000001,128.06,0.14,1009,4.7,197,0.6000000000000001,0.0000,0.0000
2022,8,26,23,30,25,0,0,0,8,23.200000000000003,0,0,0,0,89.5,134.01,0.14,1009,4.7,212,0.6000000000000001,0.0000,0.0000
2022,8,27,0,30,24.900000000000002,0,0,0,7,23,0,0,0,0,89.11,135.97,0.14,1008,4.7,233,0.6000000000000001,0.0000,0.0000
2022,8,27,1,30,24.700000000000003,0,0,0,0,22.8,0,0,0,0,89.4,133.44,0.14,1008,4.6000000000000005,263,0.4,0.0000,0.0000
2022,8,27,2,30,24.400000000000002,0,0,0,7,22.700000000000003,0,0,0,0,90.48,127.06,0.14,1008,4.6000000000000005,309,0.4,0.0000,0.0000
2022,8,27,3,30,24,0,0,0,8,22.700000000000003,0,0,0,0,92.60000000000001,118.03,0.14,1008,4.6000000000000005,175,0.4,0.0000,0.0000
2022,8,27,4,30,23.6,0,0,0,0,22.700000000000003,0,0,0,0,94.97,107.37,0.14,1008,4.6000000000000005,23,0.5,0.0000,0.0000
2022,8,27,5,30,23.6,0,0,0,0,22.700000000000003,0,0,0,0,94.97,95.75,0.14,1008,4.6000000000000005,38,0.5,0.0000,0.0000
2022,8,27,6,30,24.400000000000002,41,213,65,0,23.1,41,213,0,65,92.51,83.47,0.14,1009,4.6000000000000005,46,0.4,0.0000,0.0000
2022,8,27,7,30,26.400000000000002,89,500,251,8,23.200000000000003,122,350,21,235,82.61,71.15,0.14,1009,4.6000000000000005,48,0.2,11.9055,9.2056
2022,8,27,8,30,28.5,119,647,454,8,22.900000000000002,208,314,0,371,71.87,58.79,0.14,1009,4.6000000000000005,78,0.2,20.5952,16.0960
2022,8,27,9,30,29.900000000000002,132,740,639,0,22.5,189,579,0,585,64.59,46.79,0.14,1009,4.6000000000000005,115,0.5,34.1683,26.8166
2022,8,27,10,30,30.8,134,802,785,0,22.3,199,674,0,746,60.42,35.78,0.14,1009,4.6000000000000005,125,0.8,44.7915,35.2219
2022,8,27,11,30,31.5,141,826,875,0,22.1,190,731,0,840,57.51,27.240000000000002,0.14,1008,4.6000000000000005,127,1,51.1324,40.2433
2022,8,27,12,30,32.1,150,820,899,0,22,204,727,0,868,55.410000000000004,24.09,0.14,1008,4.6000000000000005,126,1.1,53.0381,41.7529
2022,8,27,13,30,32.300000000000004,159,793,858,0,21.900000000000002,209,696,0,822,54.300000000000004,28.23,0.14,1007,4.6000000000000005,123,1.2000000000000002,49.9705,39.3256
2022,8,27,14,30,32.2,152,766,761,8,21.8,266,494,0,659,54.15,37.28,0.14,1007,4.6000000000000005,122,1.3,39.4488,31.0144
2022,8,27,15,30,31.8,138,714,611,0,21.700000000000003,185,590,0,576,55.230000000000004,48.5,0.14,1007,4.6000000000000005,120,1.3,33.4533,26.2444
2022,8,27,16,30,31,118,622,423,0,21.700000000000003,118,622,0,423,57.67,60.59,0.14,1007,4.6000000000000005,119,1.3,23.2388,18.1441
2022,8,27,17,30,29.400000000000002,87,453,220,0,22.400000000000002,87,453,0,220,65.87,72.98,0.14,1007,4.6000000000000005,120,1,10.9577,8.4499
2022,8,27,18,30,27.400000000000002,31,143,43,0,23.5,31,143,0,43,79.45,85.27,0.14,1007,4.6000000000000005,125,0.8,0.0000,0.0000
2022,8,27,19,30,26.200000000000003,0,0,0,0,23,0,0,0,0,82.63,97.56,0.14,1008,4.6000000000000005,132,0.8,0.0000,0.0000
2022,8,27,20,30,25.700000000000003,0,0,0,0,23.1,0,0,0,0,85.37,109.10000000000001,0.14,1008,4.6000000000000005,140,0.8,0.0000,0.0000
2022,8,27,21,30,25.1,0,0,0,8,23.3,0,0,0,0,89.63,119.62,0.14,1008,4.7,151,0.7000000000000001,0.0000,0.0000
2022,8,27,22,30,24.8,0,0,0,0,23.5,0,0,0,0,92.48,128.4,0.14,1009,4.7,161,0.7000000000000001,0.0000,0.0000
2022,8,27,23,30,24.6,0,0,0,0,23.6,0,0,0,0,94.14,134.36,0.14,1009,4.7,168,0.7000000000000001,0.0000,0.0000
2022,8,28,0,30,24.5,0,0,0,8,23.6,0,0,0,0,94.65,136.32,0.14,1008,4.7,173,0.7000000000000001,0.0000,0.0000
2022,8,28,1,30,24.6,0,0,0,0,23.5,0,0,0,0,93.56,133.75,0.14,1008,4.7,174,0.6000000000000001,0.0000,0.0000
2022,8,28,2,30,24.6,0,0,0,8,23.400000000000002,0,0,0,0,92.98,127.31,0.14,1008,4.7,141,0.4,0.0000,0.0000
2022,8,28,3,30,24.3,0,0,0,8,23.3,0,0,0,0,94.32000000000001,118.24000000000001,0.14,1008,4.6000000000000005,87,0.4,0.0000,0.0000
2022,8,28,4,30,23.700000000000003,0,0,0,8,23.3,0,0,0,0,97.68,107.55,0.14,1008,4.6000000000000005,67,0.6000000000000001,0.0000,0.0000
2022,8,28,5,30,23.6,0,0,0,0,23.3,0,0,0,0,98.25,95.9,0.14,1009,4.6000000000000005,72,0.6000000000000001,0.0000,0.0000
2022,8,28,6,30,24.5,41,198,63,0,23.700000000000003,41,198,0,63,95.5,83.60000000000001,0.14,1010,4.6000000000000005,79,0.7000000000000001,0.0000,0.0000
2022,8,28,7,30,26,91,490,248,0,24.1,103,439,18,244,89.46000000000001,71.28,0.14,1010,4.6000000000000005,86,1,12.3467,9.5450
2022,8,28,8,30,27.700000000000003,118,648,452,0,23.8,139,590,4,443,79.59,58.93,0.14,1011,4.6000000000000005,93,1.3,24.5730,19.2034
2022,8,28,9,30,29.1,140,724,634,8,22.8,231,470,0,552,68.78,46.95,0.14,1011,4.6000000000000005,94,1.7000000000000002,32.2245,25.2900
2022,8,28,10,30,30.200000000000003,159,761,775,7,21.900000000000002,234,594,0,715,61.26,35.99,0.14,1011,4.6000000000000005,91,1.8,42.9126,33.7435
2022,8,28,11,30,31.1,164,789,864,7,21.5,281,526,11,747,56.69,27.53,0.14,1010,4.5,90,1.9000000000000001,45.4540,35.7733
2022,8,28,12,30,31.700000000000003,161,805,894,7,21.3,351,367,0,685,54.02,24.44,0.14,1010,4.5,90,1.8,41.8397,32.9364
2022,8,28,13,30,32,152,805,859,0,21.1,162,777,0,844,52.54,28.57,0.14,1009,4.5,92,1.7000000000000002,51.2839,40.3580
2022,8,28,14,30,31.8,146,776,761,0,20.900000000000002,146,776,0,761,52.61,37.58,0.14,1009,4.4,95,1.7000000000000002,45.5261,35.7909
2022,8,28,15,30,31,135,721,610,7,20.900000000000002,214,489,18,536,55.13,48.77,0.14,1008,4.5,100,1.6,31.1012,24.3974
2022,8,28,16,30,29.900000000000002,116,624,420,7,21.6,220,161,0,298,61.06,60.85,0.14,1008,4.5,106,1.4000000000000001,16.3457,12.7603
2022,8,28,17,30,28.3,84,456,216,7,22.6,110,82,0,134,71.45,73.23,0.14,1008,4.7,112,1.1,6.6588,5.1327
2022,8,28,18,30,26.900000000000002,30,143,41,8,23.200000000000003,29,2,100,29,80.21000000000001,85.52,0.14,1009,4.800000000000001,117,0.9,0.0000,0.0000
2022,8,28,19,30,26.1,0,0,0,0,23,0,0,0,0,83.2,97.83,0.14,1009,4.9,121,0.9,0.0000,0.0000
2022,8,28,20,30,25.6,0,0,0,8,23.400000000000002,0,0,0,0,87.63,109.39,0.14,1010,5,122,0.9,0.0000,0.0000
2022,8,28,21,30,25.3,0,0,0,7,23.8,0,0,0,0,91.38,119.94,0.14,1010,5,120,0.9,0.0000,0.0000
2022,8,28,22,30,24.900000000000002,0,0,0,0,24.1,0,0,0,0,95.28,128.74,0.14,1010,4.9,116,0.8,0.0000,0.0000
2022,8,28,23,30,24.6,0,0,0,0,24.200000000000003,0,0,0,0,97.86,134.73,0.14,1010,4.9,112,0.8,0.0000,0.0000
2022,8,29,0,30,24.200000000000003,0,0,0,0,24.200000000000003,0,0,0,0,100,136.67000000000002,0.14,1010,4.800000000000001,110,0.8,0.0000,0.0000
2022,8,29,1,30,24,0,0,0,0,24,0,0,0,0,100,134.06,0.14,1010,4.800000000000001,108,0.7000000000000001,0.0000,0.0000
2022,8,29,2,30,23.700000000000003,0,0,0,0,23.700000000000003,0,0,0,0,100,127.57000000000001,0.14,1010,4.7,102,0.7000000000000001,0.0000,0.0000
2022,8,29,3,30,23.3,0,0,0,0,23.3,0,0,0,0,100,118.45,0.14,1010,4.7,94,0.8,0.0000,0.0000
2022,8,29,4,30,23,0,0,0,0,23,0,0,0,0,100,107.72,0.14,1010,4.7,85,0.8,0.0000,0.0000
2022,8,29,5,30,23.400000000000002,0,0,0,7,23.400000000000002,0,0,0,0,100,96.05,0.14,1010,4.7,77,1,0.0000,0.0000
2022,8,29,6,30,24.700000000000003,35,285,66,7,23.900000000000002,43,30,71,46,95.42,83.73,0.14,1011,4.800000000000001,74,1.3,0.0000,0.0000
2022,8,29,7,30,26,68,593,257,7,23.900000000000002,132,238,0,208,88.45,71.41,0.14,1011,4.9,74,1.5,10.5124,8.1255
2022,8,29,8,30,27.400000000000002,86,732,462,3,23.200000000000003,205,80,0,246,77.69,59.07,0.14,1012,5,76,1.7000000000000002,13.6348,10.6546
2022,8,29,9,30,28.5,97,805,645,3,22.400000000000002,180,190,0,309,69.73,47.11,0.14,1012,5,80,1.9000000000000001,18.0294,14.1491
2022,8,29,10,30,29.3,107,844,788,8,22.3,278,53,0,321,65.84,36.2,0.14,1012,5.1000000000000005,89,2,19.2577,15.1425
2022,8,29,11,30,29.700000000000003,111,865,876,7,22.400000000000002,325,202,89,504,64.84,27.82,0.14,1011,5.2,99,2,30.6559,24.1263
2022,8,29,12,30,29.8,109,876,904,7,22.700000000000003,401,65,100,460,65.56,24.8,0.14,1011,5.2,106,2,28.0851,22.1082
2022,8,29,13,30,29.6,104,873,868,6,22.8,288,10,0,297,66.95,28.92,0.14,1010,5.2,109,1.8,18.0377,14.1944
2022,8,29,14,30,29.400000000000002,98,851,770,7,22.900000000000002,228,9,0,235,68.18,37.88,0.14,1010,5.2,109,1.7000000000000002,14.0497,11.0449
2022,8,29,15,30,28.900000000000002,90,809,620,6,23,182,11,0,189,70.31,49.04,0.14,1009,5.2,107,1.7000000000000002,10.9563,8.5941
2022,8,29,16,30,28,77,732,431,6,23,99,3,0,100,74.47,61.11,0.14,1009,5.1000000000000005,102,1.7000000000000002,5.4764,4.2745
2022,8,29,17,30,26.6,58,583,224,7,23.3,59,24,0,66,82.22,73.49,0.14,1009,5,98,1.3,3.2718,2.5209
2022,8,29,18,30,25.200000000000003,26,234,43,8,23.900000000000002,25,2,100,25,92.42,85.77,0.14,1009,4.9,95,0.9,0.0000,0.0000
2022,8,29,19,30,24.200000000000003,0,0,0,7,23.900000000000002,0,0,0,0,98.03,98.10000000000001,0.16,1010,4.9,95,0.7000000000000001,0.0000,0.0000
2022,8,29,20,30,23.8,0,0,0,0,23.700000000000003,0,0,0,0,99.60000000000001,109.68,0.16,1010,4.800000000000001,98,0.6000000000000001,0.0000,0.0000
2022,8,29,21,30,23.5,0,0,0,0,23.5,0,0,0,0,100,120.25,0.16,1010,4.800000000000001,101,0.5,0.0000,0.0000
2022,8,29,22,30,23.200000000000003,0,0,0,0,23.200000000000003,0,0,0,0,100,129.09,0.16,1010,4.800000000000001,106,0.5,0.0000,0.0000
2022,8,29,23,30,23.1,0,0,0,0,23.1,0,0,0,0,100,135.09,0.16,1010,4.7,113,0.6000000000000001,0.0000,0.0000
2022,8,30,0,30,23,0,0,0,0,23,0,0,0,0,100,137.03,0.16,1009,4.7,123,0.7000000000000001,0.0000,0.0000
2022,8,30,1,30,23.1,0,0,0,0,22.900000000000002,0,0,0,0,98.95,134.37,0.16,1009,4.7,137,0.7000000000000001,0.0000,0.0000
2022,8,30,2,30,23.1,0,0,0,0,22.8,0,0,0,0,98.34,127.83,0.16,1009,4.7,153,0.6000000000000001,0.0000,0.0000
2022,8,30,3,30,23.1,0,0,0,0,22.700000000000003,0,0,0,0,97.79,118.66,0.16,1009,4.6000000000000005,171,0.6000000000000001,0.0000,0.0000
2022,8,30,4,30,23,0,0,0,0,22.6,0,0,0,0,97.63,107.89,0.16,1009,4.6000000000000005,190,0.5,0.0000,0.0000
2022,8,30,5,30,23.200000000000003,0,0,0,0,22.400000000000002,0,0,0,0,95.45,96.2,0.16,1009,4.6000000000000005,210,0.4,0.0000,0.0000
2022,8,30,6,30,24.900000000000002,33,307,66,0,23.200000000000003,33,307,0,66,90.07000000000001,83.87,0.16,1010,4.6000000000000005,234,0.4,0.0000,0.0000
2022,8,30,7,30,27.5,63,617,258,0,23.900000000000002,63,617,0,258,80.78,71.54,0.16,1010,4.5,247,0.5,13.0238,10.0648
2022,8,30,8,30,29.1,79,756,466,0,21.8,91,664,0,431,64.98,59.2,0.16,1009,4.5,235,0.5,23.8712,18.6523
2022,8,30,9,30,30.5,94,820,650,3,21,259,271,4,443,56.82,47.27,0.16,1009,4.4,215,0.6000000000000001,25.8347,20.2737
2022,8,30,10,30,31.5,108,850,792,3,20.8,291,81,0,356,53.27,36.410000000000004,0.16,1008,4.4,204,0.8,21.3485,16.7861
2022,8,30,11,30,32.2,112,872,881,8,21.1,392,170,7,542,51.910000000000004,28.11,0.16,1007,4.4,200,1.1,32.9543,25.9345
2022,8,30,12,30,32.6,115,876,908,7,21.400000000000002,295,473,36,723,51.67,25.16,0.16,1007,4.4,203,1.3,44.1240,34.7329
2022,8,30,13,30,32.800000000000004,114,864,868,0,21.6,170,707,0,787,51.74,29.27,0.16,1006,4.5,207,1.4000000000000001,47.7730,37.5928
2022,8,30,14,30,32.800000000000004,109,837,767,8,21.700000000000003,229,516,0,635,52.25,38.19,0.16,1005,4.6000000000000005,211,1.5,37.9389,29.8235
2022,8,30,15,30,32.300000000000004,102,786,614,0,21.900000000000002,102,786,0,614,54.26,49.32,0.16,1005,4.800000000000001,214,1.6,35.5583,27.8897
2022,8,30,16,30,31.3,89,697,423,0,22,89,697,0,423,57.99,61.370000000000005,0.16,1005,4.9,212,1.7000000000000002,23.1277,18.0489
2022,8,30,17,30,29.5,67,534,216,0,22.6,67,534,0,216,66.54,73.75,0.16,1005,5.1000000000000005,207,1.7000000000000002,10.6820,8.2269
2022,8,30,18,30,27.6,26,184,39,0,23.5,26,184,0,39,78.29,86.03,0.16,1005,5.2,203,1.6,0.0000,0.0000
2022,8,30,19,30,26.3,0,0,0,0,23.8,0,0,0,0,85.97,98.37,0.16,1006,5.300000000000001,204,1.5,0.0000,0.0000
2022,8,30,20,30,25.6,0,0,0,8,24.1,0,0,0,0,91.43,109.98,0.16,1006,5.4,208,1.4000000000000001,0.0000,0.0000
2022,8,30,21,30,25,0,0,0,7,24.400000000000002,0,0,0,0,96.29,120.57000000000001,0.16,1007,5.4,216,1.2000000000000002,0.0000,0.0000
2022,8,30,22,30,24.6,0,0,0,7,24.400000000000002,0,0,0,0,98.87,129.43,0.16,1007,5.300000000000001,224,1,0.0000,0.0000
2022,8,30,23,30,24.3,0,0,0,8,24.3,0,0,0,0,100,135.45,0.16,1007,5.1000000000000005,229,1,0.0000,0.0000
2022,8,31,0,30,24,0,0,0,7,24,0,0,0,0,100,137.38,0.16,1007,4.9,235,0.9,0.0000,0.0000
2022,8,31,1,30,23.6,0,0,0,7,23.6,0,0,0,0,100,134.69,0.16,1007,4.6000000000000005,244,0.8,0.0000,0.0000
2022,8,31,2,30,23.200000000000003,0,0,0,0,23.200000000000003,0,0,0,0,100,128.09,0.16,1007,4.4,258,0.7000000000000001,0.0000,0.0000
2022,8,31,3,30,22.900000000000002,0,0,0,0,22.900000000000002,0,0,0,0,100,118.87,0.16,1007,4.2,282,0.7000000000000001,0.0000,0.0000
2022,8,31,4,30,22.700000000000003,0,0,0,8,22.700000000000003,0,0,0,0,100,108.07000000000001,0.16,1007,4.1000000000000005,316,0.7000000000000001,0.0000,0.0000
2022,8,31,5,30,23.200000000000003,0,0,0,0,23.200000000000003,0,0,0,0,100,96.35000000000001,0.16,1007,4,170,0.9,0.0000,0.0000
2022,8,31,6,30,24.5,40,172,58,0,23.400000000000002,42,91,29,52,93.78,84,0.16,1008,4,13,1.4000000000000001,0.0000,0.0000
2022,8,31,7,30,26.5,96,467,243,8,23.5,142,243,7,218,83.8,71.67,0.16,1008,3.9000000000000004,28,1.9000000000000001,10.9914,8.4926
2022,8,31,8,30,28.6,126,631,448,8,22.700000000000003,183,453,0,414,70.32000000000001,59.35,0.16,1008,3.9000000000000004,40,2.1,22.9101,17.9000
2022,8,31,9,30,30.5,128,757,640,8,21.400000000000002,200,566,4,583,58.45,47.44,0.16,1008,3.8000000000000003,49,1.8,33.9803,26.6649
2022,8,31,10,30,32,113,847,793,0,21.1,149,764,0,762,52.49,36.63,0.16,1008,3.8000000000000003,59,1.3,45.6753,35.9128
2022,8,31,11,30,33.2,119,869,883,0,21.1,190,709,0,814,49.04,28.41,0.16,1008,3.7,81,0.8,49.4720,38.9326
2022,8,31,12,30,33.9,134,855,906,0,21.1,194,733,0,855,47.17,25.53,0.16,1007,3.7,121,0.5,52.1569,41.0550
2022,8,31,13,30,34.2,152,815,860,0,21.1,152,815,0,860,46.44,29.62,0.16,1007,3.7,160,0.4,52.1778,41.0576
2022,8,31,14,30,34,148,779,758,0,21.1,221,611,11,699,46.85,38.51,0.16,1006,3.7,176,0.5,41.7335,32.8049
2022,8,31,15,30,33.5,137,721,604,7,21,231,431,11,510,48.03,49.6,0.16,1006,3.7,173,0.6000000000000001,29.5058,23.1407
2022,8,31,16,30,32.800000000000004,117,623,413,0,21,120,612,11,411,50.050000000000004,61.64,0.16,1005,3.7,166,0.7000000000000001,22.4334,17.5041
2022,8,31,17,30,31.200000000000003,84,449,208,0,21.700000000000003,84,449,0,208,57.1,74.01,0.16,1005,3.6,163,0.7000000000000001,10.2618,7.8999
2022,8,31,18,30,28.900000000000002,26,115,33,0,23.200000000000003,26,115,0,33,71.56,86.28,0.16,1006,3.6,162,0.7000000000000001,0.0000,0.0000
2022,8,31,19,30,27.400000000000002,0,0,0,0,22.8,0,0,0,0,75.95,98.65,0.16,1006,3.5,165,0.9,0.0000,0.0000
2022,8,31,20,30,26.6,0,0,0,0,22.700000000000003,0,0,0,0,79.21000000000001,110.27,0.16,1007,3.5,171,0.9,0.0000,0.0000
2022,8,31,21,30,26,0,0,0,0,22.700000000000003,0,0,0,0,81.9,120.89,0.16,1007,3.5,179,0.9,0.0000,0.0000
2022,8,31,22,30,25.5,0,0,0,0,22.6,0,0,0,0,84.23,129.78,0.16,1007,3.5,187,0.8,0.0000,0.0000
2022,8,31,23,30,25,0,0,0,0,22.6,0,0,14,0,86.34,135.82,0.16,1007,3.5,193,0.8,0.0000,0.0000
2022,9,1,0,30,24.900000000000002,0,0,0,8,22.5,0,0,0,0,86.3,137.74,0.16,1007,3.4000000000000004,192,0.8,0.0000,0.0000
2022,9,1,1,30,25,0,0,0,8,22.200000000000003,0,0,0,0,84.49,135,0.16,1007,3.4000000000000004,173,0.6000000000000001,0.0000,0.0000
2022,9,1,2,30,24.700000000000003,0,0,0,0,21.900000000000002,0,0,0,0,84.64,128.35,0.16,1007,3.5,130,0.5,0.0000,0.0000
2022,9,1,3,30,24,0,0,0,7,21.8,0,0,0,0,87.37,119.08,0.16,1008,3.6,79,0.4,0.0000,0.0000
2022,9,1,4,30,23.3,0,0,0,7,21.700000000000003,0,0,0,0,90.47,108.24000000000001,0.16,1008,3.6,50,0.6000000000000001,0.0000,0.0000
2022,9,1,5,30,23,0,0,0,8,21.6,0,0,0,0,91.71000000000001,96.5,0.16,1009,3.6,47,1.1,0.0000,0.0000
2022,9,1,6,30,24,39,183,58,8,21.400000000000002,38,3,86,38,85.2,84.13,0.16,1009,3.6,52,1.7000000000000002,0.0000,0.0000
2022,9,1,7,30,26.1,91,489,244,8,20.900000000000002,108,32,11,118,73.04,71.8,0.16,1009,3.6,60,2,5.9423,4.5905
2022,9,1,8,30,28.5,118,656,451,7,20.3,219,101,0,270,61.35,59.49,0.16,1010,3.5,71,2.2,14.9295,11.6637
2022,9,1,9,30,30.400000000000002,130,755,639,7,20.400000000000002,311,245,0,476,55.11,47.61,0.16,1010,3.5,82,2,27.7283,21.7579
2022,9,1,10,30,31.8,137,810,785,7,20.400000000000002,297,404,0,620,51.1,36.85,0.16,1010,3.6,92,1.7000000000000002,37.1470,29.2065
2022,9,1,11,30,32.800000000000004,147,827,872,7,20.200000000000003,230,657,0,806,47.69,28.7,0.16,1009,3.7,104,1.5,48.9660,38.5335
2022,9,1,12,30,33.2,148,831,896,0,20.1,188,742,0,856,46.12,25.89,0.16,1009,3.8000000000000003,115,1.5,52.1952,41.0841
2022,9,1,13,30,33,146,819,855,7,20,188,718,0,810,46.44,29.98,0.16,1009,4,122,1.6,49.1181,38.6487
2022,9,1,14,30,32.5,141,786,753,6,20,335,113,0,423,47.76,38.82,0.16,1008,4.1000000000000005,127,1.7000000000000002,25.2378,19.8374
2022,9,1,15,30,31.6,127,733,599,6,20.1,262,111,0,334,50.67,49.89,0.16,1008,4.2,130,1.7000000000000002,19.3031,15.1377
2022,9,1,16,30,30.3,107,642,409,6,20.1,148,9,0,152,54.49,61.9,0.16,1008,4.2,132,1.6,8.2828,6.4617
2022,9,1,17,30,28.400000000000002,76,477,205,6,20.3,101,11,0,104,61.43,74.27,0.16,1008,4.2,136,1.3,5.1188,3.9388
2022,9,1,18,30,26.3,24,132,32,7,21.1,23,2,100,23,72.91,86.54,0.16,1009,4.1000000000000005,141,0.9,0.0000,0.0000
2022,9,1,19,30,24.900000000000002,0,0,0,7,21,0,0,0,0,78.78,98.93,0.16,1009,3.9000000000000004,141,0.7000000000000001,0.0000,0.0000
2022,9,1,20,30,24.200000000000003,0,0,0,7,20.8,0,0,0,0,81.46000000000001,110.57000000000001,0.16,1009,3.8000000000000003,136,0.7000000000000001,0.0000,0.0000
2022,9,1,21,30,23.700000000000003,0,0,0,7,20.700000000000003,0,0,0,0,83.17,121.21000000000001,0.16,1010,3.7,127,0.7000000000000001,0.0000,0.0000
2022,9,1,22,30,23.400000000000002,0,0,0,7,20.400000000000002,0,0,0,0,83.03,130.13,0.16,1010,3.7,115,0.8,0.0000,0.0000
2022,9,1,23,30,23,0,0,0,8,20,0,0,29,0,83.10000000000001,136.19,0.16,1010,3.8000000000000003,102,0.8,0.0000,0.0000
2022,9,2,0,30,22.6,0,0,0,8,19.700000000000003,0,0,0,0,83.57000000000001,138.1,0.16,1010,3.9000000000000004,87,0.8,0.0000,0.0000
2022,9,2,1,30,22.1,0,0,0,8,19.5,0,0,0,0,85.27,135.32,0.16,1010,4,75,0.8,0.0000,0.0000
2022,9,2,2,30,21.6,0,0,0,8,19.400000000000002,0,0,0,0,87.27,128.61,0.16,1010,4.1000000000000005,66,0.8,0.0000,0.0000
2022,9,2,3,30,21.3,0,0,0,8,19.200000000000003,0,0,0,0,88,119.29,0.16,1011,4.2,62,0.8,0.0000,0.0000
2022,9,2,4,30,21.3,0,0,0,8,19.1,0,0,0,0,87.5,108.41,0.16,1011,4.3,61,0.9,0.0000,0.0000
2022,9,2,5,30,21.5,0,0,0,7,19.1,0,0,0,0,86.12,96.64,0.16,1011,4.4,62,1.1,0.0000,0.0000
2022,9,2,6,30,22.8,35,215,57,7,19.200000000000003,37,77,71,45,79.92,84.26,0.16,1012,4.5,64,1.4000000000000001,0.0000,0.0000
2022,9,2,7,30,25.3,81,519,242,0,19.6,91,430,0,224,70.79,71.93,0.16,1012,4.6000000000000005,79,1.6,11.2667,8.7020
2022,9,2,8,30,28.200000000000003,106,671,445,7,20.8,169,438,0,390,64.18,59.63,0.16,1012,4.7,100,1.9000000000000001,21.5475,16.8327
2022,9,2,9,30,30.200000000000003,118,764,631,0,20.5,118,764,0,631,56.03,47.78,0.16,1013,4.800000000000001,111,2.1,36.7368,28.8256
2022,9,2,10,30,31.5,123,819,776,0,20.400000000000002,265,513,11,674,51.94,37.07,0.16,1012,4.9,116,2.2,40.3642,31.7351
2022,9,2,11,30,32.2,128,840,863,0,20.5,136,829,4,861,50.120000000000005,29.01,0.16,1012,4.9,121,2.2,52.2845,41.1438
2022,9,2,12,30,32.300000000000004,138,835,887,0,20.6,138,835,0,887,50.03,26.26,0.16,1012,4.800000000000001,126,2.3000000000000003,54.0608,42.5513
2022,9,2,13,30,32.1,144,813,846,0,20.6,150,804,4,844,50.69,30.34,0.16,1012,4.7,129,2.3000000000000003,51.1522,40.2479
2022,9,2,14,30,31.8,133,791,747,0,20.5,133,791,0,747,51.370000000000005,39.14,0.16,1011,4.6000000000000005,131,2.3000000000000003,44.5369,35.0052
2022,9,2,15,30,31.3,119,747,597,0,20.400000000000002,119,747,0,597,52.4,50.18,0.16,1011,4.5,130,2.1,34.4660,27.0264
2022,9,2,16,30,30.400000000000002,99,659,407,0,20.200000000000003,99,659,0,407,54.64,62.18,0.16,1012,4.5,127,2,22.1382,17.2677
2022,9,2,17,30,28.6,72,489,202,0,20.200000000000003,72,489,0,202,60.36,74.53,0.16,1012,4.4,125,1.6,9.9190,7.6291
2022,9,2,18,30,26.5,23,134,30,0,20.900000000000002,23,134,0,30,71.2,86.8,0.16,1012,4.4,125,1.2000000000000002,0.0000,0.0000
2022,9,2,19,30,25.200000000000003,0,0,0,0,20.900000000000002,0,0,0,0,77.05,99.21000000000001,0.16,1013,4.4,124,1.1,0.0000,0.0000
2022,9,2,20,30,24.5,0,0,0,8,20.900000000000002,0,0,0,0,80.53,110.87,0.16,1013,4.3,122,1.1,0.0000,0.0000
2022,9,2,21,30,23.8,0,0,0,7,21,0,0,0,0,84.3,121.54,0.16,1013,4.2,123,1,0.0000,0.0000
2022,9,2,22,30,23.200000000000003,0,0,0,0,21.1,0,0,0,0,87.83,130.49,0.16,1013,4.1000000000000005,124,0.9,0.0000,0.0000
2022,9,2,23,30,22.6,0,0,0,0,21.1,0,0,43,0,91.35000000000001,136.57,0.16,1013,4,122,0.8,0.0000,0.0000
2022,9,3,0,30,22.200000000000003,0,0,0,0,21.200000000000003,0,0,0,0,93.8,138.47,0.16,1013,4,116,0.8,0.0000,0.0000
2022,9,3,1,30,21.8,0,0,0,0,21.200000000000003,0,0,0,0,96.12,135.64000000000001,0.16,1013,4.1000000000000005,106,0.7000000000000001,0.0000,0.0000
2022,9,3,2,30,21.6,0,0,0,0,21.1,0,0,14,0,97.06,128.87,0.16,1014,4.1000000000000005,95,0.7000000000000001,0.0000,0.0000
2022,9,3,3,30,21.3,0,0,0,0,21,0,0,0,0,97.99000000000001,119.5,0.16,1014,4.1000000000000005,86,0.8,0.0000,0.0000
2022,9,3,4,30,21.1,0,0,0,0,20.8,0,0,0,0,98.01,108.58,0.16,1014,4.1000000000000005,81,0.9,0.0000,0.0000
2022,9,3,5,30,21.400000000000002,0,0,0,0,20.6,0,0,0,0,95.04,96.79,0.16,1014,4.1000000000000005,78,1.1,0.0000,0.0000
2022,9,3,6,30,22.6,36,207,56,0,20.6,36,207,0,56,88.54,84.39,0.16,1014,4.1000000000000005,72,1.3,0.0000,0.0000
2022,9,3,7,30,25.200000000000003,82,515,241,0,21.1,98,440,11,233,77.81,72.07000000000001,0.16,1014,4.1000000000000005,76,1.4000000000000001,11.7041,9.0380
2022,9,3,8,30,28,109,672,447,0,21.400000000000002,142,562,11,425,67.51,59.77,0.16,1015,4.1000000000000005,88,1.5,23.4622,18.3271
2022,9,3,9,30,30.1,127,751,630,7,20.3,268,326,4,486,55.74,47.95,0.16,1015,4.2,92,1.5,28.2789,22.1881
2022,9,3,10,30,31.5,143,789,771,7,19.3,273,429,25,614,48.480000000000004,37.300000000000004,0.16,1014,4.3,93,1.5,36.7535,28.8953
2022,9,3,11,30,32.5,151,808,856,7,19.1,342,344,4,642,45.12,29.310000000000002,0.16,1014,4.4,98,1.5,38.9689,30.6647
2022,9,3,12,30,32.9,149,820,882,0,19.1,239,614,18,788,44.21,26.63,0.16,1013,4.5,106,1.5,48.0047,37.7835
2022,9,3,13,30,32.800000000000004,140,819,844,0,19.200000000000003,194,690,11,787,44.75,30.7,0.16,1012,4.7,116,1.5,47.6714,37.5078
2022,9,3,14,30,32.4,136,783,741,0,19.5,198,547,4,620,46.5,39.46,0.16,1012,4.9,123,1.5,36.9381,29.0313
2022,9,3,15,30,31.8,125,726,587,7,19.700000000000003,251,282,0,430,48.9,50.47,0.16,1011,5,127,1.5,24.7980,19.4436
2022,9,3,16,30,30.8,105,632,397,6,20,45,0,0,45,52.74,62.45,0.16,1011,5,129,1.5,2.4434,1.9055
2022,9,3,17,30,29,74,458,194,7,20.700000000000003,29,0,0,29,60.76,74.8,0.16,1011,5.1000000000000005,133,1.2000000000000002,1.4206,1.0921
2022,9,3,18,30,27,21,108,27,8,22,19,49,64,22,73.96000000000001,87.06,0.16,1011,5.1000000000000005,137,0.9,0.0000,0.0000
2022,9,3,19,30,25.900000000000002,0,0,0,0,22.1,0,0,0,0,79.69,99.49000000000001,0.16,1012,5.1000000000000005,143,0.9,0.0000,0.0000
2022,9,3,20,30,25.3,0,0,0,0,22.400000000000002,0,0,0,0,84.06,111.17,0.16,1012,5.2,149,0.9,0.0000,0.0000
2022,9,3,21,30,24.700000000000003,0,0,0,0,22.8,0,0,0,0,89.03,121.87,0.16,1012,5.2,156,0.9,0.0000,0.0000
2022,9,3,22,30,24.3,0,0,0,0,23.1,0,0,0,0,93.19,130.84,0.16,1012,5.2,161,0.8,0.0000,0.0000
2022,9,3,23,30,23.900000000000002,0,0,0,0,23.400000000000002,0,0,43,0,96.94,136.94,0.16,1012,5.2,163,0.7000000000000001,0.0000,0.0000
2022,9,4,0,30,23.5,0,0,0,0,23.5,0,0,0,0,99.75,138.83,0.16,1012,5.2,158,0.6000000000000001,0.0000,0.0000
2022,9,4,1,30,23.200000000000003,0,0,0,0,23.200000000000003,0,0,0,0,100,135.96,0.16,1012,5.1000000000000005,147,0.6000000000000001,0.0000,0.0000
2022,9,4,2,30,23,0,0,0,7,23,0,0,0,0,100,129.13,0.16,1012,5,132,0.6000000000000001,0.0000,0.0000
2022,9,4,3,30,22.900000000000002,0,0,0,3,22.900000000000002,0,0,0,0,100,119.71000000000001,0.16,1012,4.9,112,0.7000000000000001,0.0000,0.0000
2022,9,4,4,30,22.8,0,0,0,3,22.8,0,0,0,0,100,108.76,0.16,1012,4.9,93,0.7000000000000001,0.0000,0.0000
2022,9,4,5,30,23,0,0,0,0,23,0,0,0,0,100,96.94,0.16,1012,4.800000000000001,85,0.8,0.0000,0.0000
2022,9,4,6,30,23.900000000000002,36,189,54,0,23.400000000000002,38,110,43,48,97.23,84.53,0.16,1012,4.800000000000001,86,1.1,0.0000,0.0000
2022,9,4,7,30,24.900000000000002,81,515,238,7,24.1,119,299,11,210,95.34,72.2,0.16,1012,4.800000000000001,95,1.4000000000000001,10.5360,8.1344
2022,9,4,8,30,26.1,104,677,443,0,24.400000000000002,104,677,0,443,90.2,59.92,0.16,1012,4.800000000000001,108,1.5,24.4345,19.0851
2022,9,4,9,30,27.900000000000002,114,770,628,0,23.700000000000003,114,770,0,628,78.17,48.120000000000005,0.16,1012,4.800000000000001,115,1.7000000000000002,36.5206,28.6535
2022,9,4,10,30,29.6,118,825,772,0,22.6,193,607,0,674,65.94,37.52,0.16,1012,4.9,118,1.7000000000000002,40.3265,31.7034
2022,9,4,11,30,30.8,121,851,861,7,21.6,218,605,32,744,57.97,29.62,0.16,1011,4.9,122,1.7000000000000002,45.1399,35.5196
2022,9,4,12,30,31.5,127,850,884,6,20.900000000000002,365,140,0,490,53.32,27,0.16,1010,5,126,1.7000000000000002,29.8365,23.4830
2022,9,4,13,30,31.8,132,828,841,0,20.5,186,695,0,781,51.36,31.07,0.16,1010,5.1000000000000005,131,1.7000000000000002,47.2808,37.1991
2022,9,4,14,30,31.700000000000003,127,797,739,0,20.400000000000002,144,746,0,717,51.17,39.79,0.16,1009,5.2,134,1.7000000000000002,42.6847,33.5460
2022,9,4,15,30,31.1,118,739,585,0,20.400000000000002,118,739,0,585,53.160000000000004,50.76,0.16,1009,5.2,134,1.7000000000000002,33.6998,26.4211
2022,9,4,16,30,30,102,638,394,0,20.5,126,561,18,383,56.69,62.730000000000004,0.16,1008,5.300000000000001,133,1.7000000000000002,20.7574,16.1847
2022,9,4,17,30,28.3,74,448,189,8,21.1,111,214,4,166,65.13,75.07000000000001,0.16,1008,5.300000000000001,133,1.4000000000000001,8.1125,6.2337
2022,9,4,18,30,26.900000000000002,19,84,23,7,22,16,1,86,16,74.66,87.32000000000001,0.16,1009,5.300000000000001,133,1.2000000000000002,0.0000,0.0000
2022,9,4,19,30,26.200000000000003,0,0,0,6,22.200000000000003,0,0,0,0,78.74,99.78,0.16,1009,5.300000000000001,135,1.3,0.0000,0.0000
2022,9,4,20,30,25.6,0,0,0,7,22.700000000000003,0,0,0,0,83.86,111.47,0.16,1009,5.300000000000001,135,1.3,0.0000,0.0000
2022,9,4,21,30,25.1,0,0,0,8,23.200000000000003,0,0,0,0,88.97,122.2,0.16,1009,5.300000000000001,134,1.2000000000000002,0.0000,0.0000
2022,9,4,22,30,24.700000000000003,0,0,0,7,23.5,0,0,0,0,93.2,131.2,0.16,1009,5.300000000000001,133,1.1,0.0000,0.0000
2022,9,4,23,30,24.3,0,0,0,7,23.8,0,0,29,0,96.88,137.32,0.16,1009,5.300000000000001,131,1,0.0000,0.0000
2022,9,5,0,30,24.1,0,0,0,8,23.900000000000002,0,0,0,0,98.7,139.20000000000002,0.16,1009,5.300000000000001,130,0.9,0.0000,0.0000
2022,9,5,1,30,23.900000000000002,0,0,0,7,23.900000000000002,0,0,0,0,99.98,136.27,0.16,1009,5.300000000000001,130,0.9,0.0000,0.0000
2022,9,5,2,30,23.900000000000002,0,0,0,6,23.900000000000002,0,0,0,0,99.93,129.39000000000001,0.16,1009,5.4,134,0.9,0.0000,0.0000
2022,9,5,3,30,23.8,0,0,0,7,23.8,0,0,0,0,100,119.92,0.16,1009,5.5,139,0.9,0.0000,0.0000
2022,9,5,4,30,23.8,0,0,0,7,23.8,0,0,0,0,100,108.93,0.16,1009,5.5,141,0.9,0.0000,0.0000
2022,9,5,5,30,23.900000000000002,0,0,0,7,23.8,0,0,0,0,99.55,97.09,0.16,1009,5.6000000000000005,143,0.9,0.0000,0.0000
2022,9,5,6,30,24.400000000000002,34,199,53,8,23.900000000000002,8,0,71,8,97.17,84.66,0.16,1009,5.7,145,1.1,0.0000,0.0000
2022,9,5,7,30,25.1,76,526,236,4,24.3,33,0,0,33,95.58,72.34,0.16,1010,5.7,150,1.4000000000000001,1.6535,1.2763
2022,9,5,8,30,25.700000000000003,99,681,439,8,24.700000000000003,86,1,0,86,94.13,60.07,0.16,1010,5.9,162,1.6,4.7393,3.7014
2022,9,5,9,30,26.200000000000003,115,759,620,8,24.200000000000003,268,142,0,362,88.88,48.300000000000004,0.16,1010,6,173,1.8,21.0389,16.5060
2022,9,5,10,30,26.8,125,804,761,8,23.5,318,56,0,362,82.35000000000001,37.75,0.16,1010,6,180,1.9000000000000001,21.6485,17.0188
2022,9,5,11,30,27.6,128,831,848,8,23.200000000000003,364,113,21,462,77.10000000000001,29.93,0.16,1010,6.1000000000000005,188,2,28.0176,22.0458
2022,9,5,12,30,28.3,122,850,877,8,23.200000000000003,359,230,14,563,73.79,27.38,0.16,1009,5.9,196,2,34.2646,26.9673
2022,9,5,13,30,28.8,112,854,841,8,23.1,338,325,4,615,71.52,31.44,0.16,1009,5.7,202,1.9000000000000001,37.2096,29.2743
2022,9,5,14,30,29.200000000000003,107,829,741,0,23.200000000000003,149,691,11,677,69.97,40.12,0.16,1008,5.4,206,1.8,40.2723,31.6484
2022,9,5,15,30,29.3,97,781,588,0,23.200000000000003,150,589,4,520,69.82000000000001,51.06,0.16,1008,5.2,208,1.8,29.9210,23.4563
2022,9,5,16,30,28.900000000000002,84,690,397,7,23.3,172,282,0,300,71.74,63.01,0.16,1008,5.2,205,1.5,16.2285,12.6510
2022,9,5,17,30,27.6,63,508,191,8,23.6,89,350,32,178,78.98,75.35000000000001,0.16,1008,5.2,199,1.1,8.6780,6.6648
2022,9,5,18,30,26,18,114,23,6,24.3,9,0,86,9,90.11,87.58,0.16,1008,5.2,194,0.9,0.0000,0.0000
2022,9,5,19,30,25.200000000000003,0,0,0,7,24,0,0,0,0,93.31,100.06,0.16,1009,5.1000000000000005,192,1,0.0000,0.0000
2022,9,5,20,30,24.900000000000002,0,0,0,8,24.1,0,0,0,0,95.13,111.78,0.16,1009,5.1000000000000005,192,1,0.0000,0.0000
2022,9,5,21,30,24.5,0,0,0,7,24.1,0,0,0,0,97.89,122.53,0.16,1009,5.1000000000000005,194,1,0.0000,0.0000
2022,9,5,22,30,24.200000000000003,0,0,0,0,24.200000000000003,0,0,0,0,99.9,131.56,0.16,1009,5.1000000000000005,198,1,0.0000,0.0000
2022,9,5,23,30,24,0,0,0,0,24,0,0,43,0,100,137.70000000000002,0.16,1008,5.2,202,0.9,0.0000,0.0000
2022,9,6,0,30,23.8,0,0,0,8,23.8,0,0,14,0,100,139.57,0.16,1008,5.300000000000001,207,0.9,0.0000,0.0000
2022,9,6,1,30,23.700000000000003,0,0,0,7,23.700000000000003,0,0,0,0,100,136.59,0.16,1008,5.4,214,0.9,0.0000,0.0000
2022,9,6,2,30,23.5,0,0,0,8,23.5,0,0,0,0,100,129.65,0.16,1008,5.4,221,0.9,0.0000,0.0000
2022,9,6,3,30,23.400000000000002,0,0,0,8,23.400000000000002,0,0,0,0,100,120.12,0.16,1008,5.4,227,0.9,0.0000,0.0000
2022,9,6,4,30,23.200000000000003,0,0,0,0,23.200000000000003,0,0,0,0,100,109.10000000000001,0.16,1008,5.300000000000001,233,0.9,0.0000,0.0000
2022,9,6,5,30,23.3,0,0,0,0,23.200000000000003,0,0,0,0,99.66,97.24000000000001,0.16,1008,5.2,240,1,0.0000,0.0000
2022,9,6,6,30,24.1,32,229,53,0,23.5,32,229,0,53,96.42,84.8,0.16,1009,5,248,1.2000000000000002,0.0000,0.0000
2022,9,6,7,30,25.5,70,562,239,0,24.3,70,562,0,239,93.03,72.47,0.16,1009,4.9,259,1.5,11.9608,9.2307
2022,9,6,8,30,27.6,87,720,445,0,24.400000000000002,87,720,0,445,82.59,60.22,0.16,1009,4.800000000000001,269,1.7000000000000002,24.5016,19.1342
2022,9,6,9,30,29.700000000000003,97,804,630,0,23.1,116,748,0,612,67.78,48.480000000000004,0.16,1009,4.800000000000001,269,1.9000000000000001,35.5466,27.8867
2022,9,6,10,30,31.400000000000002,102,851,773,7,22.400000000000002,263,409,0,585,58.870000000000005,37.99,0.16,1009,4.9,263,2,34.9666,27.4878
2022,9,6,11,30,32.5,109,867,858,0,22.1,180,699,0,784,54.22,30.240000000000002,0.16,1008,5,258,2,47.5230,37.3927
2022,9,6,12,30,33.300000000000004,117,862,880,7,21.900000000000002,288,465,0,700,51.24,27.75,0.16,1008,5.2,257,2,42.5816,33.5121
2022,9,6,13,30,33.5,124,838,836,7,21.8,294,427,0,657,50.29,31.8,0.16,1007,5.2,257,1.9000000000000001,39.7278,31.2543
2022,9,6,14,30,33.4,122,801,732,7,21.700000000000003,200,602,0,658,50.46,40.45,0.16,1006,5.300000000000001,259,1.8,39.1114,30.7345
2022,9,6,15,30,33,112,744,577,3,21.700000000000003,220,208,4,350,51.44,51.36,0.16,1006,5.2,262,1.6,20.1157,15.7681
2022,9,6,16,30,32.2,95,652,388,0,21.8,132,452,0,335,54.24,63.29,0.16,1006,5.1000000000000005,261,1.3,18.0873,14.0973
2022,9,6,17,30,30.400000000000002,66,477,184,8,22.900000000000002,101,282,4,171,64.24,75.62,0.16,1006,4.800000000000001,256,1.1,8.3178,6.3851
2022,9,6,18,30,28.5,16,100,20,0,23.900000000000002,16,34,36,17,75.98,87.84,0.16,1007,4.6000000000000005,251,1,0.0000,0.0000
2022,9,6,19,30,27.400000000000002,0,0,0,8,23.200000000000003,0,0,0,0,77.73,100.35000000000001,0.16,1007,4.5,252,1.1,0.0000,0.0000
2022,9,6,20,30,26.5,0,0,0,7,23,0,0,0,0,81.08,112.09,0.16,1007,4.4,256,1.2000000000000002,0.0000,0.0000
2022,9,6,21,30,25.700000000000003,0,0,0,7,23,0,0,0,0,84.86,122.86,0.16,1007,4.3,262,1.2000000000000002,0.0000,0.0000
2022,9,6,22,30,25.1,0,0,0,8,22.900000000000002,0,0,0,0,87.61,131.92000000000002,0.16,1007,4.3,268,1.1,0.0000,0.0000
2022,9,6,23,30,24.400000000000002,0,0,0,8,22.8,0,0,43,0,90.64,138.08,0.16,1007,4.4,274,1.1,0.0000,0.0000
2022,9,7,0,30,23.900000000000002,0,0,0,7,22.700000000000003,0,0,14,0,92.73,139.94,0.16,1007,4.5,280,1,0.0000,0.0000
2022,9,7,1,30,23.400000000000002,0,0,0,0,22.6,0,0,0,0,95,136.91,0.16,1006,4.6000000000000005,287,0.9,0.0000,0.0000
2022,9,7,2,30,23,0,0,0,7,22.5,0,0,0,0,97.10000000000001,129.91,0.16,1006,4.7,295,0.8,0.0000,0.0000
2022,9,7,3,30,22.6,0,0,0,7,22.5,0,0,0,0,99.35000000000001,120.33,0.16,1006,4.800000000000001,306,0.7000000000000001,0.0000,0.0000
2022,9,7,4,30,22.400000000000002,0,0,0,8,22.400000000000002,0,0,0,0,100,109.27,0.16,1006,4.800000000000001,318,0.6000000000000001,0.0000,0.0000
2022,9,7,5,30,22.6,0,0,0,7,22.400000000000002,0,0,0,0,98.95,97.38,0.16,1006,4.800000000000001,330,0.7000000000000001,0.0000,0.0000
2022,9,7,6,30,23.700000000000003,33,209,51,7,22.5,19,0,86,19,93.16,84.93,0.16,1006,4.800000000000001,340,0.8,0.0000,0.0000
2022,9,7,7,30,25.400000000000002,74,535,234,8,22.6,133,169,0,184,84.54,72.61,0.16,1006,4.800000000000001,178,0.8,9.1963,7.0957
2022,9,7,8,30,27.3,96,692,438,7,22.5,147,511,0,400,74.91,60.370000000000005,0.16,1006,4.800000000000001,20,0.8,22.0042,17.1824
2022,9,7,9,30,29.3,108,779,623,7,22.200000000000003,201,504,0,534,65.79,48.660000000000004,0.16,1006,4.800000000000001,29,0.7000000000000001,30.9970,24.3163
2022,9,7,10,30,30.900000000000002,115,827,765,7,21.900000000000002,320,198,0,476,58.85,38.22,0.16,1006,4.9,26,0.5,28.4374,22.3543
2022,9,7,11,30,32,122,847,851,7,21.6,259,531,14,716,54.160000000000004,30.560000000000002,0.16,1005,4.9,21,0.4,43.3800,34.1318
2022,9,7,12,30,32.800000000000004,134,837,872,8,21.3,348,337,0,645,50.9,28.13,0.16,1004,4.9,16,0.30000000000000004,39.2158,30.8622
2022,9,7,13,30,33.2,145,803,825,8,21.1,347,103,7,434,49.22,32.18,0.16,1004,5,186,0.2,26.2270,20.6323
2022,9,7,14,30,33,144,761,720,7,20.900000000000002,272,434,7,601,49.13,40.78,0.16,1003,5,355,0.2,35.6949,28.0482
2022,9,7,15,30,32.300000000000004,142,678,562,8,21,171,84,0,223,51.4,51.67,0.16,1003,5.1000000000000005,351,0.30000000000000004,12.8009,10.0333
2022,9,7,16,30,31,130,536,368,7,22.1,136,82,0,172,59.300000000000004,63.58,0.16,1003,5.2,356,0.5,9.2681,7.2220
2022,9,7,17,30,29,89,326,168,6,22.6,30,11,0,33,68.45,75.9,0.16,1003,5.300000000000001,185,0.6000000000000001,1.6015,1.2288
2022,9,7,18,30,27.200000000000003,13,36,14,7,23.6,12,0,86,12,80.97,88.10000000000001,0.16,1004,5.4,17,0.7000000000000001,0.0000,0.0000
2022,9,7,19,30,26,0,0,0,6,23.700000000000003,0,0,0,0,87.05,100.64,0.15,1004,5.4,27,0.8,0.0000,0.0000
2022,9,7,20,30,25.1,0,0,0,7,23.6,0,0,0,0,91.31,112.39,0.15,1004,5.4,34,0.9,0.0000,0.0000
2022,9,7,21,30,24.5,0,0,0,7,23.5,0,0,0,0,93.94,123.19,0.15,1004,5.4,40,0.9,0.0000,0.0000
2022,9,7,22,30,23.900000000000002,0,0,0,3,23.3,0,0,0,0,96.19,132.29,0.15,1004,5.300000000000001,43,1,0.0000,0.0000
2022,9,7,23,30,23.5,0,0,0,7,23.1,0,0,29,0,97.4,138.47,0.15,1003,5.2,41,1,0.0000,0.0000
2022,9,8,0,30,23.1,0,0,0,8,22.900000000000002,0,0,14,0,98.59,140.31,0.15,1003,5,37,1.1,0.0000,0.0000
2022,9,8,1,30,22.700000000000003,0,0,0,0,22.5,0,0,0,0,98.91,137.23,0.15,1003,5,32,1.2000000000000002,0.0000,0.0000
2022,9,8,2,30,22.3,0,0,0,0,22.1,0,0,0,0,99.08,130.16,0.15,1003,4.9,26,1.4000000000000001,0.0000,0.0000
2022,9,8,3,30,21.900000000000002,0,0,0,7,21.700000000000003,0,0,0,0,98.99000000000001,120.54,0.15,1003,4.800000000000001,21,1.6,0.0000,0.0000
2022,9,8,4,30,21.400000000000002,0,0,0,8,21.3,0,0,0,0,99.32000000000001,109.44,0.15,1003,4.6000000000000005,18,1.6,0.0000,0.0000
2022,9,8,5,30,21.1,0,0,0,0,20.8,0,0,0,0,98.43,97.53,0.15,1003,4.5,18,1.6,0.0000,0.0000
2022,9,8,6,30,21.3,33,159,47,8,20.6,30,13,75,31,95.65,85.06,0.15,1004,4.4,23,1.7000000000000002,0.0000,0.0000
2022,9,8,7,30,22.700000000000003,85,481,228,0,20.900000000000002,95,415,0,218,89.56,72.75,0.15,1004,4.3,38,1.9000000000000001,10.8814,8.3940
2022,9,8,8,30,24.900000000000002,112,652,433,0,21.200000000000003,112,652,0,433,79.98,60.52,0.15,1004,4.2,57,2,23.7982,18.5817
2022,9,8,9,30,27,127,746,618,0,20.900000000000002,127,746,0,618,69.28,48.84,0.15,1004,4.2,69,2,35.8505,28.1225
2022,9,8,10,30,28.5,134,799,760,3,20.8,127,284,0,349,63.24,38.46,0.15,1004,4.2,77,2,20.8392,16.3809
2022,9,8,11,30,29.3,137,828,848,3,20.8,205,0,0,205,60.43,30.87,0.15,1004,4.3,81,1.9000000000000001,12.4143,9.7674
2022,9,8,12,30,29.700000000000003,142,830,871,3,20.8,192,0,0,192,58.78,28.51,0.15,1003,4.3,86,1.9000000000000001,11.6674,9.1818
2022,9,8,13,30,29.8,143,811,827,3,20.700000000000003,281,50,0,323,58.28,32.55,0.15,1002,4.4,90,1.9000000000000001,19.5072,15.3453
2022,9,8,14,30,29.5,136,780,724,7,20.6,304,89,11,371,58.92,41.12,0.15,1002,4.4,92,1.9000000000000001,22.0163,17.2989
2022,9,8,15,30,28.900000000000002,123,722,568,0,20.6,128,709,0,565,60.980000000000004,51.97,0.15,1002,4.5,93,1.9000000000000001,32.3941,25.3878
2022,9,8,16,30,28,104,617,376,0,20.700000000000003,120,559,4,366,64.43,63.86,0.15,1002,4.5,95,1.8,19.6831,15.3346
2022,9,8,17,30,26.700000000000003,72,422,173,7,20.8,95,289,11,164,70.24,76.18,0.15,1002,4.5,97,1.5,7.9414,6.0899
2022,9,8,18,30,25.3,13,59,15,7,21.5,12,21,54,13,79.74,88.36,0.15,1003,4.5,97,1.2000000000000002,0.0000,0.0000
2022,9,8,19,30,24.6,0,0,0,3,21.6,0,0,0,0,83.39,100.93,0.15,1003,4.5,95,1.2000000000000002,0.0000,0.0000
2022,9,8,20,30,24.400000000000002,0,0,0,7,21.6,0,0,0,0,84.36,112.7,0.15,1003,4.5,91,1.3,0.0000,0.0000
2022,9,8,21,30,23.900000000000002,0,0,0,7,21.700000000000003,0,0,0,0,87.39,123.53,0.15,1004,4.5,85,1.3,0.0000,0.0000
2022,9,8,22,30,23.5,0,0,0,0,21.700000000000003,0,0,0,0,89.89,132.65,0.15,1004,4.5,78,1.4000000000000001,0.0000,0.0000
2022,9,8,23,30,23.1,0,0,0,0,21.700000000000003,0,0,29,0,91.72,138.85,0.15,1004,4.5,73,1.5,0.0000,0.0000
2022,9,9,0,30,22.700000000000003,0,0,0,0,21.5,0,0,14,0,93.12,140.68,0.15,1004,4.5,69,1.5,0.0000,0.0000
2022,9,9,1,30,22.3,0,0,0,0,21.3,0,0,0,0,94.01,137.55,0.15,1004,4.5,66,1.5,0.0000,0.0000
2022,9,9,2,30,22,0,0,0,0,21,0,0,0,0,94.19,130.42000000000002,0.15,1005,4.5,61,1.4000000000000001,0.0000,0.0000
2022,9,9,3,30,21.700000000000003,0,0,0,0,20.700000000000003,0,0,0,0,94.16,120.74000000000001,0.15,1005,4.5,56,1.5,0.0000,0.0000
2022,9,9,4,30,21.3,0,0,0,7,20.400000000000002,0,0,0,0,94.45,109.61,0.15,1005,4.6000000000000005,52,1.5,0.0000,0.0000
2022,9,9,5,30,21,0,0,0,7,20,0,0,0,0,94.05,97.68,0.15,1006,4.6000000000000005,51,1.7000000000000002,0.0000,0.0000
2022,9,9,6,30,21.200000000000003,31,189,47,7,19.6,23,1,86,23,90.68,85.19,0.15,1006,4.6000000000000005,55,2,0.0000,0.0000
2022,9,9,7,30,22,76,521,229,7,19,114,32,0,123,83.16,72.88,0.15,1007,4.6000000000000005,63,2.5,6.1321,4.7294
2022,9,9,8,30,23.200000000000003,101,678,433,7,18.1,213,245,0,333,72.91,60.67,0.15,1007,4.6000000000000005,69,2.8000000000000003,18.2855,14.2761
2022,9,9,9,30,24.6,115,765,617,7,17.400000000000002,212,476,0,524,64.26,49.03,0.15,1007,4.6000000000000005,70,3,30.3773,23.8279
2022,9,9,10,30,25.900000000000002,122,817,760,8,17.3,273,436,0,613,58.97,38.7,0.15,1007,4.7,71,3,36.5836,28.7560
2022,9,9,11,30,26.6,127,841,846,0,17.3,158,767,4,814,56.56,31.2,0.15,1007,4.800000000000001,73,2.9000000000000004,49.2685,38.7625
2022,9,9,12,30,27,128,845,868,0,17.1,221,645,0,786,54.74,28.89,0.15,1007,4.800000000000001,75,2.8000000000000003,47.7382,37.5667
2022,9,9,13,30,27.200000000000003,126,834,826,8,16.900000000000002,389,251,0,600,53.300000000000004,32.93,0.15,1006,4.9,76,2.8000000000000003,36.2129,28.4857
2022,9,9,14,30,27.3,118,809,724,7,16.6,307,88,0,373,52.18,41.46,0.15,1006,4.9,77,2.8000000000000003,22.1163,17.3765
2022,9,9,15,30,26.900000000000002,105,758,569,7,16.5,242,200,0,364,52.82,52.28,0.15,1006,4.800000000000001,79,2.7,20.8436,16.3339
2022,9,9,16,30,25.900000000000002,87,667,378,7,16.400000000000002,177,61,0,204,55.75,64.15,0.15,1006,4.9,81,2.4000000000000004,10.9484,8.5277
2022,9,9,17,30,24.3,61,484,174,5,16.900000000000002,88,31,0,95,63.39,76.46000000000001,0.15,1007,4.9,82,1.9000000000000001,4.5904,3.5183
2022,9,9,18,30,22.900000000000002,13,78,15,8,17.7,7,0,71,7,72.62,88.62,0.15,1007,5.1000000000000005,82,1.6,0.0000,0.0000
2022,9,9,19,30,22.3,0,0,0,7,18.3,0,0,0,0,78.23,101.23,0.15,1008,5.300000000000001,78,1.5,0.0000,0.0000
2022,9,9,20,30,21.900000000000002,0,0,0,7,19,0,0,0,0,83.44,113.01,0.15,1008,5.6000000000000005,71,1.6,0.0000,0.0000
2022,9,9,21,30,21.700000000000003,0,0,0,7,19.6,0,0,0,0,87.78,123.87,0.15,1008,5.800000000000001,63,1.7000000000000002,0.0000,0.0000
2022,9,9,22,30,21.5,0,0,0,7,20.1,0,0,0,0,91.84,133.02,0.15,1008,5.800000000000001,56,1.8,0.0000,0.0000
2022,9,9,23,30,21.5,0,0,0,6,20.5,0,0,43,0,94.3,139.24,0.15,1008,5.9,54,1.9000000000000001,0.0000,0.0000
2022,9,10,0,30,21.5,0,0,0,7,20.900000000000002,0,0,14,0,96.27,141.05,0.15,1008,6,57,1.9000000000000001,0.0000,0.0000
2022,9,10,1,30,21.700000000000003,0,0,0,7,21.200000000000003,0,0,0,0,97.15,137.88,0.15,1008,6,61,1.9000000000000001,0.0000,0.0000
2022,9,10,2,30,21.8,0,0,0,7,21.5,0,0,14,0,98.15,130.68,0.15,1008,6.1000000000000005,68,2.1,0.0000,0.0000
2022,9,10,3,30,22,0,0,0,7,21.700000000000003,0,0,0,0,98.04,120.95,0.15,1008,6.1000000000000005,79,2.4000000000000004,0.0000,0.0000
2022,9,10,4,30,22,0,0,0,7,21.8,0,0,0,0,98.51,109.78,0.15,1008,6,84,2.4000000000000004,0.0000,0.0000
2022,9,10,5,30,22,0,0,0,7,21.8,0,0,0,0,98.57000000000001,97.83,0.15,1009,6,84,2.2,0.0000,0.0000
2022,9,10,6,30,22.400000000000002,31,169,45,7,21.900000000000002,12,0,100,12,96.89,85.33,0.15,1009,5.9,86,2.1,0.0000,0.0000
2022,9,10,7,30,23.200000000000003,73,524,226,8,22.400000000000002,58,3,11,59,95.07000000000001,73.02,0.15,1009,5.9,89,1.9000000000000001,2.9376,2.2651
2022,9,10,8,30,24.400000000000002,91,698,431,7,23.200000000000003,117,5,4,119,92.78,60.82,0.15,1010,5.800000000000001,98,1.7000000000000002,6.5285,5.0966
2022,9,10,9,30,25.900000000000002,110,765,610,7,23.900000000000002,125,3,0,127,88.9,49.21,0.15,1010,5.800000000000001,120,1.6,7.3578,5.7711
2022,9,10,10,30,27.3,130,793,747,0,24.5,135,516,14,536,84.64,38.94,0.15,1010,5.7,149,1.7000000000000002,31.9712,25.1296
2022,9,10,11,30,28.5,126,834,837,0,24.3,126,834,0,837,78.11,31.52,0.15,1010,5.6000000000000005,176,1.8,50.6349,39.8362
2022,9,10,12,30,29.1,123,846,861,0,24,212,523,0,668,74.2,29.28,0.15,1010,5.6000000000000005,196,2,40.5488,31.9080
2022,9,10,13,30,29.400000000000002,117,842,821,0,23.900000000000002,223,623,0,744,72.34,33.3,0.15,1010,5.5,208,2.1,44.8754,35.2983
2022,9,10,14,30,29.3,106,823,720,8,23.700000000000003,319,186,4,458,72.02,41.800000000000004,0.15,1010,5.5,213,2,27.1330,21.3167
2022,9,10,15,30,28.8,94,777,566,7,23.6,220,315,0,411,73.34,52.59,0.15,1010,5.4,214,1.7000000000000002,23.5050,18.4176
2022,9,10,16,30,28,79,683,374,7,23.700000000000003,175,190,0,257,77.39,64.44,0.15,1010,5.4,213,1.3,13.7642,10.7185
2022,9,10,17,30,26.8,57,493,170,7,24.200000000000003,98,72,0,115,85.64,76.74,0.15,1010,5.4,209,0.8,5.5455,4.2481
2022,9,10,18,30,25.900000000000002,11,77,13,7,24.1,7,0,71,7,89.59,88.88,0.15,1011,5.300000000000001,190,0.6000000000000001,0.0000,0.0000
2022,9,10,19,30,25.400000000000002,0,0,0,7,23.1,0,0,0,0,87.3,101.52,0.15,1011,5.4,136,0.6000000000000001,0.0000,0.0000
2022,9,10,20,30,24.400000000000002,0,0,0,9,23.3,0,0,0,0,93.67,113.33,0.15,1011,5.4,95,0.7000000000000001,0.0000,0.0000
2022,9,10,21,30,23.8,0,0,0,6,23.5,0,0,0,0,97.94,124.2,0.15,1011,5.5,92,0.7000000000000001,0.0000,0.0000
2022,9,10,22,30,23.6,0,0,0,7,23.400000000000002,0,0,0,0,98.88,133.39000000000001,0.15,1011,5.5,97,0.8,0.0000,0.0000
2022,9,10,23,30,23.400000000000002,0,0,0,8,23.400000000000002,0,0,29,0,99.94,139.63,0.15,1011,5.6000000000000005,108,0.7000000000000001,0.0000,0.0000
2022,9,11,0,30,23.200000000000003,0,0,0,5,23.200000000000003,0,0,0,0,100,141.43,0.15,1011,5.6000000000000005,123,0.7000000000000001,0.0000,0.0000
2022,9,11,1,30,23.1,0,0,0,4,23.1,0,0,0,0,100,138.20000000000002,0.15,1011,5.7,140,0.7000000000000001,0.0000,0.0000
2022,9,11,2,30,23.1,0,0,0,5,23.1,0,0,0,0,100,130.94,0.15,1011,5.7,157,0.7000000000000001,0.0000,0.0000
2022,9,11,3,30,23.200000000000003,0,0,0,3,23.200000000000003,0,0,0,0,100,121.15,0.15,1011,5.6000000000000005,170,0.8,0.0000,0.0000
2022,9,11,4,30,23.1,0,0,0,3,23.1,0,0,0,0,100,109.95,0.15,1011,5.5,179,0.7000000000000001,0.0000,0.0000
2022,9,11,5,30,23.1,0,0,0,3,23.1,0,0,0,0,99.99000000000001,97.97,0.15,1011,5.4,185,0.7000000000000001,0.0000,0.0000
2022,9,11,6,30,23.900000000000002,29,208,45,3,23.3,27,38,82,30,96.24000000000001,85.46000000000001,0.15,1011,5.300000000000001,197,1,0.0000,0.0000
2022,9,11,7,30,25.5,67,552,227,0,24.3,78,476,0,216,93.13,73.16,0.15,1011,5.1000000000000005,216,1.3,10.7405,8.2800
2022,9,11,8,30,27.1,88,710,432,4,24.8,185,13,0,191,87.46000000000001,60.980000000000004,0.15,1012,5,229,1.5,10.4683,8.1714
2022,9,11,9,30,28.5,100,793,616,3,23.200000000000003,336,153,0,436,73.01,49.4,0.15,1012,5,228,1.5,25.2427,19.7983
2022,9,11,10,30,29.700000000000003,107,840,758,3,22.700000000000003,317,330,7,573,66.02,39.19,0.15,1011,5,224,1.6,34.1590,26.8481
2022,9,11,11,30,30.6,107,867,844,8,22.5,333,320,0,605,61.910000000000004,31.84,0.15,1011,5,220,1.7000000000000002,36.5810,28.7786
2022,9,11,12,30,31,118,857,863,8,22.200000000000003,368,254,36,589,59.58,29.66,0.15,1010,5.1000000000000005,219,1.8,35.7337,28.1180
2022,9,11,13,30,31.1,129,825,816,8,22,363,274,0,591,58.44,33.68,0.15,1009,5.1000000000000005,219,2,35.6233,28.0196
2022,9,11,14,30,30.8,123,794,712,0,21.900000000000002,168,674,7,668,59.1,42.14,0.15,1009,5.1000000000000005,220,2,39.5395,31.0618
2022,9,11,15,30,30.200000000000003,113,735,556,8,21.900000000000002,172,557,0,508,61.36,52.9,0.15,1008,5.1000000000000005,220,1.9000000000000001,29.0149,22.7325
2022,9,11,16,30,29.1,94,632,364,7,22.1,184,217,0,277,66.19,64.73,0.15,1008,5.1000000000000005,219,1.7000000000000002,14.8041,11.5257
2022,9,11,17,30,27.400000000000002,64,433,161,7,22.900000000000002,98,150,0,132,76.34,77.02,0.15,1008,5.1000000000000005,217,1.3,6.3530,4.8642
2022,9,11,18,30,25.900000000000002,9,48,10,8,23.200000000000003,7,0,57,7,85.29,89.13,0.15,1008,5.1000000000000005,216,1.1,0.0000,0.0000
2022,9,11,19,30,25.3,0,0,0,7,22.8,0,0,0,0,86.21000000000001,101.82000000000001,0.15,1009,5.1000000000000005,216,1.1,0.0000,0.0000
2022,9,11,20,30,24.900000000000002,0,0,0,7,22.700000000000003,0,0,0,0,87.84,113.64,0.15,1009,5.1000000000000005,218,1.1,0.0000,0.0000
2022,9,11,21,30,24.5,0,0,0,8,22.8,0,0,0,0,90.12,124.54,0.15,1009,5.1000000000000005,220,1.1,0.0000,0.0000
2022,9,11,22,30,24.200000000000003,0,0,0,5,22.8,0,0,0,0,91.73,133.76,0.15,1008,5.1000000000000005,224,1.1,0.0000,0.0000
2022,9,11,23,30,23.900000000000002,0,0,0,4,22.8,0,0,29,0,93.53,140.02,0.15,1008,5.2,227,1,0.0000,0.0000
2022,9,12,0,30,23.700000000000003,0,0,0,8,22.8,0,0,0,0,94.82000000000001,141.8,0.15,1007,5.2,231,1,0.0000,0.0000
2022,9,12,1,30,23.5,0,0,0,8,22.900000000000002,0,0,0,0,96.18,138.52,0.15,1007,5.1000000000000005,233,0.9,0.0000,0.0000
2022,9,12,2,30,23.200000000000003,0,0,0,7,22.900000000000002,0,0,0,0,98.04,131.19,0.15,1007,5,233,0.8,0.0000,0.0000
2022,9,12,3,30,23,0,0,0,8,22.900000000000002,0,0,0,0,99.24000000000001,121.36,0.15,1006,4.9,226,0.8,0.0000,0.0000
2022,9,12,4,30,22.8,0,0,0,7,22.8,0,0,0,0,100,110.11,0.15,1006,4.800000000000001,217,0.8,0.0000,0.0000
2022,9,12,5,30,22.900000000000002,0,0,0,8,22.900000000000002,0,0,0,0,100,98.12,0.15,1006,4.7,210,0.9,0.0000,0.0000
2022,9,12,6,30,23.6,29,199,44,0,23,29,199,0,44,96.67,85.60000000000001,0.15,1006,4.7,205,1.2000000000000002,0.0000,0.0000
2022,9,12,7,30,24.900000000000002,68,552,227,0,23.400000000000002,68,552,0,227,91.39,73.3,0.15,1006,4.6000000000000005,209,1.4000000000000001,11.2728,8.6884
2022,9,12,8,30,26.400000000000002,85,720,433,0,24,85,720,0,433,86.88,61.14,0.15,1006,4.6000000000000005,220,1.5,23.7083,18.5047
2022,9,12,9,30,28,95,805,617,0,23.900000000000002,95,805,0,617,78.58,49.59,0.15,1006,4.6000000000000005,224,1.7000000000000002,35.6975,27.9968
2022,9,12,10,30,29.200000000000003,103,848,758,0,23.3,103,848,0,758,70.66,39.44,0.15,1005,4.6000000000000005,220,1.9000000000000001,45.1619,35.4948
2022,9,12,11,30,29.900000000000002,108,869,844,0,22.900000000000002,151,683,0,729,66.3,32.17,0.15,1005,4.6000000000000005,215,2.1,44.0548,34.6571
2022,9,12,12,30,30.1,109,875,866,0,22.6,146,771,0,813,64.4,30.05,0.15,1004,4.6000000000000005,212,2.2,49.2949,38.7876
2022,9,12,13,30,30.1,107,864,823,3,22.5,270,375,7,581,63.96,34.06,0.15,1004,4.7,211,2.3000000000000003,34.9969,27.5256
2022,9,12,14,30,29.8,105,830,717,7,22.5,277,329,0,520,64.86,42.49,0.15,1003,4.7,209,2.3000000000000003,30.7512,24.1564
2022,9,12,15,30,29.3,98,768,558,7,22.6,244,190,0,358,67.23,53.21,0.15,1003,4.9,208,2.2,20.4208,15.9975
2022,9,12,16,30,28.400000000000002,88,650,362,7,22.900000000000002,172,188,0,251,72.31,65.03,0.15,1002,5,205,2,13.3850,10.4182
2022,9,12,17,30,27.1,63,426,157,7,23.5,56,21,0,61,80.85000000000001,77.31,0.15,1002,5.1000000000000005,203,1.7000000000000002,2.9304,2.2425
2022,9,12,18,30,26,9,40,9,7,23.700000000000003,6,0,57,6,87.03,89.39,0.15,1003,5.1000000000000005,205,1.5,0.0000,0.0000
2022,9,12,19,30,25.5,0,0,0,6,23.700000000000003,0,0,0,0,89.82000000000001,102.11,0.15,1003,5.1000000000000005,211,1.5,0.0000,0.0000
2022,9,12,20,30,25.1,0,0,0,7,23.8,0,0,0,0,92.57000000000001,113.95,0.15,1003,4.9,221,1.5,0.0000,0.0000
2022,9,12,21,30,24.8,0,0,0,7,23.8,0,0,0,0,94.23,124.88000000000001,0.15,1003,4.7,235,1.4000000000000001,0.0000,0.0000
2022,9,12,22,30,24.3,0,0,0,7,23.6,0,0,0,0,96.12,134.13,0.15,1003,4.4,253,1.4000000000000001,0.0000,0.0000
2022,9,12,23,30,23.8,0,0,0,8,23.3,0,0,29,0,96.93,140.41,0.15,1003,4.1000000000000005,272,1.3,0.0000,0.0000
2022,9,13,0,30,23,0,0,0,8,22.5,0,0,0,0,96.91,142.18,0.15,1003,3.8000000000000003,289,1.3,0.0000,0.0000
2022,9,13,1,30,22.1,0,0,0,0,21.400000000000002,0,0,0,0,95.9,138.84,0.15,1003,3.7,300,1.2000000000000002,0.0000,0.0000
2022,9,13,2,30,21.3,0,0,0,0,20.3,0,0,0,0,93.77,131.45,0.15,1003,3.6,306,1.2000000000000002,0.0000,0.0000
2022,9,13,3,30,20.6,0,0,0,0,19.3,0,0,0,0,92.32000000000001,121.56,0.15,1004,3.4000000000000004,308,1.1,0.0000,0.0000
2022,9,13,4,30,20,0,0,0,0,18.7,0,0,0,0,91.97,110.28,0.15,1004,3.2,310,0.9,0.0000,0.0000
2022,9,13,5,30,19.6,0,0,0,0,18.2,0,0,0,0,91.64,98.27,0.15,1004,2.9000000000000004,313,1,0.0000,0.0000
2022,9,13,6,30,20,29,202,44,0,17.900000000000002,29,195,4,44,87.92,85.73,0.15,1005,2.6,315,1.1,0.0000,0.0000
2022,9,13,7,30,21.6,72,568,234,0,17.7,72,568,0,234,78.45,73.45,0.15,1005,2.4000000000000004,328,1.2000000000000002,11.6043,8.9416
2022,9,13,8,30,23.700000000000003,91,745,449,0,16.6,101,707,0,441,64.44,61.29,0.15,1006,2.2,340,1,24.1239,18.8273
2022,9,13,9,30,25.8,98,844,643,0,15.5,98,844,0,643,53.1,49.79,0.15,1006,2,314,0.8,37.1749,29.1538
2022,9,13,10,30,27.400000000000002,102,897,792,0,14.9,102,897,0,792,46.5,39.69,0.15,1006,2,278,0.9,47.1605,37.0642
2022,9,13,11,30,28.400000000000002,104,920,880,0,15.200000000000001,149,817,0,838,44.730000000000004,32.5,0.15,1006,2,263,1.1,50.6142,39.8158
2022,9,13,12,30,29,106,925,903,0,15.4,106,925,0,903,43.730000000000004,30.44,0.15,1005,2,256,1.3,54.7197,43.0545
2022,9,13,13,30,29.1,104,917,860,0,15.3,104,917,0,860,43.2,34.45,0.15,1005,1.9000000000000001,252,1.3,51.7660,40.7129
2022,9,13,14,30,28.900000000000002,98,892,752,0,15.100000000000001,98,892,0,752,43.15,42.83,0.15,1004,1.8,250,1.2000000000000002,44.4311,34.9003
2022,9,13,15,30,28.700000000000003,88,843,589,0,15.200000000000001,88,843,0,589,44,53.53,0.15,1004,1.8,250,1.1,33.5512,26.2808
2022,9,13,16,30,27.8,75,749,388,0,15.100000000000001,75,749,0,388,45.910000000000004,65.32000000000001,0.15,1004,1.7000000000000002,256,0.9,20.6461,16.0660
2022,9,13,17,30,25.8,52,557,172,0,15.700000000000001,52,557,0,172,53.84,77.59,0.15,1005,1.7000000000000002,263,0.8,8.2490,6.3093
2022,9,13,18,30,24.200000000000003,9,78,10,0,16.6,9,78,0,10,62.72,89.63,0.15,1005,1.6,273,0.9,0.0000,0.0000
2022,9,13,19,30,23.200000000000003,0,0,0,0,15,0,0,0,0,60.050000000000004,102.41,0.15,1006,1.6,286,1,0.0000,0.0000
2022,9,13,20,30,22.400000000000002,0,0,0,0,14.700000000000001,0,0,0,0,61.67,114.27,0.15,1006,1.6,301,1,0.0000,0.0000
2022,9,13,21,30,21.5,0,0,0,0,14.5,0,0,0,0,64.5,125.22,0.15,1007,1.7000000000000002,316,1.1,0.0000,0.0000
2022,9,13,22,30,20.6,0,0,0,0,14.4,0,0,0,0,67.75,134.5,0.15,1007,1.7000000000000002,330,1.1,0.0000,0.0000
2022,9,13,23,30,19.8,0,0,0,0,14.4,0,0,14,0,70.9,140.8,0.15,1007,1.7000000000000002,345,1,0.0000,0.0000
2022,9,14,0,30,19.1,0,0,0,0,14.4,0,0,0,0,74.12,142.55,0.15,1007,1.8,178,1,0.0000,0.0000
2022,9,14,1,30,18.6,0,0,0,0,14.4,0,0,0,0,76.7,139.16,0.15,1007,1.8,9,1,0.0000,0.0000
2022,9,14,2,30,18.2,0,0,0,0,14.5,0,0,0,0,79.26,131.7,0.15,1008,1.8,18,1,0.0000,0.0000
2022,9,14,3,30,17.7,0,0,0,0,14.700000000000001,0,0,0,0,82.49,121.76,0.15,1008,1.9000000000000001,23,1.1,0.0000,0.0000
2022,9,14,4,30,17.3,0,0,0,0,14.9,0,0,0,0,85.75,110.45,0.15,1008,1.9000000000000001,27,1.1,0.0000,0.0000
2022,9,14,5,30,17.1,0,0,0,0,15.200000000000001,0,0,0,0,88.51,98.42,0.15,1009,1.9000000000000001,31,1.2000000000000002,0.0000,0.0000
2022,9,14,6,30,18.1,27,241,44,0,15.5,27,241,0,44,85.01,85.86,0.15,1009,2,35,1.5,0.0000,0.0000
2022,9,14,7,30,20.6,66,599,235,0,16.2,66,599,0,235,75.75,73.59,0.15,1010,2,42,1.7000000000000002,11.6388,8.9662
2022,9,14,8,30,23.700000000000003,86,755,447,0,16.8,86,755,0,447,65.33,61.45,0.15,1010,2.1,52,1.9000000000000001,24.4276,19.0624
2022,9,14,9,30,26,100,832,635,0,16.5,100,832,0,635,55.96,49.980000000000004,0.15,1011,2.2,59,1.8,36.6869,28.7695
2022,9,14,10,30,27.5,109,872,778,0,16,109,872,0,778,49.620000000000005,39.94,0.15,1011,2.3000000000000003,57,1.5,46.3000,36.3864
2022,9,14,11,30,28.5,116,890,864,0,15.700000000000001,116,890,0,864,45.730000000000004,32.83,0.15,1010,2.3000000000000003,50,1.2000000000000002,52.1555,41.0269
2022,9,14,12,30,29.200000000000003,119,891,884,0,15.700000000000001,119,891,0,884,43.89,30.82,0.15,1010,2.4000000000000004,43,1,53.5371,42.1224
2022,9,14,13,30,29.5,119,874,836,0,15.700000000000001,119,874,0,836,43.26,34.83,0.15,1010,2.5,40,0.9,50.2861,39.5472
2022,9,14,14,30,29.400000000000002,114,842,728,0,15.700000000000001,114,842,0,728,43.5,43.18,0.15,1009,2.5,42,0.9,42.9728,33.7525
2022,9,14,15,30,29,112,759,560,0,15.8,158,561,0,489,44.67,53.85,0.15,1009,2.6,48,0.9,27.8161,21.7860
2022,9,14,16,30,28.1,104,612,357,3,16.1,166,28,0,178,48.03,65.62,0.15,1009,2.6,56,0.9,9.4502,7.3519
2022,9,14,17,30,26,69,388,150,3,17.1,70,2,0,70,58,77.88,0.15,1010,2.6,64,0.9,3.3519,2.5624
2022,9,14,18,30,23.400000000000002,7,28,7,3,18.400000000000002,4,0,57,4,73.73,89.87,0.15,1010,2.7,71,0.9,0.0000,0.0000
2022,9,14,19,30,22.1,0,0,0,3,17.3,0,0,0,0,74.25,102.71000000000001,0.15,1011,2.6,75,0.9,0.0000,0.0000
2022,9,14,20,30,21.200000000000003,0,0,0,3,16.900000000000002,0,0,0,0,76.7,114.58,0.15,1011,2.6,73,0.9,0.0000,0.0000
2022,9,14,21,30,20.400000000000002,0,0,0,0,16.8,0,0,0,0,79.83,125.56,0.15,1012,2.6,64,0.9,0.0000,0.0000
2022,9,14,22,30,19.6,0,0,0,0,16.6,0,0,0,0,82.72,134.87,0.15,1012,2.5,52,1,0.0000,0.0000
2022,9,14,23,30,19,0,0,0,0,16.3,0,0,0,0,84.27,141.20000000000002,0.15,1012,2.5,40,1,0.0000,0.0000
2022,9,15,0,30,18.400000000000002,0,0,0,0,15.9,0,0,0,0,85.16,142.93,0.15,1012,2.4000000000000004,33,1.1,0.0000,0.0000
2022,9,15,1,30,17.900000000000002,0,0,0,0,15.4,0,0,0,0,85.18,139.48,0.15,1013,2.4000000000000004,28,1.2000000000000002,0.0000,0.0000
2022,9,15,2,30,17.3,0,0,0,0,14.9,0,0,0,0,85.8,131.96,0.15,1013,2.3000000000000003,25,1.2000000000000002,0.0000,0.0000
2022,9,15,3,30,16.8,0,0,0,0,14.5,0,0,0,0,86.48,121.96000000000001,0.15,1013,2.3000000000000003,23,1.1,0.0000,0.0000
2022,9,15,4,30,16.3,0,0,0,0,14.3,0,0,0,0,87.77,110.62,0.15,1013,2.2,20,1.1,0.0000,0.0000
2022,9,15,5,30,16.1,0,0,0,0,14.100000000000001,0,0,0,0,88.22,98.56,0.15,1013,2.1,17,1.2000000000000002,0.0000,0.0000
2022,9,15,6,30,17.1,28,173,40,0,14.200000000000001,28,173,0,40,83.13,86,0.15,1014,2.1,13,1.4000000000000001,0.0000,0.0000
2022,9,15,7,30,19.6,75,538,226,0,14.600000000000001,75,538,0,226,72.83,73.73,0.15,1014,2,17,1.6,11.1786,8.6097
2022,9,15,8,30,22.8,100,711,438,0,15.100000000000001,100,711,0,438,61.88,61.620000000000005,0.15,1014,2,34,1.9000000000000001,23.9101,18.6566
2022,9,15,9,30,25.3,113,808,630,0,14.600000000000001,113,808,0,630,51.620000000000005,50.18,0.15,1014,2,47,2.1,36.3712,28.5203
2022,9,15,10,30,26.8,117,863,776,0,14.700000000000001,117,863,0,776,47.33,40.2,0.15,1014,2.1,51,2,46.1527,36.2692
2022,9,15,11,30,27.900000000000002,123,882,861,0,15,123,882,0,861,45.480000000000004,33.17,0.15,1014,2.2,54,1.9000000000000001,51.9442,40.8591
2022,9,15,12,30,28.700000000000003,123,887,882,0,15.3,123,887,0,882,44.25,31.21,0.15,1013,2.3000000000000003,57,1.8,53.3835,41.9999
2022,9,15,13,30,29.1,118,877,835,0,15.5,118,877,0,835,43.72,35.21,0.15,1012,2.3000000000000003,60,1.7000000000000002,50.1901,39.4699
2022,9,15,14,30,29.200000000000003,112,845,725,0,15.600000000000001,112,845,0,725,43.76,43.53,0.15,1012,2.3000000000000003,63,1.6,42.7550,33.5792
2022,9,15,15,30,28.8,103,784,562,0,15.700000000000001,103,784,0,562,45.11,54.17,0.15,1011,2.4000000000000004,67,1.5,31.9234,24.9999
2022,9,15,16,30,27.6,88,672,362,0,15.9,88,672,0,362,48.86,65.92,0.15,1011,2.4000000000000004,73,1.3,19.1749,14.9134
2022,9,15,17,30,25.200000000000003,59,451,151,0,17.7,59,451,0,151,63.02,78.17,0.15,1012,2.3000000000000003,85,1.1,7.2207,5.5171
2022,9,15,18,30,22.900000000000002,5,33,5,0,17.8,5,33,0,5,73.13,90.12,0.15,1012,2.3000000000000003,96,1,0.0000,0.0000
2022,9,15,19,30,21.8,0,0,0,0,16.900000000000002,0,0,0,0,73.61,103,0.15,1013,2.3000000000000003,101,1,0.0000,0.0000
2022,9,15,20,30,21,0,0,0,0,16.7,0,0,0,0,76.63,114.89,0.15,1014,2.3000000000000003,105,1,0.0000,0.0000
2022,9,15,21,30,20.400000000000002,0,0,0,0,16.6,0,0,0,0,78.96000000000001,125.9,0.15,1014,2.3000000000000003,107,1,0.0000,0.0000
2022,9,15,22,30,20,0,0,0,0,16.5,0,0,0,0,80.4,135.24,0.15,1014,2.3000000000000003,105,1,0.0000,0.0000
2022,9,15,23,30,19.700000000000003,0,0,0,0,16.400000000000002,0,0,0,0,81.39,141.59,0.15,1014,2.3000000000000003,97,1,0.0000,0.0000
2022,9,16,0,30,19.400000000000002,0,0,0,0,16.3,0,0,0,0,82.45,143.31,0.15,1014,2.3000000000000003,83,1,0.0000,0.0000
2022,9,16,1,30,18.900000000000002,0,0,0,0,16.3,0,0,0,0,84.88,139.8,0.15,1014,2.3000000000000003,68,1,0.0000,0.0000
2022,9,16,2,30,18.400000000000002,0,0,0,0,16.3,0,0,0,0,87.47,132.21,0.15,1014,2.3000000000000003,56,1,0.0000,0.0000
2022,9,16,3,30,17.8,0,0,0,0,16.3,0,0,0,0,90.75,122.17,0.15,1014,2.3000000000000003,49,0.9,0.0000,0.0000
2022,9,16,4,30,17.2,0,0,0,0,16.3,0,0,0,0,94.32000000000001,110.78,0.15,1014,2.3000000000000003,45,0.9,0.0000,0.0000
2022,9,16,5,30,17,0,0,0,0,16.3,0,0,0,0,95.78,98.71000000000001,0.15,1014,2.3000000000000003,43,0.8,0.0000,0.0000
2022,9,16,6,30,18.400000000000002,27,90,33,0,16.6,27,90,0,33,89.55,86.13,0.15,1015,2.4000000000000004,45,1.1,0.0000,0.0000
2022,9,16,7,30,21.1,102,382,208,0,17.1,102,382,0,208,77.99,73.88,0.15,1015,2.4000000000000004,52,1.3,10.2741,7.9110
2022,9,16,8,30,24.1,149,554,411,0,17.400000000000002,149,554,0,411,66.2,61.78,0.15,1015,2.5,64,1.5,22.4134,17.4870
2022,9,16,9,30,26.5,169,673,598,0,17.3,169,673,0,598,57.08,50.38,0.15,1015,2.5,73,1.7000000000000002,34.4981,27.0500
2022,9,16,10,30,27.8,172,753,745,0,17.400000000000002,172,753,0,745,53.26,40.46,0.15,1015,2.5,78,1.8,44.2816,34.7973
2022,9,16,11,30,28.700000000000003,181,777,829,0,17.6,181,777,0,829,50.99,33.5,0.15,1015,2.6,82,1.9000000000000001,49.9849,39.3165
2022,9,16,12,30,29.3,186,779,849,0,17.6,305,430,0,671,49.25,31.61,0.15,1014,2.6,84,1.8,40.5868,31.9307
2022,9,16,13,30,29.5,184,758,800,3,17.6,373,253,0,579,48.65,35.6,0.15,1014,2.6,87,1.8,34.7766,27.3472
2022,9,16,14,30,29.3,173,720,692,3,17.5,330,171,0,453,48.980000000000004,43.88,0.15,1013,2.6,91,1.7000000000000002,26.6886,20.9595
2022,9,16,15,30,28.8,156,647,532,0,17.400000000000002,205,392,0,433,50.24,54.49,0.15,1013,2.6,96,1.6,24.5605,19.2316
2022,9,16,16,30,27.6,127,522,337,0,17.3,130,463,0,317,53.42,66.22,0.15,1013,2.5,102,1.4000000000000001,16.7522,13.0256
2022,9,16,17,30,25.1,75,298,135,0,18.3,75,298,0,135,65.83,78.46000000000001,0.15,1013,2.4000000000000004,113,1.1,6.4481,4.9243
2022,9,16,18,30,22.700000000000003,4,11,4,0,18.5,4,11,0,4,77.3,90.97,0.15,1013,2.3000000000000003,124,0.8,0.0000,0.0000
2022,9,16,19,30,21.6,0,0,0,0,17.7,0,0,0,0,78.58,103.3,0.15,1014,2.2,128,0.8,0.0000,0.0000
2022,9,16,20,30,20.900000000000002,0,0,0,0,17.5,0,0,0,0,80.79,115.21000000000001,0.15,1014,2.1,132,0.9,0.0000,0.0000
2022,9,16,21,30,20.3,0,0,0,0,17.3,0,0,0,0,82.74,126.24000000000001,0.15,1014,2,135,0.9,0.0000,0.0000
2022,9,16,22,30,19.900000000000002,0,0,0,0,17,0,0,0,0,83.53,135.61,0.15,1014,2,136,1,0.0000,0.0000
2022,9,16,23,30,19.700000000000003,0,0,0,0,16.8,0,0,0,0,83.3,141.99,0.15,1014,2,135,1,0.0000,0.0000
2022,9,17,0,30,19.5,0,0,0,0,16.6,0,0,0,0,83.19,143.69,0.15,1014,1.9000000000000001,131,1,0.0000,0.0000
2022,9,17,1,30,19.3,0,0,0,0,16.400000000000002,0,0,0,0,83.31,140.12,0.15,1014,1.9000000000000001,121,0.9,0.0000,0.0000
2022,9,17,2,30,19,0,0,0,0,16.3,0,0,0,0,84.23,132.46,0.15,1014,1.9000000000000001,104,0.9,0.0000,0.0000
2022,9,17,3,30,18.400000000000002,0,0,0,0,16.2,0,0,0,0,87.06,122.37,0.15,1014,1.9000000000000001,78,0.8,0.0000,0.0000
2022,9,17,4,30,17.7,0,0,0,0,16.2,0,0,0,0,91.01,110.95,0.15,1014,2,51,0.9,0.0000,0.0000
2022,9,17,5,30,17.1,0,0,0,0,16.3,0,0,0,0,94.94,98.86,0.15,1015,2,36,0.9,0.0000,0.0000
2022,9,17,6,30,18.3,26,115,33,0,16.5,26,115,0,33,89.33,86.27,0.15,1015,2.1,33,1.1,0.0000,0.0000
2022,9,17,7,30,21.200000000000003,89,449,213,0,17.3,89,449,0,213,78.45,74.02,0.15,1015,2.1,41,1.2000000000000002,10.5076,8.0889
2022,9,17,8,30,24.200000000000003,123,631,420,0,17,123,631,0,420,64.31,61.95,0.15,1016,2.1,59,1.4000000000000001,22.8793,17.8485
2022,9,17,9,30,26.400000000000002,145,726,606,0,15.700000000000001,145,726,0,606,51.71,50.58,0.15,1016,2.2,74,1.8,34.9334,27.3897
2022,9,17,10,30,27.700000000000003,160,776,748,0,15.700000000000001,160,776,0,748,48.03,40.72,0.15,1016,2.2,80,2,44.4321,34.9140
2022,9,17,11,30,28.6,166,804,834,0,15.9,166,804,0,834,46.19,33.84,0.15,1015,2.2,86,2,50.2562,39.5284
2022,9,17,12,30,29.200000000000003,168,808,853,3,16,319,397,14,656,44.93,32,0.15,1015,2.3000000000000003,91,1.9000000000000001,39.6544,31.1959
2022,9,17,13,30,29.400000000000002,163,796,807,0,16,163,796,0,807,44.39,35.99,0.15,1014,2.3000000000000003,95,1.9000000000000001,48.4342,38.0853
2022,9,17,14,30,29.200000000000003,147,772,700,0,15.9,147,772,0,700,44.69,44.24,0.15,1013,2.3000000000000003,98,1.8,41.1991,32.3526
2022,9,17,15,30,28.6,127,717,540,0,15.9,134,697,0,536,46.160000000000004,54.81,0.15,1013,2.3000000000000003,99,1.8,30.3586,23.7687
2022,9,17,16,30,27.3,101,610,344,0,15.8,101,610,0,344,49.54,66.52,0.15,1013,2.3000000000000003,99,1.6,18.1363,14.0979
2022,9,17,17,30,24.700000000000003,62,392,138,0,17,62,392,0,138,62.4,78.75,0.15,1013,2.3000000000000003,100,1.1,6.5852,5.0267
2022,9,17,18,30,22.200000000000003,4,20,4,0,17.2,4,20,0,4,73.42,91.26,0.15,1013,2.3000000000000003,102,0.9,0.0000,0.0000
2022,9,17,19,30,21.1,0,0,0,0,16.3,0,0,0,0,74.14,103.60000000000001,0.15,1013,2.4000000000000004,101,0.9,0.0000,0.0000
2022,9,17,20,30,20.400000000000002,0,0,0,0,16.1,0,0,0,0,76.16,115.52,0.15,1014,2.4000000000000004,99,0.9,0.0000,0.0000
2022,9,17,21,30,19.8,0,0,0,0,16,0,0,0,0,78.60000000000001,126.58,0.15,1013,2.6,94,0.9,0.0000,0.0000
2022,9,17,22,30,19.3,0,0,0,0,16,0,0,0,0,81.13,135.99,0.15,1013,2.7,88,0.9,0.0000,0.0000
2022,9,17,23,30,19,0,0,0,0,16,0,0,0,0,82.74,142.38,0.15,1013,2.9000000000000004,79,0.9,0.0000,0.0000
2022,9,18,0,30,18.7,0,0,0,0,16,0,0,0,0,84.4,144.07,0.15,1013,3,70,1.1,0.0000,0.0000
2022,9,18,1,30,18.8,0,0,0,0,16.1,0,0,0,0,84.16,140.44,0.15,1012,3.2,65,1.3,0.0000,0.0000
2022,9,18,2,30,18.900000000000002,0,0,0,0,16.2,0,0,0,0,84.10000000000001,132.71,0.15,1012,3.4000000000000004,65,1.5,0.0000,0.0000
2022,9,18,3,30,19,0,0,0,0,16.400000000000002,0,0,0,0,84.68,122.57000000000001,0.15,1012,3.5,65,1.5,0.0000,0.0000
2022,9,18,4,30,18.900000000000002,0,0,0,0,16.8,0,0,0,0,87.87,111.12,0.15,1012,3.6,64,1.3,0.0000,0.0000
2022,9,18,5,30,19,0,0,0,0,17.400000000000002,0,0,0,0,90.39,99.01,0.15,1012,3.6,62,1.3,0.0000,0.0000
2022,9,18,6,30,19.900000000000002,24,72,29,0,17.900000000000002,24,72,0,29,88.12,86.41,0.15,1013,3.6,60,1.5,0.0000,0.0000
2022,9,18,7,30,22,97,374,199,0,18.5,97,374,0,199,80.36,74.17,0.15,1013,3.5,59,1.7000000000000002,9.8035,7.5450
2022,9,18,8,30,24.700000000000003,137,562,400,0,19.3,137,562,0,400,72.04,62.11,0.15,1013,3.5,64,1.8,21.7673,16.9792
2022,9,18,9,30,27,142,710,591,0,19.8,142,710,0,591,64.71000000000001,50.79,0.15,1013,3.5,69,2,34.0416,26.6888
2022,9,18,10,30,28.6,125,817,742,0,20,125,817,0,742,59.57,40.980000000000004,0.15,1013,3.6,71,2,44.0478,34.6105
2022,9,18,11,30,29.6,132,839,826,0,19.900000000000002,132,839,0,826,56.03,34.18,0.15,1013,3.6,72,2,49.7438,39.1238
2022,9,18,12,30,30.3,142,830,843,3,19.8,322,326,0,597,53.56,32.39,0.15,1012,3.6,74,2,36.0647,28.3708
2022,9,18,13,30,30.700000000000003,150,799,793,3,19.700000000000003,346,321,0,604,51.85,36.37,0.15,1011,3.6,76,2,36.2234,28.4822
2022,9,18,14,30,30.700000000000003,140,768,687,3,19.400000000000002,286,296,0,497,51.06,44.59,0.15,1010,3.5,76,2,29.2221,22.9458
2022,9,18,15,30,30.200000000000003,125,702,526,0,19.200000000000003,167,480,0,441,51.800000000000004,55.13,0.15,1010,3.4000000000000004,75,1.9000000000000001,24.9410,19.5246
2022,9,18,16,30,29,103,583,332,0,19,103,583,0,332,54.81,66.82000000000001,0.15,1010,3.3000000000000003,75,1.6,17.4619,13.5698
2022,9,18,17,30,26.8,64,353,131,0,19.8,64,353,0,131,65.54,79.04,0.15,1010,3.2,79,1.2000000000000002,6.2469,4.7663
2022,9,18,18,30,24.6,2,8,2,0,20.1,2,8,0,2,76.2,91.55,0.15,1010,3.2,85,0.9,0.0000,0.0000
2022,9,18,19,30,23.400000000000002,0,0,0,0,19.5,0,0,0,0,78.56,103.9,0.15,1010,3.1,90,0.9,0.0000,0.0000
2022,9,18,20,30,22.5,0,0,0,0,19.200000000000003,0,0,0,0,81.72,115.84,0.15,1010,3,95,0.9,0.0000,0.0000
2022,9,18,21,30,21.700000000000003,0,0,0,0,19.200000000000003,0,0,0,0,85.56,126.92,0.15,1010,3,97,0.8,0.0000,0.0000
2022,9,18,22,30,21.1,0,0,0,0,19.3,0,0,0,0,89.69,136.36,0.15,1010,3,92,0.8,0.0000,0.0000
2022,9,18,23,30,20.6,0,0,0,0,19.6,0,0,0,0,93.97,142.78,0.15,1010,3,84,0.9,0.0000,0.0000
2022,9,19,0,30,20.200000000000003,0,0,0,0,19.900000000000002,0,0,0,0,97.91,144.45000000000002,0.15,1010,3,74,0.9,0.0000,0.0000
2022,9,19,1,30,19.900000000000002,0,0,0,0,19.900000000000002,0,0,0,0,100,140.76,0.15,1010,3,64,0.9,0.0000,0.0000
2022,9,19,2,30,19.8,0,0,0,0,19.8,0,0,0,0,100,132.96,0.15,1010,3.1,56,0.9,0.0000,0.0000
2022,9,19,3,30,19.6,0,0,0,0,19.6,0,0,0,0,100,122.76,0.15,1009,3.1,49,1,0.0000,0.0000
2022,9,19,4,30,19.400000000000002,0,0,0,0,19.400000000000002,0,0,0,0,100,111.28,0.15,1010,3,43,1,0.0000,0.0000
2022,9,19,5,30,19.5,0,0,0,0,19.5,0,0,0,0,100,99.15,0.15,1010,3,35,1.1,0.0000,0.0000
2022,9,19,6,30,20.6,24,126,32,0,19.8,24,126,0,32,95.36,86.55,0.15,1010,3,28,1.4000000000000001,0.0000,0.0000
2022,9,19,7,30,23.1,77,492,210,0,19.900000000000002,77,492,0,210,82.03,74.32000000000001,0.15,1011,3,34,1.6,10.3313,7.9492
2022,9,19,8,30,26,102,677,417,0,20.5,102,677,0,417,71.86,62.28,0.15,1011,2.9000000000000004,45,1.7000000000000002,22.6673,17.6793
2022,9,19,9,30,28.200000000000003,113,780,604,0,20.1,113,780,0,604,61.620000000000005,50.99,0.15,1011,2.9000000000000004,45,1.8,34.7638,27.2534
2022,9,19,10,30,29.700000000000003,118,838,748,0,19.3,118,838,0,748,53.58,41.25,0.15,1010,3,41,1.7000000000000002,44.3744,34.8656
2022,9,19,11,30,30.8,122,864,834,0,18.7,122,864,0,834,48.59,34.52,0.15,1010,3,41,1.6,50.1945,39.4767
2022,9,19,12,30,31.6,126,863,852,0,18.3,126,863,0,852,45.2,32.78,0.15,1009,3,43,1.4000000000000001,51.4355,40.4607
2022,9,19,13,30,32.1,128,842,803,0,18,128,842,0,803,43,36.76,0.15,1008,3,43,1.3,48.1202,37.8346
2022,9,19,14,30,32.1,120,810,693,0,17.7,120,810,0,693,42.26,44.95,0.15,1007,3.1,45,1.2000000000000002,40.7038,31.9591
2022,9,19,15,30,31.700000000000003,106,751,532,0,17.5,106,751,0,532,42.81,55.45,0.15,1007,3.1,54,1,30.0423,23.5151
2022,9,19,16,30,31,86,641,335,0,17.400000000000002,86,641,0,335,44.24,67.13,0.15,1007,3.2,68,0.7000000000000001,17.5758,13.6542
2022,9,19,17,30,29.400000000000002,54,418,131,8,17.900000000000002,92,74,14,106,50.02,79.33,0.15,1007,3.2,102,0.5,5.0528,3.8536
2022,9,19,18,30,27.700000000000003,2,12,2,0,18.2,2,12,0,2,56.120000000000005,91.85000000000001,0.15,1007,3.2,149,0.5,0.0000,0.0000
2022,9,19,19,30,26.5,0,0,0,0,17.5,0,0,0,0,57.69,104.2,0.15,1008,3.3000000000000003,181,0.6000000000000001,0.0000,0.0000
2022,9,19,20,30,25.5,0,0,0,0,17.6,0,0,0,0,61.79,116.15,0.15,1008,3.2,204,0.7000000000000001,0.0000,0.0000
2022,9,19,21,30,24.5,0,0,0,0,17.6,0,0,0,0,65.54,127.27,0.15,1008,3.2,226,0.8,0.0000,0.0000
2022,9,19,22,30,23.5,0,0,0,0,17.6,0,0,0,0,69.56,136.73,0.15,1008,3.2,247,0.9,0.0000,0.0000
2022,9,19,23,30,22.6,0,0,0,0,17.5,0,0,0,0,73.02,143.17000000000002,0.15,1008,3.1,266,0.9,0.0000,0.0000
2022,9,20,0,30,21.700000000000003,0,0,0,0,17.2,0,0,0,0,75.83,144.83,0.15,1008,3.1,283,1,0.0000,0.0000
2022,9,20,1,30,20.8,0,0,0,0,16.900000000000002,0,0,0,0,78.14,141.07,0.15,1008,3,299,1,0.0000,0.0000
2022,9,20,2,30,20,0,0,0,0,16.3,0,0,0,0,79.41,133.21,0.15,1008,3,313,0.9,0.0000,0.0000
2022,9,20,3,30,19.400000000000002,0,0,0,0,15.8,0,0,0,0,79.67,122.96000000000001,0.15,1008,3,324,0.9,0.0000,0.0000
2022,9,20,4,30,19.1,0,0,0,0,15.5,0,0,0,0,79.69,111.45,0.15,1008,3,332,0.9,0.0000,0.0000
2022,9,20,5,30,19,0,0,0,0,15.600000000000001,0,0,0,0,80.76,99.3,0.15,1008,3,337,0.9,0.0000,0.0000
2022,9,20,6,30,20.6,23,168,33,0,16.2,23,168,0,33,75.89,86.68,0.15,1009,3,339,1.1,0.0000,0.0000
2022,9,20,7,30,23.400000000000002,67,549,214,0,16.8,67,549,0,214,66.54,74.47,0.15,1009,2.9000000000000004,337,1.1,10.5139,8.0875
2022,9,20,8,30,27,90,718,422,0,17.6,90,718,0,422,56.58,62.45,0.15,1009,2.9000000000000004,170,1.1,22.9135,17.8693
2022,9,20,9,30,30.3,97,821,611,0,17.400000000000002,97,821,0,611,46.01,51.2,0.15,1009,2.9000000000000004,14,1.1,35.1382,27.5451
2022,9,20,10,30,32,94,886,757,0,17.5,94,886,0,757,42.03,41.52,0.15,1008,2.9000000000000004,26,1,44.8781,35.2597
2022,9,20,11,30,33.1,98,905,841,0,18,98,905,0,841,40.85,34.87,0.15,1008,3,31,0.8,50.5830,39.7806
2022,9,20,12,30,33.800000000000004,108,893,855,0,18.1,108,893,0,855,39.45,33.18,0.15,1007,3.1,32,0.7000000000000001,51.5813,40.5736
2022,9,20,13,30,34.1,120,855,801,0,18,138,797,0,773,38.480000000000004,37.15,0.15,1006,3.2,28,0.6000000000000001,46.2855,36.3901
2022,9,20,14,30,33.9,120,807,688,0,17.900000000000002,120,807,0,688,38.800000000000004,45.300000000000004,0.15,1006,3.3000000000000003,20,0.6000000000000001,40.3685,31.6934
2022,9,20,15,30,33.300000000000004,115,726,523,0,18.1,115,726,0,523,40.57,55.78,0.15,1006,3.4000000000000004,14,0.6000000000000001,29.4877,23.0779
2022,9,20,16,30,32.300000000000004,97,595,325,0,18.900000000000002,100,573,0,320,44.980000000000004,67.43,0.15,1006,3.4000000000000004,13,0.6000000000000001,16.7478,13.0070
2022,9,20,17,30,30.6,60,356,124,0,20,60,356,0,124,53.26,79.62,0.15,1006,3.4000000000000004,17,0.7000000000000001,5.9103,4.5059
2022,9,20,18,30,29,2,7,2,0,20.700000000000003,2,7,0,2,60.99,92.14,0.15,1007,3.3000000000000003,30,0.7000000000000001,0.0000,0.0000
2022,9,20,19,30,28,0,0,0,0,19.700000000000003,0,0,0,0,60.82,104.49000000000001,0.15,1007,3.2,48,0.7000000000000001,0.0000,0.0000
2022,9,20,20,30,26.900000000000002,0,0,0,0,19.700000000000003,0,0,0,0,64.75,116.47,0.15,1007,3.1,65,0.7000000000000001,0.0000,0.0000
2022,9,20,21,30,26,0,0,0,0,19.6,0,0,0,0,68.04,127.61,0.15,1007,3,74,0.7000000000000001,0.0000,0.0000
2022,9,20,22,30,25.1,0,0,0,0,19.5,0,0,0,0,71.08,137.11,0.15,1007,3,64,0.6000000000000001,0.0000,0.0000
2022,9,20,23,30,24.1,0,0,0,0,19.3,0,0,0,0,74.66,143.57,0.15,1007,2.9000000000000004,40,0.6000000000000001,0.0000,0.0000
2022,9,21,0,30,23,0,0,0,0,19.200000000000003,0,0,0,0,79.06,145.21,0.15,1007,2.9000000000000004,20,0.6000000000000001,0.0000,0.0000
2022,9,21,1,30,22,0,0,0,0,19,0,0,0,0,83.14,141.39000000000001,0.15,1007,2.9000000000000004,13,0.7000000000000001,0.0000,0.0000
2022,9,21,2,30,21.3,0,0,0,0,18.8,0,0,0,0,85.7,133.46,0.15,1007,2.9000000000000004,15,0.9,0.0000,0.0000
2022,9,21,3,30,20.700000000000003,0,0,0,0,18.6,0,0,0,0,87.67,123.16,0.15,1007,2.9000000000000004,17,1,0.0000,0.0000
2022,9,21,4,30,20.200000000000003,0,0,0,0,18.400000000000002,0,0,0,0,89.33,111.61,0.15,1007,2.9000000000000004,15,1,0.0000,0.0000
2022,9,21,5,30,19.900000000000002,0,0,0,0,18.3,0,0,0,0,90.63,99.45,0.15,1008,2.8000000000000003,12,1.1,0.0000,0.0000
2022,9,21,6,30,20.8,22,159,31,0,18.3,22,159,0,31,85.61,86.82000000000001,0.15,1008,2.8000000000000003,11,1.3,0.0000,0.0000
2022,9,21,7,30,23.3,68,544,212,0,18.5,68,544,0,212,74.23,74.62,0.15,1009,2.8000000000000003,11,1.3,10.4017,7.9991
2022,9,21,8,30,27.200000000000003,88,722,420,0,19.1,88,722,0,420,61.2,62.63,0.15,1009,2.8000000000000003,28,1.2000000000000002,22.7778,17.7613
2022,9,21,9,30,30.6,101,810,606,0,18,101,810,0,606,46.83,51.410000000000004,0.15,1009,2.8000000000000003,46,1.3,34.8221,27.2956
2022,9,21,10,30,32.300000000000004,111,852,746,0,17.2,111,852,0,746,40.5,41.79,0.15,1009,2.8000000000000003,48,1.1,44.1959,34.7221
2022,9,21,11,30,33.300000000000004,114,876,830,0,17,114,876,0,830,37.76,35.21,0.15,1008,2.9000000000000004,54,1,49.8896,39.2336
2022,9,21,12,30,34,113,885,850,0,16.900000000000002,113,885,0,850,36.26,33.57,0.15,1007,3,63,0.9,51.2448,40.3072
2022,9,21,13,30,34.300000000000004,106,879,803,0,16.900000000000002,106,879,0,803,35.59,37.54,0.15,1006,3,73,0.9,48.0428,37.7696
2022,9,21,14,30,34.300000000000004,100,849,693,0,16.8,100,849,0,693,35.25,45.660000000000004,0.15,1006,3,86,0.8,40.6181,31.8869
2022,9,21,15,30,33.7,96,773,527,0,16.6,96,773,0,527,36.08,56.1,0.15,1005,3,99,0.8,29.6673,23.2153
2022,9,21,16,30,32.6,86,634,326,0,17,86,634,0,326,39.27,67.73,0.15,1005,3,113,0.7000000000000001,17.0197,13.2141
2022,9,21,17,30,29.900000000000002,53,400,123,0,17.6,53,400,0,123,47.730000000000004,79.91,0.15,1005,2.9000000000000004,134,0.8,5.8641,4.4692
2022,9,21,18,30,26.8,1,9,1,0,19.5,1,9,0,1,64.39,92.43,0.15,1006,2.9000000000000004,152,0.9,0.0000,0.0000
2022,9,21,19,30,25.3,0,0,0,0,18.7,0,0,0,0,66.95,104.79,0.15,1006,2.8000000000000003,162,1,0.0000,0.0000
2022,9,21,20,30,24.400000000000002,0,0,0,0,18.6,0,0,0,0,70.3,116.78,0.15,1006,2.8000000000000003,171,1,0.0000,0.0000
2022,9,21,21,30,23.700000000000003,0,0,0,0,19,0,0,0,0,74.81,127.94,0.15,1006,2.8000000000000003,180,1.1,0.0000,0.0000
2022,9,21,22,30,23,0,0,0,0,19.400000000000002,0,0,0,0,80.4,137.48,0.15,1006,2.7,192,1.1,0.0000,0.0000
2022,9,21,23,30,22.3,0,0,0,0,20,0,0,0,0,86.59,143.97,0.15,1006,2.7,206,1,0.0000,0.0000
2022,9,22,0,30,21.6,0,0,0,0,20.3,0,0,0,0,92.45,145.59,0.15,1006,2.7,221,1,0.0000,0.0000
2022,9,22,1,30,21.1,0,0,0,0,20.400000000000002,0,0,0,0,95.58,141.71,0.15,1005,2.6,234,1,0.0000,0.0000
2022,9,22,2,30,20.6,0,0,0,0,20.1,0,0,0,0,96.76,133.71,0.15,1005,2.5,245,1.1,0.0000,0.0000
2022,9,22,3,30,20.1,0,0,0,0,19.5,0,0,0,0,96.2,123.36,0.15,1005,2.5,252,1.1,0.0000,0.0000
2022,9,22,4,30,19.6,0,0,0,0,18.8,0,0,0,0,94.94,111.78,0.15,1004,2.4000000000000004,257,1.1,0.0000,0.0000
2022,9,22,5,30,19.3,0,0,0,0,18.1,0,0,0,0,92.96000000000001,99.60000000000001,0.15,1004,2.4000000000000004,259,1.1,0.0000,0.0000
2022,9,22,6,30,20.400000000000002,21,165,30,0,17.7,21,165,0,30,84.45,86.96000000000001,0.15,1004,2.4000000000000004,257,1.4000000000000001,0.0000,0.0000
2022,9,22,7,30,23.1,66,549,210,0,17.6,101,279,0,174,71.19,74.77,0.15,1004,2.5,249,1.4000000000000001,8.5258,6.5548
2022,9,22,8,30,26.6,90,716,417,0,18.1,90,716,0,417,59.59,62.800000000000004,0.15,1004,2.6,245,1.4000000000000001,22.5895,17.6124
2022,9,22,9,30,30.700000000000003,105,799,601,0,17.900000000000002,105,799,0,601,46.300000000000004,51.63,0.15,1004,2.8000000000000003,258,1.7000000000000002,34.5049,27.0451
2022,9,22,10,30,33.800000000000004,114,843,740,0,16.5,114,843,0,740,35.63,42.06,0.15,1003,2.9000000000000004,274,1.9000000000000001,43.8102,34.4174
2022,9,22,11,30,35.4,121,861,821,0,16.8,121,861,0,821,33.27,35.56,0.15,1002,3.1,282,2,49.3157,38.7805
2022,9,22,12,30,36.2,125,856,835,0,17.5,125,856,0,835,33.21,33.97,0.15,1001,3.3000000000000003,285,2.1,50.3048,39.5660
2022,9,22,13,30,36.5,132,822,780,0,17.8,132,822,0,780,33.410000000000004,37.93,0.15,1000,3.6,287,2.2,46.6281,36.6555
2022,9,22,14,30,36.1,136,760,664,0,18,136,760,0,664,34.56,46.01,0.15,999,4,291,2.2,38.8770,30.5176
2022,9,22,15,30,35,130,668,499,7,18.5,244,191,0,350,37.88,56.43,0.15,999,4.4,296,2,19.6712,15.3910
2022,9,22,16,30,33.2,107,525,303,4,19.6,52,1,0,52,44.68,68.04,0.15,999,4.7,304,1.6,2.7078,2.1016
2022,9,22,17,30,31,60,287,109,4,21.5,34,0,29,34,56.89,80.2,0.15,999,4.800000000000001,316,1.4000000000000001,0.0000,0.0000
2022,9,22,18,30,29.400000000000002,0,0,0,0,21,0,0,7,0,60.660000000000004,92.72,0.15,1000,4.800000000000001,331,1.9000000000000001,0.0000,0.0000
2022,9,22,19,30,28.1,0,0,0,0,20.400000000000002,0,0,0,0,62.870000000000005,105.09,0.16,1002,4.4,343,2.7,0.0000,0.0000
2022,9,22,20,30,26.200000000000003,0,0,0,0,19,0,0,0,0,64.76,117.09,0.16,1003,3.5,354,2.9000000000000004,0.0000,0.0000
2022,9,22,21,30,24.400000000000002,0,0,0,0,16.7,0,0,0,0,62.39,128.28,0.16,1004,2.7,183,2.7,0.0000,0.0000
2022,9,22,22,30,23,0,0,0,0,14,0,0,0,0,56.78,137.85,0.16,1005,2,11,2.7,0.0000,0.0000
2022,9,22,23,30,21.400000000000002,0,0,0,0,11,0,0,0,0,51.56,144.37,0.16,1006,1.6,16,2.8000000000000003,0.0000,0.0000
2022,9,23,0,30,19.900000000000002,0,0,0,0,9.200000000000001,0,0,0,0,50.04,145.97,0.16,1007,1.4000000000000001,19,2.7,0.0000,0.0000
2022,9,23,1,30,18.6,0,0,0,0,8.3,0,0,0,0,51.050000000000004,142.02,0.16,1008,1.2000000000000002,22,2.4000000000000004,0.0000,0.0000
2022,9,23,2,30,17.400000000000002,0,0,0,0,7.800000000000001,0,0,0,0,53.19,133.96,0.16,1008,1.1,22,2.2,0.0000,0.0000
2022,9,23,3,30,16.400000000000002,0,0,0,0,7.7,0,0,0,0,56.53,123.55,0.16,1009,1.1,22,1.9000000000000001,0.0000,0.0000
2022,9,23,4,30,15.600000000000001,0,0,0,0,7.800000000000001,0,0,0,0,59.88,111.94,0.16,1009,1.1,21,1.7000000000000002,0.0000,0.0000
2022,9,23,5,30,15,0,0,0,0,8,0,0,0,0,62.910000000000004,99.75,0.16,1010,1,20,1.6,0.0000,0.0000
2022,9,23,6,30,15.700000000000001,22,236,34,0,8.1,22,236,0,34,60.53,87.09,0.16,1011,1,22,2,0.0000,0.0000
2022,9,23,7,30,17.400000000000002,54,678,230,0,7.800000000000001,54,678,0,230,53.44,74.92,0.16,1012,1,28,2.7,11.2549,8.6506
2022,9,23,8,30,19.400000000000002,70,837,450,0,7,70,837,0,450,44.480000000000004,62.97,0.16,1012,1,36,2.8000000000000003,24.3493,18.9822
2022,9,23,9,30,21.400000000000002,77,918,644,0,6.6000000000000005,77,918,0,644,38.25,51.84,0.16,1012,1,40,2.5,36.9428,28.9539
2022,9,23,10,30,23.400000000000002,81,962,792,0,6.300000000000001,81,962,0,792,33.31,42.34,0.16,1012,1,40,2.1,46.8548,36.8074
2022,9,23,11,30,25.1,84,981,879,0,6,84,981,0,879,29.38,35.9,0.16,1012,1,38,1.7000000000000002,52.7648,41.4911
2022,9,23,12,30,26.5,87,981,897,0,5.5,87,981,0,897,26.14,34.36,0.16,1011,1,35,1.5,54.0020,42.4719
2022,9,23,13,30,27.3,88,962,843,0,4.9,88,962,0,843,23.93,38.32,0.16,1010,1.1,32,1.3,50.3519,39.5805
2022,9,23,14,30,27.5,84,934,728,0,4.4,84,934,0,728,22.85,46.37,0.16,1010,1.1,28,1.1,42.5768,33.4192
2022,9,23,15,30,27.200000000000003,76,880,558,0,4.1000000000000005,76,880,0,558,22.73,56.75,0.16,1009,1.1,26,1,31.3115,24.4950
2022,9,23,16,30,26.1,63,776,349,0,4.2,63,776,0,349,24.44,68.34,0.16,1010,1.1,27,0.9,18.1274,14.0650
2022,9,23,17,30,23.400000000000002,42,540,131,0,7,42,540,0,131,34.88,80.49,0.16,1010,1.1,35,0.9,0.0000,0.0000
2022,9,23,18,30,20.700000000000003,0,0,0,0,8.5,0,0,0,0,45.46,93.01,0.16,1010,1.1,48,1.1,0.0000,0.0000
2022,9,23,19,30,18.900000000000002,0,0,0,0,7.7,0,0,0,0,48.25,105.39,0.16,1011,1.2000000000000002,63,1.2000000000000002,0.0000,0.0000
2022,9,23,20,30,17.5,0,0,0,0,7.9,0,0,0,0,53.28,117.41,0.16,1011,1.2000000000000002,74,1.1,0.0000,0.0000
2022,9,23,21,30,16.400000000000002,0,0,0,0,8,0,0,0,0,57.53,128.62,0.16,1012,1.2000000000000002,84,1,0.0000,0.0000
2022,9,23,22,30,15.5,0,0,0,0,8.1,0,0,0,0,61.2,138.23,0.16,1012,1.3,92,0.9,0.0000,0.0000
2022,9,23,23,30,14.8,0,0,0,0,8.3,0,0,0,0,65.08,144.77,0.16,1012,1.3,96,0.9,0.0000,0.0000
2022,9,24,0,30,14.100000000000001,0,0,0,0,8.6,0,0,0,0,69.38,146.35,0.16,1012,1.4000000000000001,99,0.9,0.0000,0.0000
2022,9,24,1,30,13.5,0,0,0,0,8.9,0,0,0,0,73.73,142.34,0.16,1012,1.4000000000000001,100,0.9,0.0000,0.0000
2022,9,24,2,30,13,0,0,0,0,9.3,0,0,0,0,78.02,134.2,0.16,1012,1.4000000000000001,100,0.8,0.0000,0.0000
2022,9,24,3,30,12.600000000000001,0,0,0,0,9.600000000000001,0,0,0,0,81.99,123.75,0.16,1012,1.5,101,0.9,0.0000,0.0000
2022,9,24,4,30,12.3,0,0,0,0,9.9,0,0,0,0,85.23,112.11,0.16,1012,1.5,99,0.9,0.0000,0.0000
2022,9,24,5,30,12.3,0,0,0,0,10.100000000000001,0,0,0,0,86.42,99.89,0.16,1013,1.5,89,0.9,0.0000,0.0000
2022,9,24,6,30,13.700000000000001,21,193,30,0,10.4,21,193,0,30,80.47,87.23,0.16,1013,1.6,67,0.9,0.0000,0.0000
2022,9,24,7,30,16.7,57,624,218,0,10.9,57,624,0,218,68.47,75.08,0.16,1014,1.7000000000000002,44,0.7000000000000001,10.6528,8.1855
2022,9,24,8,30,20.900000000000002,75,788,431,0,10.5,75,788,0,431,51.370000000000005,63.15,0.16,1014,1.7000000000000002,129,0.30000000000000004,23.2928,18.1563
2022,9,24,9,30,24.5,86,868,620,0,7,86,868,0,620,32.65,52.06,0.16,1014,1.8,273,0.1,35.5346,27.8483
2022,9,24,10,30,26.200000000000003,93,910,763,0,6.2,93,910,0,763,27.95,42.62,0.16,1013,1.8,314,0.1,45.1061,35.4319
2022,9,24,11,30,27.5,97,929,846,0,6.2,97,929,0,846,25.85,36.25,0.16,1012,1.9000000000000001,254,0.1,50.7489,39.9041
2022,9,24,12,30,28.400000000000002,98,930,862,0,6.300000000000001,98,930,0,862,24.72,34.76,0.16,1011,2,192,0.30000000000000004,51.8567,40.7828
2022,9,24,13,30,29,96,917,812,0,6.4,96,917,0,812,24.05,38.71,0.16,1010,2,182,0.5,48.4588,38.0902
2022,9,24,14,30,29.1,90,885,697,0,6.5,90,885,0,697,24.060000000000002,46.730000000000004,0.16,1010,2,185,0.6000000000000001,40.7177,31.9573
2022,9,24,15,30,28.700000000000003,82,824,530,0,6.7,82,824,0,530,24.990000000000002,57.08,0.16,1009,2.1,188,0.7000000000000001,29.6906,23.2236
2022,9,24,16,30,27.6,68,708,326,0,7.1000000000000005,68,708,0,326,27.34,68.64,0.16,1009,2.2,189,0.7000000000000001,16.8895,13.1002
2022,9,24,17,30,25,44,457,117,0,9.8,44,457,0,117,38.36,80.78,0.16,1009,2.3000000000000003,183,0.9,0.0000,0.0000
2022,9,24,18,30,22,0,0,0,0,11.3,0,0,0,0,50.61,93.3,0.16,1009,2.5,179,1.1,0.0000,0.0000
2022,9,24,19,30,20.400000000000002,0,0,0,0,10.9,0,0,0,0,54.28,105.68,0.16,1009,2.6,183,1.1,0.0000,0.0000
2022,9,24,20,30,19.5,0,0,0,0,10.9,0,0,0,0,57.42,117.72,0.16,1009,2.8000000000000003,190,1.2000000000000002,0.0000,0.0000
2022,9,24,21,30,19.1,0,0,0,0,11.5,0,0,0,0,61.2,128.96,0.16,1009,2.9000000000000004,197,1.3,0.0000,0.0000
2022,9,24,22,30,18.7,0,0,0,0,12.3,0,0,0,0,66.37,138.6,0.16,1009,3,204,1.3,0.0000,0.0000
2022,9,24,23,30,18,0,0,0,0,13.100000000000001,0,0,0,0,73.21000000000001,145.16,0.16,1009,3,214,1.2000000000000002,0.0000,0.0000
2022,9,25,0,30,17.400000000000002,0,0,0,0,13.700000000000001,0,0,0,0,79.12,146.73,0.16,1008,3.1,222,1.1,0.0000,0.0000
2022,9,25,1,30,17,0,0,0,3,14.3,0,0,0,0,83.95,142.65,0.16,1008,3.2,230,1.1,0.0000,0.0000
2022,9,25,2,30,16.900000000000002,0,0,0,0,14.700000000000001,0,0,0,0,87.01,134.45,0.16,1008,3.3000000000000003,236,1,0.0000,0.0000
2022,9,25,3,30,16.900000000000002,0,0,0,0,15.100000000000001,0,0,0,0,89.27,123.94,0.16,1008,3.4000000000000004,242,1,0.0000,0.0000
2022,9,25,4,30,16.900000000000002,0,0,0,0,15.5,0,0,0,0,91.26,112.27,0.16,1008,3.4000000000000004,246,1,0.0000,0.0000
2022,9,25,5,30,16.8,0,0,0,0,15.700000000000001,0,0,0,0,93.42,100.04,0.16,1008,3.4000000000000004,248,1,0.0000,0.0000
2022,9,25,6,30,17.8,19,100,24,0,15.9,19,100,7,24,88.88,87.37,0.16,1008,3.4000000000000004,248,1.2000000000000002,0.0000,0.0000
2022,9,25,7,30,20.5,74,475,195,7,16.3,118,105,0,145,76.84,75.23,0.16,1008,3.4000000000000004,243,1.6,7.0764,5.4360
2022,9,25,8,30,23.900000000000002,100,663,398,8,16.7,200,117,0,253,64.22,63.33,0.16,1007,3.4000000000000004,242,2,13.6563,10.6434
2022,9,25,9,30,26.8,114,761,580,3,15.8,267,360,0,487,50.95,52.28,0.16,1007,3.5,243,2.3000000000000003,27.8869,21.8533
2022,9,25,10,30,28.6,123,812,718,0,14.8,227,564,14,640,43.06,42.9,0.16,1007,3.7,245,2.4000000000000004,37.8067,29.6964
2022,9,25,11,30,30,131,831,798,8,14.8,355,296,18,593,39.72,36.6,0.16,1006,3.8000000000000003,247,2.4000000000000004,35.5473,27.9497
2022,9,25,12,30,30.900000000000002,140,822,812,0,15.200000000000001,189,713,25,772,38.64,35.15,0.16,1005,3.8000000000000003,246,2.4000000000000004,46.4086,36.4963
2022,9,25,13,30,31.400000000000002,145,794,761,0,15.5,145,794,0,761,38.35,39.1,0.16,1004,3.8000000000000003,245,2.4000000000000004,45.3757,35.6647
2022,9,25,14,30,31.400000000000002,134,760,651,0,15.600000000000001,179,636,0,612,38.660000000000004,47.09,0.16,1003,3.8000000000000003,243,2.4000000000000004,35.7111,28.0254
2022,9,25,15,30,30.900000000000002,118,692,491,7,15.700000000000001,210,379,21,414,39.94,57.4,0.16,1002,3.7,241,2.4000000000000004,23.1541,18.1082
2022,9,25,16,30,29.5,95,559,296,8,15.9,133,291,7,238,43.77,68.95,0.16,1002,3.7,238,2.1,12.2974,9.5351
2022,9,25,17,30,26.900000000000002,54,291,99,0,17,60,146,43,83,54.56,81.07000000000001,0.16,1003,3.8000000000000003,231,1.5,0.0000,0.0000
2022,9,25,18,30,24.900000000000002,0,0,0,0,17.7,0,0,0,0,64.32000000000001,93.59,0.16,1003,3.9000000000000004,227,1.4000000000000001,0.0000,0.0000
2022,9,25,19,30,24.3,0,0,0,0,17.5,0,0,0,0,65.88,105.98,0.16,1003,3.9000000000000004,227,1.5,0.0000,0.0000
2022,9,25,20,30,23.400000000000002,0,0,0,0,17.8,0,0,0,0,70.96000000000001,118.03,0.16,1004,3.7,227,1.5,0.0000,0.0000
2022,9,25,21,30,22.400000000000002,0,0,0,0,18.2,0,0,0,0,76.95,129.29,0.16,1004,3.5,229,1.3,0.0000,0.0000
2022,9,25,22,30,21.5,0,0,0,0,18.400000000000002,0,0,0,0,82.41,138.97,0.16,1004,3.2,231,1.2000000000000002,0.0000,0.0000
2022,9,25,23,30,20.900000000000002,0,0,0,0,18.400000000000002,0,0,0,0,85.89,145.56,0.16,1004,3,234,1.1,0.0000,0.0000
2022,9,26,0,30,20.400000000000002,0,0,0,0,18.5,0,0,0,0,88.86,147.11,0.16,1004,2.9000000000000004,238,1,0.0000,0.0000
2022,9,26,1,30,19.8,0,0,0,0,18.6,0,0,0,0,92.55,142.97,0.16,1004,2.9000000000000004,245,1,0.0000,0.0000
2022,9,26,2,30,19.3,0,0,0,0,18.6,0,0,0,0,95.82000000000001,134.69,0.16,1004,2.9000000000000004,256,0.9,0.0000,0.0000
2022,9,26,3,30,18.900000000000002,0,0,0,0,18.7,0,0,0,0,98.53,124.13000000000001,0.16,1004,3,268,0.8,0.0000,0.0000
2022,9,26,4,30,18.5,0,0,0,0,18.5,0,0,0,0,100,112.43,0.16,1004,2.9000000000000004,280,0.7000000000000001,0.0000,0.0000
2022,9,26,5,30,18.400000000000002,0,0,0,0,18.400000000000002,0,0,0,0,100,100.19,0.16,1004,2.8000000000000003,288,0.7000000000000001,0.0000,0.0000
2022,9,26,6,30,19.6,18,69,21,0,18.8,18,69,0,21,95.02,87.51,0.16,1005,2.7,296,0.8,0.0000,0.0000
2022,9,26,7,30,22.3,86,410,189,0,19.200000000000003,86,410,0,189,82.66,75.39,0.16,1005,2.7,305,1,9.2111,7.0738
2022,9,26,8,30,25.200000000000003,117,618,393,0,19.3,117,618,0,393,69.9,63.51,0.16,1005,2.6,299,1.1,21.1868,16.5104
2022,9,26,9,30,27.700000000000003,122,760,585,0,18.6,122,760,0,585,57.71,52.5,0.16,1005,2.5,281,1.5,33.4685,26.2253
2022,9,26,10,30,29.3,110,858,736,0,18,110,858,0,736,50.550000000000004,43.18,0.16,1004,2.5,272,1.8,43.4450,34.1234
2022,9,26,11,30,30.400000000000002,113,887,822,0,17.1,113,887,0,822,45.03,36.95,0.16,1004,2.3000000000000003,268,2.1,49.2397,38.7138
2022,9,26,12,30,31.200000000000003,109,903,844,0,16.1,109,903,0,844,40.31,35.550000000000004,0.16,1003,2.2,265,2.2,50.6982,39.8678
2022,9,26,13,30,31.5,103,901,798,0,15,103,901,0,798,36.77,39.49,0.16,1002,2.1,264,2.3000000000000003,47.5397,37.3633
2022,9,26,14,30,31.400000000000002,97,871,686,0,13.5,97,871,0,686,33.58,47.44,0.16,1002,1.9000000000000001,266,2.4000000000000004,39.9837,31.3758
2022,9,26,15,30,30.6,91,802,519,0,11.9,91,802,0,519,31.650000000000002,57.730000000000004,0.16,1002,1.8,270,2.3000000000000003,28.9765,22.6582
2022,9,26,16,30,28.700000000000003,79,663,314,0,10.8,79,663,0,314,32.87,69.25,0.16,1002,1.7000000000000002,275,2,16.1820,12.5426
2022,9,26,17,30,25.3,49,373,105,0,11.9,49,373,0,105,43.21,81.36,0.16,1003,1.6,281,1.4000000000000001,0.0000,0.0000
2022,9,26,18,30,22.3,0,0,0,0,12,0,0,0,0,52,93.88,0.16,1004,1.6,286,1,0.0000,0.0000
2022,9,26,19,30,21,0,0,0,0,11.4,0,0,0,0,54.160000000000004,106.27,0.15,1004,1.5,286,1,0.0000,0.0000
2022,9,26,20,30,20,0,0,0,0,11.3,0,0,0,0,57.28,118.34,0.15,1005,1.5,285,0.9,0.0000,0.0000
2022,9,26,21,30,19,0,0,0,0,11.3,0,0,0,0,61.050000000000004,129.63,0.15,1005,1.6,292,0.9,0.0000,0.0000
2022,9,26,22,30,18.2,0,0,0,0,11.3,0,0,0,0,64.3,139.34,0.15,1005,1.6,304,0.9,0.0000,0.0000
2022,9,26,23,30,17.400000000000002,0,0,0,0,11.4,0,0,0,0,67.99,145.96,0.15,1006,1.6,320,1,0.0000,0.0000
2022,9,27,0,30,16.7,0,0,0,0,11.5,0,0,0,0,71.26,147.49,0.15,1006,1.6,335,1,0.0000,0.0000
2022,9,27,1,30,16.1,0,0,0,0,11.200000000000001,0,0,0,0,72.74,143.28,0.15,1006,1.6,346,1.1,0.0000,0.0000
2022,9,27,2,30,15.4,0,0,0,0,10.700000000000001,0,0,0,0,73.60000000000001,134.93,0.15,1006,1.5,351,1.1,0.0000,0.0000
2022,9,27,3,30,14.8,0,0,0,0,10.100000000000001,0,0,0,0,73.3,124.33,0.15,1006,1.4000000000000001,353,1.1,0.0000,0.0000
2022,9,27,4,30,14.100000000000001,0,0,0,0,9.600000000000001,0,0,0,0,74.34,112.60000000000001,0.15,1006,1.4000000000000001,353,1.1,0.0000,0.0000
2022,9,27,5,30,13.700000000000001,0,0,0,0,9.4,0,0,0,0,75.18,100.34,0.15,1007,1.3,352,1.1,0.0000,0.0000
2022,9,27,6,30,14.600000000000001,19,204,27,0,9.3,19,204,0,27,70.55,87.65,0.15,1007,1.3,353,1.3,0.0000,0.0000
2022,9,27,7,30,17.5,52,662,217,0,9.3,52,662,0,217,58.51,75.55,0.15,1008,1.2000000000000002,181,1.5,10.5615,8.1085
2022,9,27,8,30,21.3,68,823,433,0,8.5,68,823,0,433,43.78,63.7,0.15,1009,1.2000000000000002,14,1.6,23.3124,18.1642
2022,9,27,9,30,24.1,79,900,624,0,6.2,94,862,0,616,31.53,52.72,0.15,1009,1.2000000000000002,13,1.5,35.2100,27.5879
2022,9,27,10,30,25.8,87,940,769,0,6.1000000000000005,97,918,0,763,28.32,43.46,0.15,1008,1.2000000000000002,174,1.1,45.0045,35.3464
2022,9,27,11,30,27.1,90,960,854,0,6.1000000000000005,111,916,0,840,26.23,37.31,0.15,1008,1.2000000000000002,331,1,50.2806,39.5302
2022,9,27,12,30,28,92,961,870,0,5.6000000000000005,120,899,0,848,24.13,35.94,0.15,1007,1.2000000000000002,311,0.9,50.9000,40.0244
2022,9,27,13,30,28.400000000000002,92,947,819,8,5,246,568,0,682,22.580000000000002,39.88,0.15,1007,1.1,300,1,40.5925,31.9013
2022,9,27,14,30,28.5,88,918,705,7,4.4,235,501,0,572,21.54,47.800000000000004,0.15,1006,1.1,300,1.1,33.2996,26.1284
2022,9,27,15,30,27.900000000000002,79,860,534,8,3.9000000000000004,186,488,0,444,21.51,58.06,0.15,1006,1.1,307,1.1,24.7458,19.3469
2022,9,27,16,30,26.400000000000002,64,747,325,7,4.1000000000000005,154,255,0,243,23.89,69.55,0.15,1007,1.1,318,1,12.4900,9.6775
2022,9,27,17,30,23.3,40,487,111,7,8.3,69,46,43,76,38.37,81.64,0.15,1007,1.1,334,1,0.0000,0.0000
2022,9,27,18,30,20.5,0,0,0,7,8.4,0,0,0,0,45.63,94.16,0.15,1008,1.1,351,1.1,0.0000,0.0000
2022,9,27,19,30,18.900000000000002,0,0,0,7,7.4,0,0,0,0,47.29,106.56,0.15,1009,1.1,184,1.1,0.0000,0.0000
2022,9,27,20,30,17.900000000000002,0,0,0,6,7.4,0,0,0,0,50.09,118.64,0.15,1010,1.1,10,1.2000000000000002,0.0000,0.0000
2022,9,27,21,30,17.1,0,0,0,7,7.2,0,0,0,0,52.300000000000004,129.96,0.15,1011,1.1,11,1.3,0.0000,0.0000
2022,9,27,22,30,16.400000000000002,0,0,0,7,6.9,0,0,0,0,53.56,139.71,0.15,1012,1.1,10,1.4000000000000001,0.0000,0.0000
2022,9,27,23,30,15.5,0,0,0,7,6.7,0,0,0,0,55.71,146.36,0.15,1012,1.1,10,1.4000000000000001,0.0000,0.0000
2022,9,28,0,30,14.8,0,0,0,7,6.6000000000000005,0,0,0,0,57.870000000000005,147.87,0.15,1012,1.1,11,1.4000000000000001,0.0000,0.0000
2022,9,28,1,30,14.200000000000001,0,0,0,7,6.5,0,0,0,0,59.76,143.59,0.15,1012,1.1,11,1.4000000000000001,0.0000,0.0000
2022,9,28,2,30,13.700000000000001,0,0,0,7,6.4,0,0,0,0,61.27,135.17000000000002,0.15,1012,1.1,13,1.4000000000000001,0.0000,0.0000
2022,9,28,3,30,13.3,0,0,0,7,6.300000000000001,0,0,0,0,62.690000000000005,124.52,0.15,1013,1.1,15,1.4000000000000001,0.0000,0.0000
2022,9,28,4,30,12.8,0,0,0,8,6.300000000000001,0,0,0,0,64.64,112.76,0.15,1013,1.1,18,1.4000000000000001,0.0000,0.0000
2022,9,28,5,30,12.4,0,0,0,8,6.300000000000001,0,0,0,0,66.47,100.49000000000001,0.15,1014,1,20,1.4000000000000001,0.0000,0.0000
2022,9,28,6,30,13.100000000000001,19,192,26,7,6.4,16,1,86,16,63.79,87.78,0.15,1014,1,21,1.7000000000000002,0.0000,0.0000
2022,9,28,7,30,15.5,54,657,216,7,6.4,108,82,0,128,54.65,75.71000000000001,0.15,1015,1,28,2.2,6.2216,4.7751
2022,9,28,8,30,18.5,70,824,433,0,5.7,115,642,0,398,42.93,63.88,0.15,1015,1,39,2.9000000000000004,21.4010,16.6727
2022,9,28,9,30,20.6,80,904,625,8,3.9000000000000004,223,435,0,485,33.410000000000004,52.95,0.15,1015,1,40,3.1,27.6955,21.6984
2022,9,28,10,30,22,88,946,771,7,3.3000000000000003,264,475,0,607,29.240000000000002,43.74,0.15,1015,1,34,2.9000000000000004,35.7755,28.0965
2022,9,28,11,30,22.900000000000002,91,966,856,8,3.1,254,592,0,723,27.28,37.660000000000004,0.15,1015,1,28,2.6,43.2455,33.9976
2022,9,28,12,30,23.5,92,971,874,7,3,226,656,0,754,26.26,36.34,0.15,1014,0.9,22,2.5,45.2220,35.5578
2022,9,28,13,30,23.5,91,961,824,7,3,214,667,0,723,26.14,40.27,0.15,1013,0.9,18,2.5,42.9934,33.7860
2022,9,28,14,30,23.1,86,931,707,8,2.8000000000000003,240,470,0,554,26.53,48.160000000000004,0.15,1012,0.9,17,2.6,32.2129,25.2734
2022,9,28,15,30,22.200000000000003,77,872,534,7,2.7,219,357,0,406,27.84,58.38,0.15,1012,0.9,18,2.7,22.5889,17.6578
2022,9,28,16,30,20.900000000000002,64,758,325,8,2.8000000000000003,160,246,0,245,30.34,69.85000000000001,0.15,1012,0.9,19,2.6,12.5593,9.7277
2022,9,28,17,30,19.1,39,493,108,7,3.4000000000000004,68,22,57,71,35.25,81.93,0.15,1013,0.9,19,2.1,0.0000,0.0000
2022,9,28,18,30,17.3,0,0,0,7,4.3,0,0,0,0,41.980000000000004,94.45,0.15,1013,0.9,20,1.8,0.0000,0.0000
2022,9,28,19,30,16.3,0,0,0,7,4.9,0,0,0,0,46.910000000000004,106.85000000000001,0.15,1014,0.9,20,1.7000000000000002,0.0000,0.0000
2022,9,28,20,30,15.8,0,0,0,7,5,0,0,0,0,48.68,118.95,0.15,1014,1,20,1.8,0.0000,0.0000
2022,9,28,21,30,15.3,0,0,0,7,5,0,0,0,0,50.29,130.29,0.15,1014,1,20,1.8,0.0000,0.0000
2022,9,28,22,30,14.9,0,0,0,7,5.1000000000000005,0,0,0,0,51.97,140.07,0.15,1014,1.1,19,1.9000000000000001,0.0000,0.0000
2022,9,28,23,30,14.700000000000001,0,0,0,7,5.2,0,0,0,0,52.94,146.75,0.15,1014,1.2000000000000002,19,2.1,0.0000,0.0000
2022,9,29,0,30,14.600000000000001,0,0,0,7,5.300000000000001,0,0,0,0,53.620000000000005,148.25,0.15,1014,1.4000000000000001,20,2.3000000000000003,0.0000,0.0000
2022,9,29,1,30,14.4,0,0,0,7,5.300000000000001,0,0,0,0,54.49,143.9,0.15,1013,1.5,22,2.6,0.0000,0.0000
2022,9,29,2,30,14.200000000000001,0,0,0,7,5.800000000000001,0,0,0,0,56.88,135.41,0.15,1013,1.7000000000000002,23,2.9000000000000004,0.0000,0.0000
2022,9,29,3,30,14,0,0,0,8,6.300000000000001,0,0,0,0,59.89,124.71000000000001,0.15,1013,1.7000000000000002,29,3,0.0000,0.0000
2022,9,29,4,30,13.8,0,0,0,7,7,0,0,0,0,63.32,112.92,0.15,1013,1.8,34,3,0.0000,0.0000
2022,9,29,5,30,13.8,0,0,0,6,7.5,0,0,0,0,65.8,100.64,0.15,1013,1.9000000000000001,37,3.2,0.0000,0.0000
2022,9,29,6,30,14.200000000000001,17,125,22,3,7.800000000000001,12,0,86,12,65.4,87.92,0.15,1013,2.1,34,3.6,0.0000,0.0000
2022,9,29,7,30,15,63,547,197,6,8.3,47,2,0,47,64.05,75.87,0.15,1013,2.2,34,3.7,2.2815,1.7506
2022,9,29,8,30,15.9,87,723,403,7,8.8,101,4,0,103,62.64,64.06,0.15,1013,2.3000000000000003,40,3.8000000000000003,5.5314,4.3087
2022,9,29,9,30,16.8,100,810,586,6,9.200000000000001,109,1,0,110,60.800000000000004,53.17,0.15,1013,2.5,41,3.9000000000000004,6.2756,4.9163
2022,9,29,10,30,17.7,109,856,724,7,9.5,238,17,0,250,58.5,44.03,0.15,1013,2.6,39,4,14.7227,11.5618
2022,9,29,11,30,18.6,112,877,803,6,9.8,281,15,0,293,56.49,38.01,0.15,1013,2.8000000000000003,36,4,17.5124,13.7668
2022,9,29,12,30,19.5,119,870,816,6,10.100000000000001,179,2,0,181,54.51,36.730000000000004,0.15,1012,2.9000000000000004,35,4,10.8472,8.5286
2022,9,29,13,30,20,122,845,763,7,10.200000000000001,182,2,0,184,53.31,40.660000000000004,0.15,1011,2.9000000000000004,36,4,10.9314,8.5898
2022,9,29,14,30,20.1,113,812,651,7,10.200000000000001,135,1,0,136,52.79,48.51,0.15,1011,2.8000000000000003,37,3.9000000000000004,7.8984,6.1964
2022,9,29,15,30,19.900000000000002,100,746,487,6,10,63,0,0,63,52.97,58.71,0.15,1011,2.9000000000000004,37,3.8000000000000003,3.4988,2.7346
2022,9,29,16,30,19.5,79,616,288,6,9.9,25,0,0,25,54.01,70.16,0.15,1011,2.9000000000000004,37,3.5,1.2780,0.9895
2022,9,29,17,30,18.900000000000002,45,335,90,6,9.9,17,0,57,17,55.9,82.22,0.15,1011,2.9000000000000004,36,3.3000000000000003,0.0000,0.0000
2022,9,29,18,30,18.5,0,0,0,6,9.700000000000001,0,0,0,0,56.480000000000004,94.73,0.15,1010,3,36,3.2,0.0000,0.0000
2022,9,29,19,30,18.3,0,0,0,7,9.5,0,0,0,0,56.58,107.14,0.15,1010,3.1,36,3.3000000000000003,0.0000,0.0000
2022,9,29,20,30,18,0,0,0,7,9.5,0,0,0,0,57.620000000000005,119.25,0.15,1010,3.2,35,3.5,0.0000,0.0000
2022,9,29,21,30,17.7,0,0,0,7,9.5,0,0,0,0,58.67,130.62,0.15,1010,3.2,33,3.5,0.0000,0.0000
2022,9,29,22,30,17.400000000000002,0,0,0,7,9.4,0,0,0,0,59.22,140.44,0.15,1009,3.3000000000000003,31,3.6,0.0000,0.0000
2022,9,29,23,30,17,0,0,0,7,9.1,0,0,0,0,59.65,147.15,0.15,1008,3.4000000000000004,28,3.6,0.0000,0.0000
2022,9,30,0,30,16.5,0,0,0,7,8.8,0,0,0,0,60.49,148.63,0.15,1007,3.5,26,3.6,0.0000,0.0000
2022,9,30,1,30,15.8,0,0,0,7,8.8,0,0,0,0,63.24,144.21,0.15,1007,3.7,25,3.5,0.0000,0.0000
2022,9,30,2,30,15.200000000000001,0,0,0,7,9.1,0,0,0,0,66.91,135.65,0.15,1006,3.9000000000000004,23,3.5,0.0000,0.0000
2022,9,30,3,30,14.600000000000001,0,0,0,7,9.5,0,0,0,0,71.42,124.9,0.15,1006,4.1000000000000005,20,3.6,0.0000,0.0000
2022,9,30,4,30,14,0,0,0,7,9.9,0,0,0,0,76.44,113.08,0.15,1005,4.3,19,3.8000000000000003,0.0000,0.0000
2022,9,30,5,30,13.5,0,0,0,7,10.600000000000001,0,0,0,0,82.71000000000001,100.79,0.15,1005,4.4,17,4.1000000000000005,0.0000,0.0000
2022,9,30,6,30,13.4,16,104,20,7,11.3,3,0,86,3,87.04,88.06,0.15,1004,4.6000000000000005,12,4.2,0.0000,0.0000
2022,9,30,7,30,13.600000000000001,59,520,185,7,11.8,15,0,0,15,88.76,76.03,0.15,1003,4.7,7,4.5,0.7272,0.5578
2022,9,30,8,30,14.200000000000001,84,688,383,7,12.3,26,0,0,26,88.08,64.25,0.15,1002,4.800000000000001,181,4.800000000000001,1.3944,1.0860
2022,9,30,9,30,14.8,104,763,559,6,12.700000000000001,110,4,0,112,87.14,53.4,0.15,1001,4.9,356,5.1000000000000005,6.3834,5.0004
2022,9,30,10,30,15.3,123,792,690,6,13,56,0,0,56,85.97,44.32,0.15,1000,4.9,352,5.300000000000001,3.2952,2.5876
2022,9,30,11,30,15.9,135,805,766,6,13.100000000000001,67,0,0,67,83.60000000000001,38.36,0.15,998,4.9,352,5.7,4.0015,3.1455
2022,9,30,12,30,16.6,136,809,781,6,13.4,33,0,0,33,81.24,37.13,0.15,996,5.1000000000000005,351,5.9,1.9760,1.5536
2022,9,30,13,30,16.900000000000002,131,796,731,7,13.9,56,0,0,56,82.38,41.04,0.15,994,5.2,346,5.7,3.3239,2.6117
2022,9,30,14,30,16.8,119,765,622,7,14.3,41,0,0,41,85.10000000000001,48.870000000000005,0.15,994,5.2,337,5.4,2.3782,1.8655
2022,9,30,15,30,16.5,98,715,466,7,14.3,83,1,0,84,87.04,59.03,0.15,994,5.1000000000000005,332,5.300000000000001,4.6568,3.6391
2022,9,30,16,30,16.1,73,606,276,7,14.200000000000001,126,24,0,134,88.51,70.46000000000001,0.15,995,4.9,331,5.1000000000000005,6.8316,5.2872
2022,9,30,17,30,15.700000000000001,40,337,84,7,13.9,27,2,57,27,89.18,82.5,0.15,996,4.800000000000001,330,4.7,0.0000,0.0000
2022,9,30,18,30,15.4,0,0,0,3,13.600000000000001,0,0,0,0,89.05,95.02,0.15,996,4.6000000000000005,326,4.2,0.0000,0.0000
2022,9,30,19,30,15.200000000000001,0,0,0,3,13.3,0,0,0,0,88.60000000000001,107.43,0.15,997,4.4,320,3.8000000000000003,0.0000,0.0000
2022,9,30,20,30,15,0,0,0,3,13.100000000000001,0,0,0,0,88.66,119.56,0.15,998,4.2,312,3.5,0.0000,0.0000
2022,9,30,21,30,14.8,0,0,0,3,13,0,0,0,0,88.95,130.95,0.15,998,4,305,3.2,0.0000,0.0000
2022,9,30,22,30,14.600000000000001,0,0,0,3,12.9,0,0,0,0,89.44,140.8,0.15,998,3.8000000000000003,297,2.9000000000000004,0.0000,0.0000
2022,9,30,23,30,14.200000000000001,0,0,0,5,12.700000000000001,0,0,0,0,90.96000000000001,147.54,0.15,998,3.6,287,2.5,0.0000,0.0000
2022,10,1,0,30,13.8,0,0,0,3,12.5,0,0,0,0,91.73,149,0.15,999,3.5,276,2.2,0.0000,0.0000
2022,10,1,1,30,13.200000000000001,0,0,0,3,11.9,0,0,0,0,92.12,144.51,0.15,999,3.4000000000000004,271,2,0.0000,0.0000
2022,10,1,2,30,12.600000000000001,0,0,0,3,11.3,0,0,0,0,92.01,135.88,0.15,999,3.3000000000000003,264,1.8,0.0000,0.0000
2022,10,1,3,30,12.200000000000001,0,0,0,3,11,0,0,0,0,92.59,125.09,0.15,1000,3.2,256,1.5,0.0000,0.0000
2022,10,1,4,30,12.100000000000001,0,0,0,0,10.9,0,0,0,0,92.13,113.25,0.15,1000,3.2,252,1.4000000000000001,0.0000,0.0000
2022,10,1,5,30,12.100000000000001,0,0,0,0,10.8,0,0,0,0,91.94,100.94,0.15,1000,3.2,248,1.3,0.0000,0.0000
2022,10,1,6,30,13.100000000000001,15,138,19,0,10.9,15,138,0,19,86.68,88.2,0.15,1001,3.1,242,1.6,0.0000,0.0000
2022,10,1,7,30,15.5,51,592,192,0,11.5,53,549,0,184,77.06,76.19,0.15,1001,3.2,246,2,8.9092,6.8319
2022,10,1,8,30,18,69,756,395,3,11.700000000000001,110,266,0,225,66.56,64.44,0.15,1002,3.3000000000000003,256,2.1,12.0504,9.3839
2022,10,1,9,30,19.900000000000002,86,821,573,3,11.5,147,0,0,147,58.36,53.63,0.15,1002,3.4000000000000004,258,2.1,8.3699,6.5560
2022,10,1,10,30,21.200000000000003,104,845,706,3,12,158,0,0,158,55.78,44.61,0.15,1002,3.6,257,2,9.2894,7.2942
2022,10,1,11,30,21.900000000000002,112,860,783,3,12.600000000000001,365,199,0,520,55.56,38.72,0.15,1002,3.7,263,1.9000000000000001,31.0320,24.3922
2022,10,1,12,30,22.1,117,855,795,3,13,66,0,0,66,56.370000000000005,37.52,0.15,1001,3.8000000000000003,279,1.8,3.9489,3.1045
2022,10,1,13,30,22.200000000000003,119,831,742,3,13.200000000000001,84,0,0,84,56.72,41.43,0.15,1001,3.7,300,1.8,4.9810,3.9135
2022,10,1,14,30,21.900000000000002,114,792,631,3,13.100000000000001,109,0,0,109,57.54,49.22,0.15,1002,3.6,320,1.9000000000000001,6.3147,4.9530
2022,10,1,15,30,21.400000000000002,101,718,467,8,13.100000000000001,159,35,0,177,59.18,59.35,0.15,1002,3.5,334,2,9.7949,7.6529
2022,10,1,16,30,20.3,81,583,273,8,13.100000000000001,110,34,0,121,63.34,70.76,0.15,1003,3.5,343,1.8,6.1520,4.7594
2022,10,1,17,30,18.3,43,298,80,3,13.8,27,0,71,27,74.89,82.78,0.15,1004,3.5,349,1.4000000000000001,0.0000,0.0000
2022,10,1,18,30,16.6,0,0,0,3,13.700000000000001,0,0,0,0,83.2,95.3,0.15,1004,3.4000000000000004,352,1,0.0000,0.0000
2022,10,1,19,30,15.8,0,0,0,3,13.4,0,0,0,0,85.47,107.72,0.15,1005,3.2,349,0.9,0.0000,0.0000
2022,10,1,20,30,15.200000000000001,0,0,0,3,13.200000000000001,0,0,0,0,87.84,119.86,0.15,1005,3.1,339,0.8,0.0000,0.0000
2022,10,1,21,30,14.600000000000001,0,0,0,3,13.100000000000001,0,0,0,0,90.44,131.28,0.15,1005,2.9000000000000004,330,0.8,0.0000,0.0000
2022,10,1,22,30,14.100000000000001,0,0,0,3,12.8,0,0,0,0,91.91,141.17000000000002,0.15,1005,2.9000000000000004,326,0.9,0.0000,0.0000
2022,10,1,23,30,13.4,0,0,0,3,12.3,0,0,0,0,93.3,147.94,0.15,1005,2.8000000000000003,328,1.1,0.0000,0.0000
2022,10,2,0,30,12.8,0,0,0,3,11.8,0,0,0,0,93.45,149.38,0.15,1005,2.8000000000000003,331,1.2000000000000002,0.0000,0.0000
2022,10,2,1,30,12.3,0,0,0,0,11.200000000000001,0,0,0,0,92.72,144.82,0.15,1005,2.8000000000000003,335,1.2000000000000002,0.0000,0.0000
2022,10,2,2,30,11.8,0,0,0,0,10.600000000000001,0,0,0,0,92.65,136.12,0.15,1005,2.7,337,1.1,0.0000,0.0000
2022,10,2,3,30,11.4,0,0,0,0,10.3,0,0,0,0,93.07000000000001,125.27,0.15,1006,2.7,337,1,0.0000,0.0000
2022,10,2,4,30,11,0,0,0,0,10.200000000000001,0,0,0,0,94.52,113.41,0.15,1006,2.6,333,0.9,0.0000,0.0000
2022,10,2,5,30,10.9,0,0,0,0,10.100000000000001,0,0,0,0,94.62,101.09,0.15,1006,2.6,329,0.8,0.0000,0.0000
2022,10,2,6,30,12.200000000000001,15,101,18,3,10,9,25,50,10,86.67,88.34,0.15,1006,2.6,325,1.1,0.0000,0.0000
2022,10,2,7,30,15.100000000000001,59,537,186,3,10.5,33,113,0,60,73.77,76.35000000000001,0.15,1007,2.8000000000000003,337,1.4000000000000001,2.9016,2.2244
2022,10,2,8,30,17.900000000000002,81,721,390,3,10.600000000000001,83,0,0,83,62.45,64.63,0.15,1007,2.9000000000000004,352,1.5,4.4391,3.4563
2022,10,2,9,30,19.900000000000002,94,809,571,3,10.8,172,0,0,172,55.870000000000005,53.870000000000005,0.15,1007,3,349,1.5,9.7831,7.6622
2022,10,2,10,30,21.200000000000003,103,852,707,3,11.3,250,279,0,448,53.06,44.9,0.15,1007,3.1,343,1.5,26.3174,20.6636
2022,10,2,11,30,22.1,111,870,786,0,11.8,173,640,0,670,52.06,39.07,0.15,1007,3.1,343,1.7000000000000002,39.9524,31.4022
2022,10,2,12,30,22.400000000000002,112,873,801,3,12.3,320,172,0,456,52.81,37.910000000000004,0.15,1007,3.1,343,1.8,27.2607,21.4303
2022,10,2,13,30,22.400000000000002,109,860,750,3,12.5,290,214,0,449,53.620000000000005,41.82,0.15,1006,3,345,1.9000000000000001,26.5984,20.8967
2022,10,2,14,30,22.200000000000003,102,826,638,0,12.8,209,454,0,503,55.1,49.58,0.15,1006,3,350,2.1,29.1029,22.8248
2022,10,2,15,30,21.700000000000003,90,758,473,3,13,146,138,0,216,57.54,59.68,0.15,1006,2.9000000000000004,356,2.1,11.9305,9.3198
2022,10,2,16,30,20.8,73,623,275,3,13.200000000000001,72,1,0,72,61.78,71.06,0.15,1007,2.9000000000000004,182,2,3.6507,2.8231
2022,10,2,17,30,19.3,40,323,79,3,13.600000000000001,27,108,29,40,69.73,83.07000000000001,0.15,1008,2.8000000000000003,9,1.6,0.0000,0.0000
2022,10,2,18,30,18,0,0,0,3,13.8,0,0,0,0,76.5,95.58,0.15,1009,2.8000000000000003,14,1.5,0.0000,0.0000
2022,10,2,19,30,17,0,0,0,0,13.700000000000001,0,0,0,0,80.79,108,0.15,1009,2.7,15,1.4000000000000001,0.0000,0.0000
2022,10,2,20,30,15.9,0,0,0,0,13.600000000000001,0,0,0,0,85.97,120.16,0.15,1010,2.7,9,1.2000000000000002,0.0000,0.0000
2022,10,2,21,30,15.100000000000001,0,0,0,0,13.4,0,0,0,0,89.79,131.6,0.15,1010,2.6,179,1.1,0.0000,0.0000
2022,10,2,22,30,14.5,0,0,0,0,13.200000000000001,0,0,0,0,92,141.53,0.15,1010,2.6,353,1.1,0.0000,0.0000
2022,10,2,23,30,14,0,0,0,0,13,0,0,0,0,93.5,148.33,0.15,1010,2.5,352,1.2000000000000002,0.0000,0.0000
2022,10,3,0,30,13.5,0,0,0,0,12.700000000000001,0,0,0,0,95.15,149.75,0.15,1010,2.5,355,1.2000000000000002,0.0000,0.0000
2022,10,3,1,30,13.100000000000001,0,0,0,0,12.600000000000001,0,0,0,0,96.60000000000001,145.12,0.15,1011,2.5,181,1.2000000000000002,0.0000,0.0000
2022,10,3,2,30,12.9,0,0,0,3,12.4,0,0,0,0,96.88,136.35,0.15,1011,2.5,8,1.3,0.0000,0.0000
2022,10,3,3,30,12.8,0,0,0,3,12.200000000000001,0,0,0,0,95.9,125.46000000000001,0.15,1011,2.4000000000000004,13,1.4000000000000001,0.0000,0.0000
2022,10,3,4,30,12.700000000000001,0,0,0,3,11.9,0,0,0,0,94.91,113.57000000000001,0.15,1011,2.4000000000000004,15,1.4000000000000001,0.0000,0.0000
2022,10,3,5,30,12.5,0,0,0,3,11.700000000000001,0,0,0,0,94.61,101.24000000000001,0.15,1012,2.4000000000000004,15,1.3,0.0000,0.0000
2022,10,3,6,30,13.200000000000001,15,83,17,3,11.4,9,21,54,10,88.89,88.48,0.15,1012,2.4000000000000004,16,1.6,0.0000,0.0000
2022,10,3,7,30,14.9,64,515,184,3,11.3,44,76,0,62,79.07000000000001,76.52,0.15,1012,2.3000000000000003,21,2.3000000000000003,2.9945,2.2949
2022,10,3,8,30,16.7,88,713,391,3,10.8,91,26,0,102,68.21000000000001,64.82000000000001,0.15,1013,2.3000000000000003,26,2.6,5.4478,4.2410
2022,10,3,9,30,18.400000000000002,102,805,574,3,10.8,240,11,0,246,61.18,54.1,0.15,1013,2.3000000000000003,27,2.6,13.9780,10.9467
2022,10,3,10,30,19.8,112,853,713,3,11.100000000000001,320,189,0,453,57.2,45.19,0.15,1012,2.3000000000000003,25,2.4000000000000004,26.5885,20.8752
2022,10,3,11,30,21,113,884,796,3,11.5,342,29,0,364,54.71,39.43,0.15,1012,2.3000000000000003,22,2.3000000000000003,21.6877,17.0454
2022,10,3,12,30,22,110,893,811,3,12,344,23,0,362,52.92,38.31,0.15,1011,2.3000000000000003,19,2.1,21.6225,16.9970
2022,10,3,13,30,22.5,107,880,759,3,12.3,263,3,0,265,52.46,42.2,0.15,1010,2.3000000000000003,18,2.1,15.6831,12.3204
2022,10,3,14,30,22.6,98,849,645,3,12.5,291,106,0,359,52.800000000000004,49.93,0.15,1010,2.3000000000000003,18,2.1,20.7449,16.2682
2022,10,3,15,30,22.200000000000003,86,787,479,3,12.5,183,273,0,319,54.26,60,0.15,1010,2.2,19,2,17.5868,13.7359
2022,10,3,16,30,21.1,68,661,279,0,12.4,73,616,0,270,57.72,71.36,0.15,1010,2.2,22,1.8,13.6523,10.5532
2022,10,3,17,30,18.7,36,367,79,0,13,36,367,0,79,69.35000000000001,83.35000000000001,0.15,1011,2.1,28,1.3,0.0000,0.0000
2022,10,3,18,30,16.6,0,0,0,0,12.8,0,0,0,0,78.14,95.86,0.15,1011,2,36,1.1,0.0000,0.0000
2022,10,3,19,30,15.5,0,0,0,0,12.100000000000001,0,0,0,0,80.44,108.29,0.15,1012,1.9000000000000001,46,1.1,0.0000,0.0000
2022,10,3,20,30,14.600000000000001,0,0,0,0,11.600000000000001,0,0,0,0,82.31,120.45,0.15,1012,1.8,54,1.1,0.0000,0.0000
2022,10,3,21,30,13.700000000000001,0,0,0,0,11.200000000000001,0,0,0,0,85.09,131.92000000000002,0.15,1013,1.7000000000000002,60,1,0.0000,0.0000
2022,10,3,22,30,12.9,0,0,0,0,11,0,0,0,0,88.04,141.89000000000001,0.15,1013,1.6,63,1,0.0000,0.0000
2022,10,3,23,30,12.200000000000001,0,0,0,0,10.8,0,0,0,0,91.15,148.72,0.15,1013,1.6,59,0.9,0.0000,0.0000
2022,10,4,0,30,11.5,0,0,0,0,10.700000000000001,0,0,0,0,94.79,150.13,0.15,1013,1.6,52,0.9,0.0000,0.0000
2022,10,4,1,30,11,0,0,0,0,10.5,0,0,0,0,97,145.42000000000002,0.15,1013,1.5,42,0.9,0.0000,0.0000
2022,10,4,2,30,10.4,0,0,0,0,10.3,0,0,0,0,99.02,136.58,0.15,1013,1.5,31,0.9,0.0000,0.0000
2022,10,4,3,30,9.8,0,0,0,0,9.8,0,0,0,0,100,125.65,0.15,1013,1.5,19,0.9,0.0000,0.0000
2022,10,4,4,30,9.3,0,0,0,0,9.3,0,0,0,0,99.67,113.73,0.15,1013,1.5,10,0.9,0.0000,0.0000
2022,10,4,5,30,9,0,0,0,0,8.700000000000001,0,0,0,0,97.96000000000001,101.39,0.15,1013,1.4000000000000001,4,0.8,0.0000,0.0000
2022,10,4,6,30,10.200000000000001,14,148,18,0,8.3,14,148,0,18,87.87,88.61,0.15,1013,1.3,180,1,0.0000,0.0000
2022,10,4,7,30,13.3,48,652,198,0,8.5,48,652,0,198,72.74,76.68,0.15,1013,1.1,191,1.2000000000000002,9.5520,7.3181
2022,10,4,8,30,16.2,64,832,415,0,7.2,64,832,0,415,55.14,65.02,0.15,1013,1,24,1.4000000000000001,22.1322,17.2268
2022,10,4,9,30,18.6,72,916,606,0,6.4,72,916,0,606,45,54.34,0.15,1013,1,15,1.4000000000000001,34.3966,26.9350
2022,10,4,10,30,20.5,78,952,746,0,6.800000000000001,78,952,0,746,40.96,45.480000000000004,0.15,1012,1.1,173,1.3,43.7482,34.3455
2022,10,4,11,30,22,86,962,825,0,7.5,86,962,0,825,39.37,39.78,0.15,1011,1.2000000000000002,331,1.3,49.1153,38.5999
2022,10,4,12,30,23,89,954,834,0,8.3,89,954,0,834,38.97,38.7,0.15,1010,1.3,314,1.3,49.7728,39.1231
2022,10,4,13,30,23.700000000000003,93,928,776,0,9,93,928,0,776,39.29,42.58,0.15,1009,1.5,304,1.4000000000000001,45.8795,36.0396
2022,10,4,14,30,24,91,881,654,0,9.600000000000001,91,881,0,654,40.2,50.29,0.15,1008,1.6,300,1.4000000000000001,37.7413,29.5938
2022,10,4,15,30,23.700000000000003,83,805,482,0,10.100000000000001,83,805,0,482,42.2,60.32,0.15,1008,1.6,298,1.3,26.5230,20.7116
2022,10,4,16,30,22.5,66,667,276,0,11.3,66,667,0,276,49.09,71.65,0.15,1008,1.7000000000000002,299,1,13.9183,10.7544
2022,10,4,17,30,20.5,36,365,76,0,13.9,36,365,0,76,65.86,83.63,0.15,1008,1.7000000000000002,300,0.9,0.0000,0.0000
2022,10,4,18,30,19,0,0,0,0,10.8,0,0,0,0,58.94,96.14,0.15,1008,1.7000000000000002,308,1,0.0000,0.0000
2022,10,4,19,30,17.5,0,0,0,0,10.3,0,0,0,0,62.52,108.57000000000001,0.15,1008,1.6,324,1,0.0000,0.0000
2022,10,4,20,30,15.9,0,0,0,0,10.100000000000001,0,0,0,0,68.3,120.75,0.15,1009,1.5,342,1,0.0000,0.0000
2022,10,4,21,30,14.600000000000001,0,0,0,0,9.700000000000001,0,0,0,0,72.61,132.24,0.15,1009,1.4000000000000001,177,1.1,0.0000,0.0000
2022,10,4,22,30,13.600000000000001,0,0,0,0,9.1,0,0,0,0,74.17,142.24,0.15,1009,1.3,8,1.2000000000000002,0.0000,0.0000
2022,10,4,23,30,12.700000000000001,0,0,0,0,8.200000000000001,0,0,0,0,74.09,149.11,0.15,1009,1.2000000000000002,13,1.3,0.0000,0.0000
2022,10,5,0,30,11.700000000000001,0,0,0,0,7.4,0,0,0,0,74.89,150.5,0.15,1010,1.2000000000000002,18,1.3,0.0000,0.0000
2022,10,5,1,30,10.8,0,0,0,0,6.800000000000001,0,0,0,0,76.25,145.72,0.15,1010,1.3,19,1.3,0.0000,0.0000
2022,10,5,2,30,9.9,0,0,0,0,6.5,0,0,0,0,79.32000000000001,136.81,0.15,1009,1.3,15,1.1,0.0000,0.0000
2022,10,5,3,30,9.3,0,0,0,0,6.2,0,0,0,0,81.19,125.83,0.15,1009,1.4000000000000001,185,1,0.0000,0.0000
2022,10,5,4,30,8.8,0,0,0,0,6.1000000000000005,0,0,0,0,82.92,113.89,0.15,1009,1.5,354,0.9,0.0000,0.0000
2022,10,5,5,30,8.6,0,0,0,0,5.9,0,0,0,0,83.29,101.54,0.15,1010,1.6,345,1,0.0000,0.0000
2022,10,5,6,30,9.9,14,148,17,0,5.800000000000001,14,148,0,17,75.82000000000001,88.75,0.15,1010,1.7000000000000002,339,1.2000000000000002,0.0000,0.0000
2022,10,5,7,30,12.700000000000001,47,635,191,0,5.800000000000001,47,635,0,191,62.77,76.85000000000001,0.15,1011,1.7000000000000002,333,1.3,9.2033,7.0487
2022,10,5,8,30,16.3,63,804,400,0,6.4,63,804,0,400,52.02,65.21000000000001,0.15,1011,1.8,337,1.1,21.3021,16.5781
2022,10,5,9,30,19.8,72,886,586,0,6.2,72,886,0,586,41.06,54.57,0.15,1011,1.8,346,1.2000000000000002,33.2269,26.0168
2022,10,5,10,30,21.900000000000002,79,930,728,0,4.7,79,930,0,728,32.59,45.78,0.15,1010,1.7000000000000002,337,1.3,42.6541,33.4843
2022,10,5,11,30,23.200000000000003,83,949,808,0,5.2,83,949,0,808,31.240000000000002,40.14,0.15,1010,1.7000000000000002,321,1.4000000000000001,48.0627,37.7705
2022,10,5,12,30,24.1,84,952,823,0,6.2,84,952,0,823,31.53,39.09,0.15,1009,1.7000000000000002,313,1.4000000000000001,49.0736,38.5713
2022,10,5,13,30,24.700000000000003,81,939,768,0,7.1000000000000005,81,939,0,768,32.49,42.97,0.15,1008,1.8,313,1.4000000000000001,45.3595,35.6286
2022,10,5,14,30,25.1,75,906,650,0,8.1,75,906,0,650,33.81,50.64,0.15,1008,1.8,319,1.4000000000000001,37.4613,29.3712
2022,10,5,15,30,24.900000000000002,68,841,480,0,8.8,68,841,0,480,35.87,60.64,0.15,1007,1.9000000000000001,328,1.3,26.3623,20.5823
2022,10,5,16,30,23.700000000000003,55,714,276,0,10.3,55,714,0,276,42.82,71.95,0.15,1008,1.9000000000000001,339,0.9,13.8796,10.7198
2022,10,5,17,30,22.1,31,409,74,0,13.200000000000001,31,409,0,74,57,83.9,0.15,1008,2,183,0.7000000000000001,0.0000,0.0000
2022,10,5,18,30,21.400000000000002,0,0,0,0,10,0,0,0,0,48.17,96.41,0.15,1009,2.1,48,0.7000000000000001,0.0000,0.0000
2022,10,5,19,30,20.8,0,0,0,0,9.3,0,0,0,0,47.75,108.84,0.15,1009,2.1,103,0.7000000000000001,0.0000,0.0000
2022,10,5,20,30,19.6,0,0,0,0,9.600000000000001,0,0,0,0,52.53,121.04,0.15,1009,2.2,144,0.9,0.0000,0.0000
2022,10,5,21,30,18.400000000000002,0,0,0,0,9.600000000000001,0,0,0,0,56.35,132.56,0.15,1009,2.2,170,1.1,0.0000,0.0000
2022,10,5,22,30,17.6,0,0,0,0,9.600000000000001,0,0,0,0,59.36,142.6,0.15,1009,2.2,190,1.1,0.0000,0.0000
2022,10,5,23,30,17.1,0,0,0,0,9.5,0,0,0,0,61.08,149.5,0.15,1009,2.1,212,1,0.0000,0.0000
2022,10,6,0,30,16.7,0,0,0,0,9.4,0,0,0,0,62.24,150.87,0.15,1010,2.1,239,0.9,0.0000,0.0000
2022,10,6,1,30,16.400000000000002,0,0,0,0,9.200000000000001,0,0,0,0,62.35,146.02,0.15,1010,2.1,285,0.7000000000000001,0.0000,0.0000
2022,10,6,2,30,15.5,0,0,0,0,9.1,0,0,0,0,65.74,137.04,0.15,1010,2,158,0.7000000000000001,0.0000,0.0000
2022,10,6,3,30,14.4,0,0,0,0,9.3,0,0,0,0,71.53,126.02,0.15,1010,2,10,0.9,0.0000,0.0000
2022,10,6,4,30,13.4,0,0,0,0,9.5,0,0,0,0,77.45,114.05,0.15,1010,2,28,1,0.0000,0.0000
2022,10,6,5,30,12.600000000000001,0,0,0,0,9.8,0,0,0,0,82.85000000000001,101.69,0.15,1011,2,39,0.9,0.0000,0.0000
2022,10,6,6,30,13.600000000000001,13,126,15,0,10,13,126,0,15,78.78,88.89,0.15,1011,1.9000000000000001,48,0.9,0.0000,0.0000
2022,10,6,7,30,16.1,49,604,185,0,11.200000000000001,49,604,0,185,72.53,77.02,0.15,1011,1.9000000000000001,55,0.8,8.9039,6.8172
2022,10,6,8,30,19.5,68,782,393,0,11.600000000000001,68,782,0,393,60.26,65.41,0.15,1012,1.9000000000000001,100,0.5,20.8980,16.2608
2022,10,6,9,30,23.3,76,872,579,0,11.5,76,872,0,579,47.410000000000004,54.81,0.15,1011,1.8,173,0.4,32.7941,25.6755
2022,10,6,10,30,25.6,82,918,719,0,10.200000000000001,82,918,0,719,38.01,46.07,0.15,1011,1.8,214,0.6000000000000001,42.0895,33.0389
2022,10,6,11,30,26.700000000000003,86,936,798,0,10.700000000000001,86,936,0,798,36.72,40.49,0.15,1011,1.9000000000000001,231,0.5,47.4284,37.2699
2022,10,6,12,30,27.5,87,938,811,0,11.100000000000001,87,938,0,811,36.07,39.480000000000004,0.15,1010,1.9000000000000001,244,0.5,48.3152,37.9729
2022,10,6,13,30,27.900000000000002,85,923,756,0,11.4,85,923,0,756,35.82,43.35,0.15,1009,1.9000000000000001,253,0.4,44.6050,35.0334
2022,10,6,14,30,27.8,80,888,639,0,11.5,80,888,0,639,36.32,50.99,0.15,1009,2,261,0.4,36.7782,28.8326
2022,10,6,15,30,27.700000000000003,72,820,470,0,11.600000000000001,72,820,0,470,36.88,60.96,0.15,1008,2,268,0.30000000000000004,25.7628,20.1104
2022,10,6,16,30,26.900000000000002,57,691,268,0,12.100000000000001,57,691,0,268,39.81,72.25,0.15,1009,2,272,0.30000000000000004,13.4397,10.3754
2022,10,6,17,30,25,31,378,69,0,13,31,378,0,69,47.28,84.18,0.15,1009,2,216,0.30000000000000004,0.0000,0.0000
2022,10,6,18,30,23.1,0,0,0,0,11.4,0,0,0,0,47.62,96.69,0.15,1010,1.9000000000000001,160,0.6000000000000001,0.0000,0.0000
2022,10,6,19,30,21.200000000000003,0,0,0,0,11.600000000000001,0,0,0,0,54.410000000000004,109.12,0.15,1010,1.9000000000000001,166,0.9,0.0000,0.0000
2022,10,6,20,30,19.400000000000002,0,0,0,0,12.3,0,0,0,0,63.33,121.33,0.15,1011,1.9000000000000001,180,1.1,0.0000,0.0000
2022,10,6,21,30,17.900000000000002,0,0,0,0,12.3,0,0,0,0,69.83,132.87,0.15,1011,1.9000000000000001,196,1.2000000000000002,0.0000,0.0000
2022,10,6,22,30,16.8,0,0,0,0,12,0,0,0,0,73.45,142.95000000000002,0.15,1011,1.8,211,1.2000000000000002,0.0000,0.0000
2022,10,6,23,30,16,0,0,0,0,11.600000000000001,0,0,0,0,74.97,149.89000000000001,0.15,1011,1.8,224,1.2000000000000002,0.0000,0.0000
2022,10,7,0,30,15.3,0,0,0,0,11,0,0,0,0,75.44,151.24,0.15,1011,1.7000000000000002,236,1.2000000000000002,0.0000,0.0000
2022,10,7,1,30,14.8,0,0,0,0,10.4,0,0,0,0,75.11,146.32,0.15,1011,1.7000000000000002,248,1.2000000000000002,0.0000,0.0000
2022,10,7,2,30,14.4,0,0,0,0,10,0,0,0,0,75.02,137.27,0.15,1011,1.7000000000000002,260,1.2000000000000002,0.0000,0.0000
2022,10,7,3,30,14.3,0,0,0,0,9.700000000000001,0,0,0,0,74.06,126.2,0.15,1012,1.7000000000000002,276,1.1,0.0000,0.0000
2022,10,7,4,30,14.200000000000001,0,0,0,0,9.5,0,0,0,0,73.31,114.21000000000001,0.15,1012,1.7000000000000002,301,0.9,0.0000,0.0000
2022,10,7,5,30,14.100000000000001,0,0,0,0,9.4,0,0,0,0,73.17,101.84,0.15,1012,1.7000000000000002,333,0.8,0.0000,0.0000
2022,10,7,6,30,14.9,10,90,12,0,9.4,10,90,0,12,69.57000000000001,89.03,0.15,1013,1.7000000000000002,180,0.6000000000000001,0.0000,0.0000
2022,10,7,7,30,17,54,568,180,0,11.3,54,568,0,180,69.28,77.19,0.15,1013,1.7000000000000002,8,0.4,8.6536,6.6235
2022,10,7,8,30,20,74,757,387,0,10.8,74,757,0,387,55.44,65.6,0.15,1013,1.7000000000000002,100,0.2,20.5493,15.9869
2022,10,7,9,30,23.8,86,849,572,0,11.700000000000001,86,849,0,572,46.660000000000004,55.050000000000004,0.15,1013,1.7000000000000002,207,0.4,32.3618,25.3346
2022,10,7,10,30,26.900000000000002,94,896,712,0,10.100000000000001,94,896,0,712,34.93,46.37,0.15,1013,1.7000000000000002,225,0.8,41.6410,32.6847
2022,10,7,11,30,28.3,99,913,790,0,9.5,99,913,14,790,30.900000000000002,40.85,0.15,1012,1.8,235,0.9,46.9121,36.8620
2022,10,7,12,30,29,99,918,804,0,9.8,99,918,0,804,30.23,39.86,0.15,1011,1.8,244,1,47.8562,37.6099
2022,10,7,13,30,29.3,95,905,749,0,10.200000000000001,95,905,0,749,30.48,43.730000000000004,0.15,1010,1.9000000000000001,254,1,44.1460,34.6703
2022,10,7,14,30,29.200000000000003,88,867,630,0,10.4,88,867,0,630,31.220000000000002,51.34,0.15,1009,2,266,1,36.2111,28.3850
2022,10,7,15,30,28.8,79,795,461,0,10.9,79,795,0,461,33.04,61.28,0.15,1009,2,276,0.9,25.2195,19.6825
2022,10,7,16,30,27.3,64,650,259,0,11.700000000000001,64,650,0,259,37.92,72.54,0.15,1009,2.1,285,0.8,12.9533,9.9955
2022,10,7,17,30,25.3,33,322,64,0,14.700000000000001,33,322,0,64,51.78,84.45,0.15,1010,2.1,293,0.7000000000000001,0.0000,0.0000
2022,10,7,18,30,24.5,0,0,0,0,11.600000000000001,0,0,0,0,44.34,96.96000000000001,0.15,1010,2.1,279,0.6000000000000001,0.0000,0.0000
2022,10,7,19,30,23.700000000000003,0,0,0,0,10.9,0,0,0,0,44.480000000000004,109.39,0.15,1011,2.1,226,0.5,0.0000,0.0000
2022,10,7,20,30,22,0,0,0,0,11,0,0,0,0,49.81,121.61,0.15,1011,2.1,192,0.8,0.0000,0.0000
2022,10,7,21,30,20.400000000000002,0,0,0,0,11.700000000000001,0,0,0,0,57.26,133.19,0.15,1011,2.2,200,1,0.0000,0.0000
2022,10,7,22,30,19.3,0,0,0,0,11.5,0,0,0,0,60.78,143.3,0.15,1011,2.2,219,1.1,0.0000,0.0000
2022,10,7,23,30,18.400000000000002,0,0,0,0,11.5,0,0,0,0,64.25,150.27,0.15,1011,2.3000000000000003,252,1,0.0000,0.0000
2022,10,8,0,30,17.3,0,0,0,0,11.8,0,0,0,0,70.14,151.61,0.15,1012,2.4000000000000004,293,1,0.0000,0.0000
2022,10,8,1,30,16.5,0,0,0,0,12.200000000000001,0,0,0,0,75.75,146.61,0.15,1012,2.4000000000000004,328,0.9,0.0000,0.0000
2022,10,8,2,30,16.5,0,0,0,0,12.700000000000001,0,0,0,0,78.38,137.5,0.15,1012,2.5,171,1,0.0000,0.0000
2022,10,8,3,30,16.400000000000002,0,0,0,8,12.9,0,0,0,0,79.82000000000001,126.38000000000001,0.15,1013,2.5,6,1.3,0.0000,0.0000
2022,10,8,4,30,15.9,0,0,0,0,13.100000000000001,0,0,0,0,83.52,114.37,0.15,1014,2.5,18,1.5,0.0000,0.0000
2022,10,8,5,30,15.4,0,0,0,0,13.200000000000001,0,0,0,0,86.78,101.99000000000001,0.15,1014,2.4000000000000004,25,1.6,0.0000,0.0000
2022,10,8,6,30,15.700000000000001,10,51,11,7,13.100000000000001,5,0,57,5,84.43,89.17,0.15,1014,2.4000000000000004,27,1.7000000000000002,0.0000,0.0000
2022,10,8,7,30,17,67,459,167,0,12.8,88,255,4,144,76.46000000000001,77.36,0.15,1015,2.3000000000000003,32,2.2,6.9155,5.2916
2022,10,8,8,30,18.900000000000002,96,670,371,7,11.100000000000001,167,337,0,305,60.39,65.8,0.15,1015,2.2,37,2.5,16.1705,12.5781
2022,10,8,9,30,20.700000000000003,107,788,556,0,10,136,699,0,534,50.31,55.29,0.15,1015,2.2,37,2.2,30.1780,23.6228
2022,10,8,10,30,22,109,857,697,0,10.3,109,857,0,697,47.35,46.67,0.15,1015,2.2,32,2,40.7254,31.9638
2022,10,8,11,30,22.8,114,876,773,0,10.9,114,876,29,773,46.96,41.2,0.15,1014,2.3000000000000003,25,1.7000000000000002,45.8632,36.0357
2022,10,8,12,30,23.3,120,870,784,0,11.4,120,870,0,784,47.12,40.25,0.15,1014,2.3000000000000003,18,1.6,46.6230,36.6384
2022,10,8,13,30,23.700000000000003,124,841,728,0,11.700000000000001,196,654,0,666,46.99,44.1,0.15,1013,2.3000000000000003,12,1.4000000000000001,39.2135,30.7942
2022,10,8,14,30,23.8,118,794,610,0,12,144,714,0,587,47.550000000000004,51.68,0.15,1013,2.3000000000000003,11,1.3,33.6944,26.4094
2022,10,8,15,30,23.3,105,710,443,0,12.200000000000001,121,643,0,427,49.550000000000004,61.59,0.15,1013,2.3000000000000003,16,1.2000000000000002,23.3141,18.1919
2022,10,8,16,30,22,81,556,245,0,12.600000000000001,81,556,0,245,55.36,72.83,0.15,1013,2.3000000000000003,31,1,12.2200,9.4255
2022,10,8,17,30,19.6,36,227,57,0,14.4,36,227,0,57,71.99,84.72,0.15,1013,2.2,53,0.9,0.0000,0.0000
2022,10,8,18,30,17.7,0,0,0,0,13.4,0,0,0,0,76.10000000000001,97.23,0.15,1014,2.2,70,1,0.0000,0.0000
2022,10,8,19,30,16.900000000000002,0,0,0,0,13.200000000000001,0,0,0,0,78.9,109.66,0.15,1014,2.2,79,1.1,0.0000,0.0000
2022,10,8,20,30,16.400000000000002,0,0,0,0,13.200000000000001,0,0,0,0,81.62,121.89,0.15,1015,2.2,84,1.3,0.0000,0.0000
2022,10,8,21,30,15.9,0,0,0,0,13.4,0,0,0,0,85.13,133.49,0.15,1015,2.2,84,1.3,0.0000,0.0000
2022,10,8,22,30,15.200000000000001,0,0,0,0,13.600000000000001,0,0,0,0,90.17,143.65,0.15,1015,2.2,81,1.2000000000000002,0.0000,0.0000
2022,10,8,23,30,14.600000000000001,0,0,0,0,13.700000000000001,0,0,0,0,94.29,150.66,0.15,1015,2.2,74,1.2000000000000002,0.0000,0.0000
2022,10,9,0,30,14,0,0,0,0,13.600000000000001,0,0,0,0,97.64,151.98,0.15,1015,2.1,67,1.1,0.0000,0.0000
2022,10,9,1,30,13.4,0,0,0,0,13.4,0,0,0,0,100,146.91,0.15,1015,2.1,59,1.1,0.0000,0.0000
2022,10,9,2,30,12.9,0,0,0,0,12.9,0,0,0,0,100,137.72,0.15,1015,2.1,52,1.2000000000000002,0.0000,0.0000
2022,10,9,3,30,12.5,0,0,0,0,12.5,0,0,0,0,100,126.56,0.15,1015,2.1,49,1.2000000000000002,0.0000,0.0000
2022,10,9,4,30,12.100000000000001,0,0,0,0,12.100000000000001,0,0,0,0,99.96000000000001,114.53,0.15,1016,2.1,48,1.3,0.0000,0.0000
2022,10,9,5,30,11.8,0,0,0,0,11.600000000000001,0,0,0,0,98.93,102.15,0.15,1016,2.1,49,1.4000000000000001,0.0000,0.0000
2022,10,9,6,30,12.200000000000001,10,34,10,0,11.200000000000001,10,34,0,10,93.64,89.3,0.15,1016,2.1,50,1.7000000000000002,0.0000,0.0000
2022,10,9,7,30,14.100000000000001,76,398,162,0,10.9,76,398,0,162,81.22,77.53,0.15,1017,2.1,60,2.3000000000000003,7.7721,5.9451
2022,10,9,8,30,16.8,113,609,361,0,10.600000000000001,136,331,0,271,66.85,66,0.15,1017,2.1,73,2.6,14.3458,11.1567
2022,10,9,9,30,19.3,135,717,541,0,10.4,139,664,0,515,56.27,55.53,0.15,1017,2.1,81,2.5,29.0713,22.7543
2022,10,9,10,30,21.200000000000003,150,770,676,0,10.9,190,562,0,574,51.93,46.96,0.15,1017,2.2,88,2.2,33.5077,26.2971
2022,10,9,11,30,22.700000000000003,159,795,754,0,11.9,226,523,29,617,50.53,41.56,0.15,1016,2.2,94,1.8,36.5747,28.7357
2022,10,9,12,30,23.6,165,786,762,3,12.8,255,219,0,421,50.74,40.63,0.15,1015,2.3000000000000003,100,1.5,25.0133,19.6554
2022,10,9,13,30,23.8,174,742,703,0,13.4,174,742,0,703,52.04,44.480000000000004,0.15,1014,2.3000000000000003,103,1.2000000000000002,41.3474,32.4675
2022,10,9,14,30,23.6,165,681,584,0,13.700000000000001,168,657,0,572,53.800000000000004,52.03,0.15,1014,2.4000000000000004,100,1.1,32.7875,25.6957
2022,10,9,15,30,23,144,581,418,0,14,144,581,0,418,56.800000000000004,61.9,0.15,1013,2.6,91,1.1,22.7776,17.7698
2022,10,9,16,30,21.8,108,401,224,0,14.5,108,401,0,224,63.04,73.12,0.15,1013,2.7,81,1.1,11.1424,8.5904
2022,10,9,17,30,20,36,110,46,0,15.3,36,110,0,46,74.55,84.99,0.15,1014,2.8000000000000003,77,1.1,0.0000,0.0000
2022,10,9,18,30,18.7,0,0,0,0,15.100000000000001,0,0,0,0,79.56,97.5,0.15,1014,2.9000000000000004,80,1.1,0.0000,0.0000
2022,10,9,19,30,18.2,0,0,0,3,15,0,0,0,0,81.78,109.93,0.15,1014,2.9000000000000004,85,1.2000000000000002,0.0000,0.0000
2022,10,9,20,30,17.8,0,0,0,0,15.200000000000001,0,0,0,0,84.53,122.17,0.15,1014,2.9000000000000004,88,1.2000000000000002,0.0000,0.0000
2022,10,9,21,30,17.3,0,0,0,0,15.3,0,0,0,0,88.17,133.8,0.15,1015,2.9000000000000004,89,1.1,0.0000,0.0000
2022,10,9,22,30,16.8,0,0,0,3,15.4,0,0,0,0,91.56,143.99,0.15,1015,2.9000000000000004,86,0.9,0.0000,0.0000
2022,10,9,23,30,16.5,0,0,0,3,15.4,0,0,0,0,93.49,151.04,0.15,1015,2.8000000000000003,79,0.8,0.0000,0.0000
2022,10,10,0,30,16.2,0,0,0,0,15.4,0,0,0,0,95.10000000000001,152.34,0.15,1015,2.8000000000000003,65,0.8,0.0000,0.0000
2022,10,10,1,30,15.9,0,0,0,0,15.3,0,0,0,0,96.08,147.20000000000002,0.15,1015,2.8000000000000003,51,0.8,0.0000,0.0000
2022,10,10,2,30,15.700000000000001,0,0,0,0,15.100000000000001,0,0,0,0,96.23,137.94,0.15,1015,2.8000000000000003,40,0.9,0.0000,0.0000
2022,10,10,3,30,15.4,0,0,0,0,14.8,0,0,0,0,96.52,126.74000000000001,0.15,1015,2.9000000000000004,34,1,0.0000,0.0000
2022,10,10,4,30,15.100000000000001,0,0,0,0,14.600000000000001,0,0,0,0,96.58,114.68,0.15,1015,2.8000000000000003,33,1,0.0000,0.0000
2022,10,10,5,30,14.9,0,0,0,0,14.3,0,0,0,0,96.2,102.3,0.15,1015,2.8000000000000003,34,1.1,0.0000,0.0000
2022,10,10,6,30,15.200000000000001,8,17,8,0,14.100000000000001,8,17,0,8,93,89.44,0.15,1015,2.7,37,1.4000000000000001,0.0000,0.0000
2022,10,10,7,30,16.6,82,322,151,0,14,70,240,0,121,84.60000000000001,77.7,0.15,1016,2.6,42,1.6,5.7996,4.4349
2022,10,10,8,30,18.900000000000002,126,549,347,3,14,130,259,0,234,73.07000000000001,66.21000000000001,0.15,1016,2.5,50,1.7000000000000002,12.3670,9.6160
2022,10,10,9,30,20.900000000000002,149,668,525,3,14.100000000000001,142,125,0,212,64.9,55.78,0.15,1016,2.5,57,1.8,11.9530,9.3547
2022,10,10,10,30,22.3,165,731,661,3,14.5,268,187,0,395,61.31,47.26,0.15,1016,2.4000000000000004,59,1.7000000000000002,23.0362,18.0776
2022,10,10,11,30,23.400000000000002,172,762,739,3,15,121,1,14,122,59.2,41.910000000000004,0.15,1016,2.4000000000000004,61,1.6,7.2255,5.6766
2022,10,10,12,30,24.200000000000003,163,786,756,3,15.3,206,2,0,208,57.74,41.02,0.15,1015,2.4000000000000004,64,1.5,12.3464,9.7011
2022,10,10,13,30,24.6,146,790,706,3,15.5,194,114,0,275,56.94,44.85,0.15,1015,2.4000000000000004,68,1.4000000000000001,16.1570,12.6861
2022,10,10,14,30,24.5,137,740,589,0,15.5,156,529,0,479,57.44,52.370000000000005,0.15,1014,2.4000000000000004,70,1.4000000000000001,27.4188,21.4858
2022,10,10,15,30,24,119,653,423,0,15.600000000000001,119,653,0,423,59.46,62.22,0.15,1014,2.5,71,1.4000000000000001,23.0025,17.9414
2022,10,10,16,30,22.8,90,482,228,0,15.700000000000001,90,482,0,228,64.19,73.4,0.15,1014,2.5,72,1.5,11.3120,8.7171
2022,10,10,17,30,20.8,35,147,47,0,16.5,35,147,0,47,76.49,85.25,0.15,1015,2.5,75,1.3,0.0000,0.0000
2022,10,10,18,30,19.400000000000002,0,0,0,0,16.400000000000002,0,0,0,0,82.60000000000001,97.76,0.15,1015,2.4000000000000004,79,1.3,0.0000,0.0000
2022,10,10,19,30,18.900000000000002,0,0,0,0,16.2,0,0,0,0,84.44,110.2,0.15,1016,2.4000000000000004,83,1.4000000000000001,0.0000,0.0000
2022,10,10,20,30,18.400000000000002,0,0,0,0,16.1,0,0,0,0,86.67,122.45,0.15,1016,2.4000000000000004,85,1.4000000000000001,0.0000,0.0000
2022,10,10,21,30,17.8,0,0,0,0,16.1,0,0,0,0,89.88,134.1,0.15,1017,2.4000000000000004,85,1.3,0.0000,0.0000
2022,10,10,22,30,17.400000000000002,0,0,0,0,16.1,0,0,0,0,91.81,144.33,0.15,1017,2.4000000000000004,83,1.3,0.0000,0.0000
2022,10,10,23,30,17.2,0,0,0,0,16,0,0,0,0,92.44,151.42000000000002,0.15,1017,2.4000000000000004,80,1.3,0.0000,0.0000
2022,10,11,0,30,17,0,0,0,0,15.9,0,0,0,0,93.12,152.71,0.15,1017,2.4000000000000004,78,1.3,0.0000,0.0000
2022,10,11,1,30,16.900000000000002,0,0,0,0,15.8,0,0,0,0,92.94,147.49,0.15,1017,2.4000000000000004,75,1.4000000000000001,0.0000,0.0000
2022,10,11,2,30,16.900000000000002,0,0,0,0,15.600000000000001,0,0,0,0,92.05,138.16,0.15,1017,2.4000000000000004,73,1.5,0.0000,0.0000
2022,10,11,3,30,16.6,0,0,0,0,15.4,0,0,0,0,92.75,126.92,0.15,1017,2.4000000000000004,70,1.5,0.0000,0.0000
2022,10,11,4,30,16.400000000000002,0,0,0,0,15.200000000000001,0,0,0,0,92.71000000000001,114.84,0.15,1017,2.4000000000000004,69,1.6,0.0000,0.0000
2022,10,11,5,30,16.2,0,0,0,0,15,0,0,0,0,92.64,102.45,0.15,1017,2.3000000000000003,67,1.6,0.0000,0.0000
2022,10,11,6,30,16.2,9,40,9,0,14.8,9,40,0,9,91.38,89.58,0.15,1018,2.3000000000000003,64,1.7000000000000002,0.0000,0.0000
2022,10,11,7,30,17.1,64,457,160,0,14.600000000000001,69,296,0,131,85.01,77.88,0.15,1018,2.3000000000000003,64,1.8,6.2729,4.7953
2022,10,11,8,30,19,91,678,362,0,14.200000000000001,91,678,0,362,73.55,66.41,0.15,1019,2.3000000000000003,66,2,19.1019,14.8500
2022,10,11,9,30,21.400000000000002,104,785,543,3,13.600000000000001,170,357,0,370,60.94,56.02,0.15,1019,2.3000000000000003,72,2.2,20.8371,16.3060
2022,10,11,10,30,23.5,114,837,679,0,13.4,114,837,0,679,52.96,47.56,0.15,1019,2.3000000000000003,79,2.2,39.5601,31.0426
2022,10,11,11,30,24.8,121,856,754,0,14,140,808,14,738,51.1,42.27,0.15,1018,2.4000000000000004,83,2,43.6681,34.3045
2022,10,11,12,30,25.6,139,825,758,3,14.9,317,131,0,415,51.5,41.4,0.15,1018,2.5,87,1.8,24.6103,19.3362
2022,10,11,13,30,25.8,156,762,693,3,15.4,350,184,7,480,52.72,45.22,0.15,1017,2.6,90,1.7000000000000002,28.1708,22.1173
2022,10,11,14,30,25.6,146,712,577,3,15.8,287,151,0,378,54.75,52.71,0.15,1016,2.7,92,1.7000000000000002,21.6070,16.9297
2022,10,11,15,30,24.900000000000002,125,623,412,3,16.2,183,21,0,193,58.410000000000004,62.53,0.15,1016,2.8000000000000003,94,1.8,10.4739,8.1677
2022,10,11,16,30,23.700000000000003,92,451,219,3,16.3,106,224,0,169,63.370000000000005,73.69,0.15,1016,2.8000000000000003,96,1.6,8.3623,6.4410
2022,10,11,17,30,21.8,33,122,43,3,16.7,24,33,82,27,73.02,85.51,0.15,1016,2.9000000000000004,98,1.3,0.0000,0.0000
2022,10,11,18,30,20.5,0,0,0,3,16.8,0,0,0,0,79.12,98.02,0.15,1016,3,101,1.3,0.0000,0.0000
2022,10,11,19,30,20.1,0,0,0,3,16.7,0,0,0,0,80.89,110.46000000000001,0.15,1016,3.1,105,1.5,0.0000,0.0000
2022,10,11,20,30,19.6,0,0,0,3,16.900000000000002,0,0,0,0,84.39,122.72,0.15,1017,3.1,111,1.5,0.0000,0.0000
2022,10,11,21,30,19,0,0,0,0,17.1,0,0,0,0,88.78,134.4,0.15,1017,3.1,115,1.4000000000000001,0.0000,0.0000
2022,10,11,22,30,18.7,0,0,0,0,17.3,0,0,0,0,91.3,144.67000000000002,0.15,1016,3.1,117,1.4000000000000001,0.0000,0.0000
2022,10,11,23,30,18.5,0,0,0,0,17.3,0,0,0,0,92.76,151.8,0.15,1016,3.2,116,1.5,0.0000,0.0000
2022,10,12,0,30,18.400000000000002,0,0,0,0,17.3,0,0,0,0,93.15,153.07,0.15,1016,3.3000000000000003,114,1.4000000000000001,0.0000,0.0000
2022,10,12,1,30,18.3,0,0,0,0,17.2,0,0,0,0,93.56,147.77,0.15,1016,3.4000000000000004,114,1.4000000000000001,0.0000,0.0000
2022,10,12,2,30,18.3,0,0,0,0,17.3,0,0,0,0,93.60000000000001,138.38,0.15,1016,3.5,115,1.4000000000000001,0.0000,0.0000
2022,10,12,3,30,18.3,0,0,0,3,17.3,0,0,0,0,93.71000000000001,127.10000000000001,0.15,1015,3.6,116,1.5,0.0000,0.0000
2022,10,12,4,30,18.1,0,0,0,8,17.3,0,0,0,0,95.23,115,0.15,1015,3.7,114,1.4000000000000001,0.0000,0.0000
2022,10,12,5,30,17.7,0,0,0,8,17.3,0,0,0,0,97.77,102.60000000000001,0.15,1015,3.8000000000000003,110,1.2000000000000002,0.0000,0.0000
2022,10,12,6,30,18,8,20,8,5,17.3,4,0,57,4,95.5,89.72,0.15,1015,3.8000000000000003,113,1.3,0.0000,0.0000
2022,10,12,7,30,19.400000000000002,68,381,147,8,17.400000000000002,73,20,11,77,88.06,78.05,0.15,1015,3.9000000000000004,116,1.7000000000000002,3.6841,2.8155
2022,10,12,8,30,21.400000000000002,98,610,340,8,17.8,151,320,4,278,79.74,66.61,0.15,1015,3.9000000000000004,121,1.9000000000000001,14.6462,11.3840
2022,10,12,9,30,23.5,113,728,517,7,18.1,213,140,4,291,71.85000000000001,56.27,0.15,1015,3.9000000000000004,130,2.2,16.3681,12.8075
2022,10,12,10,30,24.900000000000002,119,793,651,7,18.400000000000002,231,81,0,285,67.37,47.86,0.15,1014,3.9000000000000004,139,2.2,16.5883,13.0158
2022,10,12,11,30,25.3,121,823,727,7,18.7,254,439,4,577,66.75,42.62,0.15,1014,4,148,1.9000000000000001,34.1104,26.7945
2022,10,12,12,30,25.200000000000003,123,826,739,0,18.8,181,543,0,586,67.66,41.78,0.15,1013,4,152,1.6,34.7178,27.2757
2022,10,12,13,30,24.700000000000003,119,808,684,0,18.900000000000002,119,808,0,684,70.22,45.59,0.15,1012,4.1000000000000005,141,1.2000000000000002,40.0991,31.4799
2022,10,12,14,30,24.200000000000003,109,768,571,3,19.1,245,137,7,327,73.29,53.050000000000004,0.15,1011,4.1000000000000005,129,1,18.6651,14.6230
2022,10,12,15,30,23.5,95,683,407,7,19.3,161,25,0,172,77.54,62.83,0.15,1010,4.3,128,0.9,9.3156,7.2630
2022,10,12,16,30,22.3,71,526,216,7,19.6,65,5,0,66,84.52,73.97,0.15,1010,4.4,122,1,3.2574,2.5078
2022,10,12,17,30,21.1,28,184,42,6,19.6,11,0,100,11,91.29,85.77,0.15,1010,4.5,115,1.2000000000000002,0.0000,0.0000
2022,10,12,18,30,20.400000000000002,0,0,0,6,19.6,0,0,0,0,95.4,98.28,0.15,1010,4.5,111,1.4000000000000001,0.0000,0.0000
2022,10,12,19,30,19.900000000000002,0,0,0,9,19.6,0,0,0,0,98.06,110.72,0.15,1010,4.5,107,1.5,0.0000,0.0000
2022,10,12,20,30,19.400000000000002,0,0,0,6,19.1,0,0,0,0,98.14,122.99000000000001,0.15,1010,4.4,103,1.6,0.0000,0.0000
2022,10,12,21,30,18.7,0,0,0,6,18.400000000000002,0,0,0,0,97.9,134.69,0.15,1010,4.4,92,1.6,0.0000,0.0000
2022,10,12,22,30,18.2,0,0,0,6,17.900000000000002,0,0,0,0,98.19,145,0.15,1009,4.4,74,1.4000000000000001,0.0000,0.0000
2022,10,12,23,30,17.900000000000002,0,0,0,6,17.5,0,0,0,0,97.74000000000001,152.17000000000002,0.15,1008,4.5,58,1.2000000000000002,0.0000,0.0000
2022,10,13,0,30,17.7,0,0,0,6,17.3,0,0,0,0,97.63,153.43,0.15,1007,4.5,52,1.2000000000000002,0.0000,0.0000
2022,10,13,1,30,17.6,0,0,0,6,17.2,0,0,0,0,97.51,148.06,0.15,1006,4.4,50,1.1,0.0000,0.0000
2022,10,13,2,30,17.5,0,0,0,7,17.2,0,0,0,0,98.14,138.6,0.15,1005,4.2,34,0.8,0.0000,0.0000
2022,10,13,3,30,17.400000000000002,0,0,0,7,17.2,0,0,0,0,98.74000000000001,127.28,0.15,1004,4,178,0.7000000000000001,0.0000,0.0000
2022,10,13,4,30,17.2,0,0,0,7,17.1,0,0,0,0,99.11,115.16,0.15,1004,3.8000000000000003,332,0.8,0.0000,0.0000
2022,10,13,5,30,16.900000000000002,0,0,0,7,16.8,0,0,0,0,99.63,102.76,0.15,1004,3.6,327,0.8,0.0000,0.0000
2022,10,13,6,30,17.1,8,53,8,0,16.6,8,53,0,8,96.66,89.86,0.15,1004,3.4000000000000004,322,0.9,0.0000,0.0000
2022,10,13,7,30,18.3,52,505,155,0,17,53,486,0,152,92.29,78.23,0.15,1004,3.3000000000000003,303,0.8,7.2666,5.5516
2022,10,13,8,30,20.6,74,709,353,8,17.900000000000002,65,196,39,142,84.42,66.82000000000001,0.15,1004,3.3000000000000003,265,0.8,7.4687,5.8040
2022,10,13,9,30,23.200000000000003,86,804,530,8,18.7,180,27,0,195,75.95,56.52,0.15,1003,3.3000000000000003,237,1.1,10.9548,8.5708
2022,10,13,10,30,24.700000000000003,97,846,661,8,18.400000000000002,195,9,0,201,68.08,48.160000000000004,0.15,1002,3.4000000000000004,235,1.4000000000000001,11.6873,9.1696
2022,10,13,11,30,25.700000000000003,106,860,735,8,18.6,191,8,7,197,64.94,42.97,0.15,1002,3.4000000000000004,239,1.7000000000000002,11.6352,9.1391
2022,10,13,12,30,26.400000000000002,108,862,747,3,18.900000000000002,357,112,0,440,63.24,42.160000000000004,0.15,1001,3.3000000000000003,245,1.9000000000000001,26.0426,20.4588
2022,10,13,13,30,26.5,105,852,697,8,18.900000000000002,323,233,0,485,63.02,45.96,0.15,1000,3,250,2,28.4009,22.2944
2022,10,13,14,30,26.400000000000002,95,824,586,0,18.8,191,494,4,486,63.1,53.39,0.15,1000,2.7,253,1.9000000000000001,27.7007,21.6992
2022,10,13,15,30,25.900000000000002,80,761,424,8,18.6,196,241,0,305,64.12,63.14,0.15,999,2.5,255,1.9000000000000001,16.4844,12.8494
2022,10,13,16,30,24.6,60,618,228,0,18.5,71,543,0,218,68.67,74.25,0.15,1000,2.3000000000000003,250,1.5,10.7317,8.2582
2022,10,13,17,30,22.3,26,253,44,0,18.900000000000002,26,253,0,44,81.06,86.03,0.15,1000,2.2,244,1.3,0.0000,0.0000
2022,10,13,18,30,20.8,0,0,0,0,17.8,0,0,0,0,83.14,98.53,0.15,1001,2,243,1.4000000000000001,0.0000,0.0000
2022,10,13,19,30,19.900000000000002,0,0,0,0,16.8,0,0,0,0,82.09,110.97,0.15,1001,1.8,250,1.6,0.0000,0.0000
2022,10,13,20,30,19,0,0,0,0,15.200000000000001,0,0,0,0,78.85000000000001,123.26,0.15,1002,1.6,261,1.8,0.0000,0.0000
2022,10,13,21,30,17.8,0,0,0,0,13,0,0,0,0,73.62,134.98,0.15,1003,1.5,274,1.8,0.0000,0.0000
2022,10,13,22,30,16.5,0,0,0,0,11.4,0,0,0,0,72.01,145.33,0.15,1003,1.4000000000000001,289,1.5,0.0000,0.0000
2022,10,13,23,30,15.3,0,0,0,0,10.600000000000001,0,0,0,0,73.57000000000001,152.54,0.15,1004,1.3,303,1.4000000000000001,0.0000,0.0000
2022,10,14,0,30,14.200000000000001,0,0,0,0,9.9,0,0,0,0,75.26,153.79,0.15,1005,1.2000000000000002,314,1.3,0.0000,0.0000
2022,10,14,1,30,13.200000000000001,0,0,0,0,9.200000000000001,0,0,0,0,76.49,148.34,0.15,1005,1.1,319,1.2000000000000002,0.0000,0.0000
2022,10,14,2,30,12.3,0,0,0,0,8.5,0,0,0,0,77.72,138.82,0.15,1006,1.1,320,1.1,0.0000,0.0000
2022,10,14,3,30,11.5,0,0,0,0,8,0,0,0,0,79.04,127.46000000000001,0.15,1006,1.1,321,1.1,0.0000,0.0000
2022,10,14,4,30,10.8,0,0,0,0,7.6000000000000005,0,0,0,0,80.71000000000001,115.32000000000001,0.15,1007,1.1,322,1.1,0.0000,0.0000
2022,10,14,5,30,10.3,0,0,0,0,7.300000000000001,0,0,0,0,81.87,102.91,0.15,1007,1,324,1.1,0.0000,0.0000
2022,10,14,6,30,11,7,68,7,0,7.1000000000000005,7,68,0,7,76.94,89.98,0.15,1007,1,327,1.2000000000000002,0.0000,0.0000
2022,10,14,7,30,13.4,46,612,169,0,7.300000000000001,46,612,0,169,66.59,78.41,0.15,1008,1,326,1.3,8.0735,6.1662
2022,10,14,8,30,16.7,65,800,377,0,7.7,65,800,0,377,55.5,67.03,0.15,1008,1.1,340,1.2000000000000002,19.7953,15.3800
2022,10,14,9,30,19.700000000000003,75,888,562,0,5.9,75,888,0,562,40.56,56.77,0.15,1009,1.1,351,1.2000000000000002,31.5327,24.6679
2022,10,14,10,30,21.400000000000002,83,929,699,0,4,83,929,0,699,31.93,48.46,0.15,1009,1.2000000000000002,333,1.2000000000000002,40.6026,31.8534
2022,10,14,11,30,22.400000000000002,87,945,775,0,3.9000000000000004,87,945,0,775,29.900000000000002,43.32,0.15,1008,1.3,314,1.3,45.7298,35.9170
2022,10,14,12,30,23.1,89,945,785,0,4.1000000000000005,89,945,0,785,29.04,42.53,0.15,1008,1.3,303,1.3,46.4177,36.4627
2022,10,14,13,30,23.400000000000002,86,928,727,0,4.3,86,928,0,727,28.94,46.32,0.15,1007,1.4000000000000001,292,1.3,42.5249,33.3788
2022,10,14,14,30,23.400000000000002,80,892,608,0,4.5,80,892,0,608,29.400000000000002,53.72,0.15,1007,1.4000000000000001,284,1.2000000000000002,34.6049,27.1044
2022,10,14,15,30,23,70,821,437,0,4.9,70,821,0,437,30.82,63.440000000000005,0.15,1007,1.4000000000000001,277,1.1,23.5702,18.3687
2022,10,14,16,30,21.6,54,679,235,0,5.7,54,679,0,235,35.42,74.52,0.15,1007,1.3,269,0.9,11.5405,8.8764
2022,10,14,17,30,19.5,25,280,43,0,8.6,25,280,0,43,49.480000000000004,86.28,0.15,1007,1.2000000000000002,253,0.8,0.0000,0.0000
2022,10,14,18,30,18.3,0,0,0,0,5.9,0,0,0,0,44.26,98.78,0.15,1008,1.1,228,1,0.0000,0.0000
2022,10,14,19,30,17.3,0,0,0,0,5.7,0,0,0,0,46.38,111.23,0.15,1008,1.1,208,1.1,0.0000,0.0000
2022,10,14,20,30,16,0,0,0,0,6,0,0,0,0,51.52,123.52,0.15,1009,1.1,200,1.2000000000000002,0.0000,0.0000
2022,10,14,21,30,14.9,0,0,0,0,6.300000000000001,0,0,0,0,56.38,135.27,0.15,1009,1.1,202,1.3,0.0000,0.0000
2022,10,14,22,30,13.8,0,0,0,0,6.5,0,0,0,0,61.300000000000004,145.66,0.15,1010,1.1,210,1.2000000000000002,0.0000,0.0000
2022,10,14,23,30,13.100000000000001,0,0,0,0,6.5,0,0,0,0,64.34,152.91,0.15,1010,1.1,218,1.2000000000000002,0.0000,0.0000
2022,10,15,0,30,12.5,0,0,0,0,6.5,0,0,0,0,66.99,154.14000000000001,0.15,1010,1.1,227,1.2000000000000002,0.0000,0.0000
2022,10,15,1,30,12,0,0,0,0,6.6000000000000005,0,0,0,0,69.57000000000001,148.62,0.15,1011,1.1,235,1.2000000000000002,0.0000,0.0000
2022,10,15,2,30,11.600000000000001,0,0,0,0,6.7,0,0,0,0,72.02,139.03,0.15,1011,1.2000000000000002,242,1.2000000000000002,0.0000,0.0000
2022,10,15,3,30,11.4,0,0,0,0,6.800000000000001,0,0,0,0,73.47,127.63000000000001,0.15,1011,1.2000000000000002,245,1.2000000000000002,0.0000,0.0000
2022,10,15,4,30,11.200000000000001,0,0,0,0,6.9,0,0,0,0,74.85000000000001,115.48,0.15,1011,1.4000000000000001,245,1.2000000000000002,0.0000,0.0000
2022,10,15,5,30,11.100000000000001,0,0,0,0,7,0,0,29,0,75.94,103.07000000000001,0.15,1012,1.5,242,1.1,0.0000,0.0000
2022,10,15,6,30,11.8,6,56,6,0,7.2,6,56,0,6,73.21000000000001,90.11,0.15,1012,1.6,239,1,0.0000,0.0000
2022,10,15,7,30,14.100000000000001,47,570,160,0,9,47,570,0,160,71.22,78.58,0.15,1013,1.7000000000000002,235,0.8,7.6390,5.8326
2022,10,15,8,30,17.2,66,764,362,0,9.1,66,764,0,362,58.99,67.23,0.15,1013,1.8,223,0.8,18.9769,14.7412
2022,10,15,9,30,20.900000000000002,78,854,543,0,10.600000000000001,78,854,0,543,51.800000000000004,57.02,0.15,1013,1.8,218,1.1,30.4282,23.8011
2022,10,15,10,30,24,85,901,679,0,8.5,85,901,0,679,37.11,48.76,0.15,1013,1.8,226,1.3,39.4001,30.9076
2022,10,15,11,30,25.400000000000002,90,921,756,0,8.200000000000001,90,921,0,756,33.45,43.67,0.15,1012,1.8,228,1.2000000000000002,44.5659,35.0005
2022,10,15,12,30,26.400000000000002,90,924,767,0,8.5,90,924,0,767,32.33,42.910000000000004,0.15,1012,1.8,228,1.1,45.3077,35.5883
2022,10,15,13,30,27,88,908,711,0,8.700000000000001,88,908,0,711,31.64,46.69,0.15,1011,1.8,227,1.1,41.5408,32.6036
2022,10,15,14,30,27,83,866,591,0,8.8,83,866,0,591,31.84,54.050000000000004,0.15,1011,1.9000000000000001,226,1.2000000000000002,33.5886,26.3052
2022,10,15,15,30,26.400000000000002,73,788,422,0,9.4,73,788,0,422,34.38,63.74,0.15,1010,1.9000000000000001,224,1.1,22.7138,17.6973
2022,10,15,16,30,24.1,56,633,222,0,10.4,56,633,0,222,41.980000000000004,74.8,0.15,1010,1.9000000000000001,219,0.9,10.8749,8.3604
2022,10,15,17,30,20.700000000000003,23,231,37,0,13.4,23,231,0,37,62.89,86.53,0.15,1011,1.9000000000000001,213,1,0.0000,0.0000
2022,10,15,18,30,18.5,0,0,0,3,10.700000000000001,0,0,0,0,60.63,99.03,0.15,1011,1.9000000000000001,208,1.1,0.0000,0.0000
2022,10,15,19,30,17.5,0,0,0,8,10,0,0,0,0,61.61,111.47,0.15,1011,1.9000000000000001,206,1.1,0.0000,0.0000
2022,10,15,20,30,16.8,0,0,0,0,9.600000000000001,0,0,0,0,62.71,123.78,0.15,1011,1.9000000000000001,206,1.1,0.0000,0.0000
2022,10,15,21,30,16.1,0,0,0,0,9.600000000000001,0,0,0,0,65.42,135.55,0.15,1011,1.9000000000000001,209,1.2000000000000002,0.0000,0.0000
2022,10,15,22,30,15.5,0,0,0,0,9.600000000000001,0,0,0,0,67.73,145.98,0.15,1011,1.8,216,1.3,0.0000,0.0000
2022,10,15,23,30,14.8,0,0,0,0,9.5,0,0,0,0,70.62,153.28,0.15,1011,1.8,225,1.3,0.0000,0.0000
2022,10,16,0,30,14,0,0,0,0,9.5,0,0,0,0,74.38,154.5,0.15,1011,1.7000000000000002,232,1.2000000000000002,0.0000,0.0000
2022,10,16,1,30,13.3,0,0,0,0,9.600000000000001,0,0,0,0,78.12,148.9,0.15,1012,1.7000000000000002,240,1.2000000000000002,0.0000,0.0000
2022,10,16,2,30,12.600000000000001,0,0,0,0,9.600000000000001,0,0,0,0,81.91,139.25,0.15,1011,1.7000000000000002,249,1.1,0.0000,0.0000
2022,10,16,3,30,11.9,0,0,0,0,9.600000000000001,0,0,0,0,85.58,127.81,0.15,1011,1.7000000000000002,254,1,0.0000,0.0000
2022,10,16,4,30,11.5,0,0,0,0,9.4,0,0,0,0,87.03,115.64,0.15,1011,1.6,252,0.9,0.0000,0.0000
2022,10,16,5,30,11.200000000000001,0,0,0,0,9.200000000000001,0,0,0,0,87.52,103.22,0.15,1011,1.6,255,1,0.0000,0.0000
2022,10,16,6,30,12.3,7,43,6,0,9.1,7,43,0,6,80.57000000000001,90.87,0.15,1011,1.5,265,1.1,0.0000,0.0000
2022,10,16,7,30,15.100000000000001,51,530,154,0,9.5,51,530,0,154,69.25,78.76,0.15,1012,1.5,269,1.2000000000000002,7.3485,5.6092
2022,10,16,8,30,18.400000000000002,72,746,358,0,9.700000000000001,72,746,0,358,56.97,67.44,0.15,1012,1.5,256,1.1,18.7351,14.5503
2022,10,16,9,30,22.5,84,847,542,0,10.9,84,847,0,542,48.01,57.27,0.15,1011,1.5,250,1.1,30.3332,23.7242
2022,10,16,10,30,26,90,897,678,0,9.5,90,897,0,678,35.300000000000004,49.06,0.15,1011,1.5,255,1.4000000000000001,39.3009,30.8272
2022,10,16,11,30,27.6,95,915,753,0,8,95,915,0,753,28.97,44.02,0.15,1010,1.6,254,1.5,44.3459,34.8253
2022,10,16,12,30,28.3,98,911,761,0,8.200000000000001,121,860,0,747,28.32,43.28,0.15,1009,1.7000000000000002,246,1.4000000000000001,44.0824,34.6234
2022,10,16,13,30,28.5,97,889,703,7,8.6,270,386,0,533,28.67,47.04,0.15,1008,1.8,236,1.4000000000000001,31.1063,24.4120
2022,10,16,14,30,28.3,90,846,583,0,9,152,659,0,536,29.8,54.38,0.15,1007,1.9000000000000001,229,1.4000000000000001,30.4180,23.8191
2022,10,16,15,30,27.400000000000002,79,764,413,0,9.8,79,764,0,413,33.22,64.04,0.15,1007,2,220,1.4000000000000001,22.1825,17.2794
2022,10,16,16,30,24.700000000000003,60,603,215,0,11.3,60,603,0,215,42.95,75.07000000000001,0.15,1006,2,211,1.1,10.5071,8.0737
2022,10,16,17,30,21.1,23,202,34,3,13.3,23,29,93,25,61.230000000000004,86.77,0.15,1006,2,206,1,0.0000,0.0000
2022,10,16,18,30,19.400000000000002,0,0,0,7,11.100000000000001,0,0,0,0,58.71,99.28,0.15,1006,1.9000000000000001,201,1.2000000000000002,0.0000,0.0000
2022,10,16,19,30,19.1,0,0,0,0,10.5,0,0,0,0,57.36,111.72,0.15,1006,1.9000000000000001,199,1.4000000000000001,0.0000,0.0000
2022,10,16,20,30,18.7,0,0,0,0,10.4,0,0,0,0,58.39,124.03,0.15,1006,1.9000000000000001,201,1.4000000000000001,0.0000,0.0000
2022,10,16,21,30,18.2,0,0,0,8,10.9,0,0,0,0,62.440000000000005,135.82,0.15,1006,2,208,1.3,0.0000,0.0000
2022,10,16,22,30,17.8,0,0,0,7,11.600000000000001,0,0,0,0,66.86,146.3,0.15,1006,2.1,215,1.2000000000000002,0.0000,0.0000
2022,10,16,23,30,17.5,0,0,0,7,12,0,0,0,0,70.32000000000001,153.64000000000001,0.15,1005,2.2,219,1.3,0.0000,0.0000
2022,10,17,0,30,17.5,0,0,0,7,12,0,0,0,0,70.29,154.85,0.15,1005,2.3000000000000003,220,1.4000000000000001,0.0000,0.0000
2022,10,17,1,30,17.2,0,0,0,7,11.9,0,0,0,0,71.15,149.18,0.15,1004,2.4000000000000004,219,1.5,0.0000,0.0000
2022,10,17,2,30,16.7,0,0,0,8,12.4,0,0,0,0,75.59,139.46,0.15,1004,2.4000000000000004,219,1.5,0.0000,0.0000
2022,10,17,3,30,16.1,0,0,0,5,12.700000000000001,0,0,0,0,80.14,127.98,0.15,1004,2.5,225,1.4000000000000001,0.0000,0.0000
2022,10,17,4,30,15.9,0,0,0,7,12.9,0,0,0,0,82.11,115.8,0.15,1003,2.6,231,1.3,0.0000,0.0000
2022,10,17,5,30,15.700000000000001,0,0,0,7,13,0,0,0,0,84.08,103.38,0.15,1003,2.7,232,1.2000000000000002,0.0000,0.0000
2022,10,17,6,30,15.8,5,21,5,7,13.100000000000001,2,0,43,2,84.23,91.03,0.15,1003,2.7,226,1.3,0.0000,0.0000
2022,10,17,7,30,16.900000000000002,62,409,140,8,13.4,65,6,4,66,79.61,78.95,0.15,1003,2.6,220,1.5,3.1479,2.4021
2022,10,17,8,30,19.200000000000003,92,637,334,7,13.8,81,4,0,83,70.75,67.65,0.15,1003,2.6,223,1.7000000000000002,4.3361,3.3668
2022,10,17,9,30,22.3,108,750,511,7,14.100000000000001,136,14,0,144,59.95,57.52,0.15,1003,2.6,236,2,8.0486,6.2942
2022,10,17,10,30,24.900000000000002,118,808,644,8,14.700000000000001,271,240,0,427,53.08,49.370000000000005,0.15,1002,2.6,242,2.5,24.7243,19.3919
2022,10,17,11,30,26.3,123,832,718,0,14.5,197,662,0,670,48.34,44.37,0.15,1001,2.6,240,2.8000000000000003,39.4188,30.9538
2022,10,17,12,30,26.900000000000002,122,842,731,0,14.100000000000001,176,729,0,703,45.26,43.65,0.15,1000,2.6,239,3,41.4439,32.5487
2022,10,17,13,30,27.1,117,828,677,0,13.8,117,828,0,677,43.910000000000004,47.4,0.15,999,2.5,239,3.1,39.4643,30.9686
2022,10,17,14,30,27.1,119,759,557,0,13.8,119,759,0,557,43.93,54.71,0.15,998,2.5,240,3.2,31.5625,24.7122
2022,10,17,15,30,26.5,113,632,387,0,13.8,113,632,0,387,45.7,64.33,0.15,997,2.4000000000000004,242,3,20.7431,16.1545
2022,10,17,16,30,25.1,86,421,193,0,14,95,236,0,155,50.25,75.34,0.15,997,2.5,245,2.4000000000000004,7.5573,5.8043
2022,10,17,17,30,23.1,23,84,27,0,14.3,23,84,0,27,57.52,87.01,0.15,998,2.4000000000000004,249,1.7000000000000002,0.0000,0.0000
2022,10,17,18,30,21.700000000000003,0,0,0,0,14,0,0,0,0,61.4,99.52,0.15,998,2.4000000000000004,257,1.6,0.0000,0.0000
2022,10,17,19,30,20.700000000000003,0,0,0,0,13.5,0,0,0,0,63.51,111.96000000000001,0.15,998,2.2,268,1.6,0.0000,0.0000
2022,10,17,20,30,19.200000000000003,0,0,0,0,12.700000000000001,0,0,0,0,65.96000000000001,124.28,0.15,999,2,278,1.6,0.0000,0.0000
2022,10,17,21,30,17.6,0,0,0,0,11.8,0,0,0,0,68.58,136.1,0.15,999,1.8,286,1.5,0.0000,0.0000
2022,10,17,22,30,16.2,0,0,0,0,10.3,0,0,0,0,67.86,146.61,0.15,999,1.6,293,1.4000000000000001,0.0000,0.0000
2022,10,17,23,30,14.9,0,0,0,0,9.1,0,0,0,0,68.34,154.01,0.15,1000,1.5,301,1.3,0.0000,0.0000
2022,10,18,0,30,13.600000000000001,0,0,0,0,8.3,0,0,0,0,70.12,155.20000000000002,0.15,1000,1.4000000000000001,311,1.3,0.0000,0.0000
2022,10,18,1,30,12.3,0,0,0,0,7.300000000000001,0,0,0,0,71.47,149.45000000000002,0.15,1000,1.2000000000000002,322,1.2000000000000002,0.0000,0.0000
2022,10,18,2,30,11.200000000000001,0,0,0,0,6.300000000000001,0,0,0,0,71.78,139.67000000000002,0.15,1000,1.1,329,1.1,0.0000,0.0000
2022,10,18,3,30,10.200000000000001,0,0,0,0,5.1000000000000005,0,0,0,0,70.72,128.16,0.15,1001,1,332,1.1,0.0000,0.0000
2022,10,18,4,30,9.200000000000001,0,0,0,0,3.6,0,0,0,0,68.23,115.95,0.15,1001,0.9,333,1.2000000000000002,0.0000,0.0000
2022,10,18,5,30,8.3,0,0,0,0,2.2,0,0,0,0,65.53,103.54,0.15,1002,0.9,336,1.2000000000000002,0.0000,0.0000
2022,10,18,6,30,8.1,7,55,6,0,0.2,7,55,0,6,57.36,91.2,0.15,1003,0.8,339,1.5,0.0000,0.0000
2022,10,18,7,30,9.200000000000001,45,606,159,0,-1.1,45,606,0,159,48.59,79.13,0.15,1004,0.8,345,2.1,7.5810,5.7834
2022,10,18,8,30,10.8,64,809,369,0,-3.4000000000000004,64,809,0,369,36.67,67.86,0.15,1005,0.8,346,2.4000000000000004,19.2438,14.9389
2022,10,18,9,30,12.3,75,903,557,0,-4.4,75,903,0,557,31.02,57.77,0.15,1005,0.7000000000000001,337,2.2,31.0916,24.3116
2022,10,18,10,30,13.700000000000001,81,953,698,0,-4.4,81,953,0,698,28.14,49.67,0.15,1004,0.7000000000000001,324,2.1,40.3722,31.6623
2022,10,18,11,30,14.9,84,975,777,0,-4.3,84,975,0,777,26.22,44.71,0.15,1004,0.7000000000000001,314,2.2,45.6695,35.8597
2022,10,18,12,30,15.700000000000001,85,976,787,0,-4.3,85,976,0,787,24.96,44.01,0.15,1003,0.7000000000000001,309,2.4000000000000004,46.3495,36.3988
2022,10,18,13,30,16,83,959,728,0,-4.3,83,959,0,728,24.52,47.75,0.15,1003,0.7000000000000001,307,2.6,42.3884,33.2603
2022,10,18,14,30,16,78,922,606,0,-4.3,78,922,0,606,24.44,55.03,0.15,1002,0.7000000000000001,309,2.6,34.2885,26.8433
2022,10,18,15,30,15.4,68,848,431,0,-4.2,68,848,0,431,25.57,64.62,0.15,1003,0.7000000000000001,314,2.6,23.0531,17.9494
2022,10,18,16,30,13.9,52,686,223,0,-4,52,686,0,223,28.62,75.60000000000001,0.15,1003,0.8,320,2.1,10.8490,8.3284
2022,10,18,17,30,11.200000000000001,21,227,32,0,-2.3000000000000003,21,227,0,32,38.92,87.24,0.15,1004,0.8,328,1.5,0.0000,0.0000
2022,10,18,18,30,9.4,0,0,0,0,-0.2,0,0,0,0,51.02,99.76,0.15,1005,0.8,334,1.2000000000000002,0.0000,0.0000
2022,10,18,19,30,8.700000000000001,0,0,0,0,0,0,0,0,0,54.34,112.19,0.15,1006,0.8,334,1.3,0.0000,0.0000
2022,10,18,20,30,7.9,0,0,0,0,0.5,0,0,0,0,59.480000000000004,124.53,0.15,1008,0.8,334,1.4000000000000001,0.0000,0.0000
2022,10,18,21,30,7.1000000000000005,0,0,0,0,0.7000000000000001,0,0,0,0,63.95,136.37,0.15,1008,0.8,335,1.4000000000000001,0.0000,0.0000
2022,10,18,22,30,6.2,0,0,0,0,0.9,0,0,0,0,68.64,146.92000000000002,0.15,1009,0.7000000000000001,335,1.3,0.0000,0.0000
2022,10,18,23,30,5.5,0,0,0,0,0.9,0,0,0,0,72.06,154.36,0.15,1009,0.7000000000000001,333,1.1,0.0000,0.0000
2022,10,19,0,30,4.7,0,0,0,0,0.9,0,0,0,0,76.29,155.55,0.15,1010,0.7000000000000001,329,1,0.0000,0.0000
2022,10,19,1,30,3.9000000000000004,0,0,0,0,0.9,0,0,0,0,81.03,149.73,0.15,1010,0.6000000000000001,323,0.9,0.0000,0.0000
2022,10,19,2,30,3.3000000000000003,0,0,0,0,1,0,0,0,0,84.75,139.88,0.15,1010,0.6000000000000001,315,0.8,0.0000,0.0000
2022,10,19,3,30,2.8000000000000003,0,0,0,0,0.9,0,0,0,0,87.05,128.33,0.15,1010,0.5,304,0.8,0.0000,0.0000
2022,10,19,4,30,2.5,0,0,0,0,0.8,0,0,0,0,88.31,116.11,0.15,1011,0.5,294,0.8,0.0000,0.0000
2022,10,19,5,30,2.2,0,0,0,0,0.7000000000000001,0,0,0,0,89.69,103.69,0.15,1011,0.6000000000000001,289,0.9,0.0000,0.0000
2022,10,19,6,30,3.1,6,56,5,0,0.6000000000000001,6,56,0,5,83.85000000000001,91.36,0.15,1011,0.6000000000000001,286,1.1,0.0000,0.0000
2022,10,19,7,30,5.9,45,610,158,0,0.7000000000000001,45,610,0,158,69.31,79.31,0.15,1012,0.7000000000000001,286,1.2000000000000002,7.5316,5.7443
2022,10,19,8,30,9.1,62,811,365,0,-0.1,62,811,0,365,52.43,68.08,0.15,1012,0.8,296,1.2000000000000002,19.0001,14.7463
2022,10,19,9,30,11.600000000000001,72,903,550,0,-2,72,903,0,550,38.82,58.02,0.15,1012,0.8,302,1.2000000000000002,30.6601,23.9713
2022,10,19,10,30,13.4,78,948,688,0,-1.9000000000000001,78,948,0,688,34.74,49.97,0.15,1012,0.8,295,1.3,39.7504,31.1720
2022,10,19,11,30,14.8,82,965,764,0,-1.3,82,965,0,764,33.12,45.06,0.15,1011,0.9,291,1.4000000000000001,44.8596,35.2212
2022,10,19,12,30,15.9,82,966,773,0,-0.6000000000000001,82,966,0,773,32.37,44.37,0.15,1011,0.9,290,1.5,45.4787,35.7124
2022,10,19,13,30,16.6,81,949,715,0,-0.1,81,949,0,715,32.15,48.1,0.15,1010,0.9,291,1.6,41.5828,32.6253
2022,10,19,14,30,16.900000000000002,76,909,593,0,0.30000000000000004,76,909,0,593,32.46,55.35,0.15,1010,0.9,292,1.5,33.5029,26.2248
2022,10,19,15,30,16.6,67,832,420,0,0.6000000000000001,67,832,0,420,33.730000000000004,64.91,0.15,1010,0.9,292,1.4000000000000001,22.4171,17.4501
2022,10,19,16,30,15.200000000000001,52,672,216,0,1.1,52,672,0,216,38.46,75.86,0.15,1010,0.9,284,1.1,10.4861,8.0460
2022,10,19,17,30,13.200000000000001,19,216,29,0,3.6,19,216,0,29,52.17,87.47,0.15,1010,0.8,265,0.9,0.0000,0.0000
2022,10,19,18,30,11.9,0,0,0,0,1.7000000000000002,0,0,0,0,49.49,99.99000000000001,0.15,1011,0.8,242,1,0.0000,0.0000
2022,10,19,19,30,10.8,0,0,0,0,1.6,0,0,0,0,52.94,112.43,0.15,1011,0.8,229,1.1,0.0000,0.0000
2022,10,19,20,30,9.600000000000001,0,0,0,0,1.7000000000000002,0,0,0,0,57.89,124.77,0.15,1011,0.8,227,1.2000000000000002,0.0000,0.0000
2022,10,19,21,30,8.700000000000001,0,0,0,0,1.8,0,0,0,0,62,136.63,0.15,1012,0.8,231,1.1,0.0000,0.0000
2022,10,19,22,30,7.9,0,0,0,0,1.9000000000000001,0,0,0,0,65.83,147.23,0.15,1012,0.8,239,1.1,0.0000,0.0000
2022,10,19,23,30,7.4,0,0,0,0,2,0,0,0,0,68.54,154.72,0.15,1012,0.7000000000000001,249,1.1,0.0000,0.0000
2022,10,20,0,30,7,0,0,0,0,2.1,0,0,0,0,70.84,155.89000000000001,0.15,1012,0.7000000000000001,261,1.1,0.0000,0.0000
2022,10,20,1,30,6.7,0,0,0,0,2.1,0,0,0,0,72.73,150,0.15,1012,0.8,277,1,0.0000,0.0000
2022,10,20,2,30,6.6000000000000005,0,0,0,0,2.3000000000000003,0,0,0,0,73.85000000000001,140.09,0.15,1012,0.8,300,0.8,0.0000,0.0000
2022,10,20,3,30,6.5,0,0,0,0,2.4000000000000004,0,0,0,0,74.89,128.51,0.15,1012,0.8,334,0.6000000000000001,0.0000,0.0000
2022,10,20,4,30,6.2,0,0,0,0,2.5,0,0,0,0,77.16,116.27,0.15,1012,0.8,205,0.4,0.0000,0.0000
2022,10,20,5,30,5.7,0,0,0,0,2.6,0,0,0,0,80.74,103.85000000000001,0.15,1012,0.8,86,0.4,0.0000,0.0000
2022,10,20,6,30,5.800000000000001,4,26,3,0,2.8000000000000003,4,26,0,3,81.12,91.53,0.15,1012,0.8,129,0.6000000000000001,0.0000,0.0000
2022,10,20,7,30,7.6000000000000005,46,575,151,0,3.5,46,575,0,151,75.19,79.49,0.15,1012,0.8,154,0.7000000000000001,7.1972,5.4879
2022,10,20,8,30,11.100000000000001,67,788,358,0,3.8000000000000003,67,788,0,358,60.78,68.29,0.15,1012,0.8,173,1.2000000000000002,18.6028,14.4347
2022,10,20,9,30,14.700000000000001,78,886,544,0,3,78,886,0,544,45.36,58.27,0.15,1012,0.8,189,1.7000000000000002,30.2849,23.6751
2022,10,20,10,30,17,83,938,683,0,1,83,938,0,683,34.04,50.27,0.15,1012,0.8,203,2,39.4178,30.9085
2022,10,20,11,30,18.400000000000002,85,963,761,0,0.7000000000000001,85,963,0,761,30.400000000000002,45.4,0.15,1012,0.8,216,1.8,44.6385,35.0450
2022,10,20,12,30,19.3,85,966,771,0,0.6000000000000001,85,966,0,771,28.46,44.74,0.15,1011,0.8,226,1.8,45.3129,35.5795
2022,10,20,13,30,19.6,83,950,713,0,0.30000000000000004,83,950,0,713,27.44,48.45,0.15,1010,0.8,232,1.7000000000000002,41.4172,32.4925
2022,10,20,14,30,19.6,77,912,591,0,0,77,912,0,591,26.75,55.660000000000004,0.15,1009,0.8,235,1.6,33.3408,26.0947
2022,10,20,15,30,18.900000000000002,68,835,418,0,-0.4,68,835,0,418,27.32,65.19,0.15,1008,0.8,238,1.4000000000000001,22.2640,17.3270
2022,10,20,16,30,16.7,52,672,213,0,0.6000000000000001,52,672,0,213,33.69,76.12,0.15,1008,0.8,241,1.1,10.3190,7.9140
2022,10,20,17,30,13.600000000000001,19,206,27,0,3.8000000000000003,19,206,0,27,51.550000000000004,87.7,0.15,1009,0.8,247,1.1,0.0000,0.0000
2022,10,20,18,30,11.700000000000001,0,0,0,0,1.5,0,0,0,0,49.61,100.22,0.15,1009,0.8,255,1.3,0.0000,0.0000
2022,10,20,19,30,10.700000000000001,0,0,0,0,1.2000000000000002,0,0,0,0,51.81,112.66,0.15,1010,0.8,262,1.3,0.0000,0.0000
2022,10,20,20,30,9.9,0,0,0,0,0.8,0,0,0,0,53.2,125.01,0.15,1010,0.7000000000000001,267,1.3,0.0000,0.0000
2022,10,20,21,30,9.3,0,0,0,0,0.4,0,0,0,0,53.75,136.89000000000001,0.15,1010,0.7000000000000001,273,1.3,0.0000,0.0000
2022,10,20,22,30,8.700000000000001,0,0,0,0,0,0,0,0,0,54.44,147.53,0.15,1010,0.7000000000000001,281,1.3,0.0000,0.0000
2022,10,20,23,30,8,0,0,0,0,-0.2,0,0,0,0,56.03,155.07,0.15,1010,0.7000000000000001,288,1.3,0.0000,0.0000
2022,10,21,0,30,7.1000000000000005,0,0,0,0,-0.30000000000000004,0,0,0,0,59.35,156.24,0.15,1011,0.7000000000000001,297,1.3,0.0000,0.0000
2022,10,21,1,30,6.300000000000001,0,0,0,0,-0.2,0,0,0,0,63.01,150.26,0.15,1011,0.8,308,1.2000000000000002,0.0000,0.0000
2022,10,21,2,30,5.5,0,0,0,0,-0.1,0,0,0,0,67.22,140.29,0.15,1011,0.8,321,1.2000000000000002,0.0000,0.0000
2022,10,21,3,30,4.9,0,0,0,0,0,0,0,0,0,70.41,128.68,0.15,1011,0.8,336,1.2000000000000002,0.0000,0.0000
2022,10,21,4,30,4.3,0,0,0,0,0,0,0,0,0,73.49,116.43,0.15,1011,0.8,351,1.1,0.0000,0.0000
2022,10,21,5,30,3.6,0,0,0,0,0,0,0,0,0,77.57000000000001,104.01,0.15,1012,0.8,183,1.1,0.0000,0.0000
2022,10,21,6,30,4.2,4,24,3,0,0.1,4,24,0,3,74.79,91.7,0.15,1012,0.8,15,1,0.0000,0.0000
2022,10,21,7,30,6.800000000000001,47,553,146,0,0.8,47,553,0,146,65.75,79.68,0.15,1013,0.8,23,1,6.9590,5.3051
2022,10,21,8,30,10.5,68,771,351,0,1,68,771,0,351,51.800000000000004,68.5,0.15,1013,0.9,34,0.8,18.2065,14.1239
2022,10,21,9,30,15.100000000000001,79,871,534,0,1.8,79,871,0,534,40.57,58.53,0.15,1013,0.9,61,0.7000000000000001,29.6862,23.2041
2022,10,21,10,30,18.7,87,921,672,0,-2.5,87,921,0,672,23.61,50.57,0.15,1013,0.9,81,0.8,38.7394,30.3739
2022,10,21,11,30,20.1,91,942,748,0,-2.7,91,942,0,748,21.330000000000002,45.74,0.15,1013,0.9,78,0.7000000000000001,43.8312,34.4086
2022,10,21,12,30,20.900000000000002,91,942,756,0,-2.2,91,942,0,756,21.03,45.09,0.15,1012,1,73,0.5,44.3860,34.8491
2022,10,21,13,30,21.3,87,927,698,0,-1.8,87,927,0,698,21.2,48.800000000000004,0.15,1012,1,65,0.4,40.4970,31.7677
2022,10,21,14,30,21.3,81,886,577,0,-1.1,81,886,0,577,22.34,55.980000000000004,0.15,1011,1,58,0.4,32.5009,25.4340
2022,10,21,15,30,20.8,72,804,406,0,-0.30000000000000004,72,804,0,406,24.3,65.47,0.15,1011,1,56,0.4,21.5795,16.7902
2022,10,21,16,30,19.200000000000003,54,632,203,0,1.6,54,632,0,203,30.92,76.37,0.15,1011,1,60,0.5,9.8156,7.5244
2022,10,21,17,30,17.1,18,175,24,0,2.7,18,175,0,24,38.08,87.92,0.15,1012,1,73,0.7000000000000001,0.0000,0.0000
2022,10,21,18,30,15.9,0,0,0,0,0,0,0,0,0,33.77,100.45,0.15,1012,1,85,0.8,0.0000,0.0000
2022,10,21,19,30,15.100000000000001,0,0,0,0,0,0,0,0,0,35.56,112.88,0.15,1013,0.9,95,0.8,0.0000,0.0000
2022,10,21,20,30,14.5,0,0,0,0,-0.1,0,0,0,0,36.92,125.24000000000001,0.15,1013,0.9,104,0.8,0.0000,0.0000
2022,10,21,21,30,13.9,0,0,0,0,-0.2,0,0,0,0,38.12,137.14000000000001,0.15,1013,0.9,108,0.8,0.0000,0.0000
2022,10,21,22,30,13.3,0,0,0,0,-0.2,0,0,0,0,39.49,147.82,0.15,1013,0.9,98,0.7000000000000001,0.0000,0.0000
2022,10,21,23,30,12.8,0,0,0,0,-0.30000000000000004,0,0,0,0,40.47,155.42000000000002,0.15,1013,0.9,69,0.6000000000000001,0.0000,0.0000
2022,10,22,0,30,11.700000000000001,0,0,0,0,-0.4,0,0,0,0,43.36,156.58,0.15,1013,0.9,32,0.8,0.0000,0.0000
2022,10,22,1,30,10,0,0,0,0,-0.1,0,0,0,0,49.39,150.53,0.15,1013,0.8,11,1.1,0.0000,0.0000
2022,10,22,2,30,8,0,0,0,0,0.4,0,0,0,0,58.83,140.5,0.15,1013,0.8,4,1.3,0.0000,0.0000
2022,10,22,3,30,6.4,0,0,0,0,0.9,0,0,0,0,68.06,128.85,0.15,1014,0.8,3,1.2000000000000002,0.0000,0.0000
2022,10,22,4,30,5.800000000000001,0,0,0,0,1.1,0,0,0,0,71.91,116.59,0.15,1014,0.8,5,1.1,0.0000,0.0000
2022,10,22,5,30,5.4,0,0,0,0,1.2000000000000002,0,0,0,0,74.26,104.17,0.15,1014,0.8,9,1.1,0.0000,0.0000
2022,10,22,6,30,6.2,3,21,2,0,1.3,3,21,0,2,70.65,91.87,0.15,1015,0.8,16,1.3,0.0000,0.0000
2022,10,22,7,30,8.8,49,529,142,0,1.6,49,529,0,142,60.78,79.86,0.15,1015,0.8,22,1.3,6.7694,5.1595
2022,10,22,8,30,12.3,72,754,346,0,1.9000000000000001,72,754,0,346,49.18,68.72,0.15,1016,0.8,21,1.1,17.9133,13.8931
2022,10,22,9,30,16.8,85,861,531,0,3.1,85,861,0,531,40.07,58.78,0.15,1016,0.8,35,1.2000000000000002,29.4789,23.0391
2022,10,22,10,30,20.400000000000002,91,911,666,0,1.7000000000000002,91,911,0,666,28.84,50.870000000000005,0.15,1016,0.9,52,1.5,38.3499,30.0658
2022,10,22,11,30,21.900000000000002,93,938,744,0,2,93,938,0,744,26.97,46.08,0.15,1015,0.9,53,1.3,43.5516,34.1866
2022,10,22,12,30,22.8,92,941,752,0,2.6,92,941,0,752,26.55,45.45,0.15,1015,1,53,1.2000000000000002,44.1040,34.6250
2022,10,22,13,30,23.400000000000002,87,928,694,0,2.8000000000000003,87,928,0,694,25.95,49.14,0.15,1014,1,53,1,40.2170,31.5452
2022,10,22,14,30,23.400000000000002,80,890,574,0,2.9000000000000004,80,890,0,574,26.18,56.29,0.15,1013,1,56,0.9,32.2830,25.2601
2022,10,22,15,30,22.900000000000002,69,810,402,0,3.3000000000000003,69,810,0,402,27.740000000000002,65.75,0.15,1013,1,62,0.8,21.3214,16.5854
2022,10,22,16,30,21.1,51,644,200,0,4.6000000000000005,51,644,0,200,33.93,76.62,0.15,1013,1,68,0.8,9.6527,7.3961
2022,10,22,17,30,18.900000000000002,16,162,21,0,6.4,16,162,0,21,44.18,88.14,0.15,1013,1,66,0.8,0.0000,0.0000
2022,10,22,18,30,17.7,0,0,0,0,4,0,0,0,0,40.33,100.67,0.15,1013,1.1,56,0.9,0.0000,0.0000
2022,10,22,19,30,16.5,0,0,0,0,4.1000000000000005,0,0,0,0,43.800000000000004,113.10000000000001,0.15,1013,1.1,41,1,0.0000,0.0000
2022,10,22,20,30,15.200000000000001,0,0,0,0,4.2,0,0,0,0,47.84,125.46000000000001,0.15,1013,1.2000000000000002,27,1.2000000000000002,0.0000,0.0000
2022,10,22,21,30,13.9,0,0,0,0,3.9000000000000004,0,0,0,0,50.75,137.39000000000001,0.15,1013,1.2000000000000002,19,1.3,0.0000,0.0000
2022,10,22,22,30,12.4,0,0,0,0,4,0,0,0,0,56.57,148.11,0.15,1013,1.3,18,1.3,0.0000,0.0000
2022,10,22,23,30,11.3,0,0,0,0,4.3,0,0,0,0,62.13,155.76,0.15,1013,1.4000000000000001,21,1.2000000000000002,0.0000,0.0000
2022,10,23,0,30,10.600000000000001,0,0,0,0,4.6000000000000005,0,0,0,0,66.27,156.92000000000002,0.15,1013,1.4000000000000001,25,1.1,0.0000,0.0000
2022,10,23,1,30,9.9,0,0,0,0,5,0,0,0,0,71.52,150.79,0.15,1013,1.5,30,1.1,0.0000,0.0000
2022,10,23,2,30,9.3,0,0,0,0,5.6000000000000005,0,0,0,0,77.8,140.70000000000002,0.15,1014,1.5,32,1,0.0000,0.0000
2022,10,23,3,30,8.8,0,0,0,0,6.2,0,0,0,0,83.71000000000001,129.02,0.15,1014,1.6,29,1,0.0000,0.0000
2022,10,23,4,30,8.4,0,0,0,0,6.6000000000000005,0,0,0,0,88.5,116.75,0.15,1014,1.6,23,1,0.0000,0.0000
2022,10,23,5,30,8.1,0,0,0,0,6.800000000000001,0,0,0,0,91.63,104.33,0.15,1014,1.6,17,1,0.0000,0.0000
2022,10,23,6,30,8.700000000000001,3,21,2,0,6.800000000000001,3,21,0,2,88.15,92.03,0.15,1015,1.6,10,1.2000000000000002,0.0000,0.0000
2022,10,23,7,30,10.9,44,538,137,0,6.800000000000001,44,538,0,137,76.07000000000001,80.05,0.15,1015,1.5,4,1.3,0.0000,0.0000
2022,10,23,8,30,14.3,65,758,337,0,7.2,65,758,0,337,62.190000000000005,68.94,0.15,1015,1.6,5,1.1,17.4143,13.5026
2022,10,23,9,30,18.8,76,857,517,0,8.3,76,857,0,517,50.38,59.04,0.15,1015,1.6,18,1.1,28.6601,22.3962
2022,10,23,10,30,22.1,83,909,653,0,9.5,83,909,0,653,44.6,51.160000000000004,0.15,1015,1.5,24,1.2000000000000002,37.5594,29.4435
2022,10,23,11,30,23.5,85,933,728,0,9.700000000000001,85,933,0,728,41.52,46.42,0.15,1015,1.5,13,1.1,42.5701,33.4136
2022,10,23,12,30,24.400000000000002,86,934,737,0,9.600000000000001,86,934,0,737,39.02,45.800000000000004,0.15,1014,1.5,180,1,43.1788,33.8960
2022,10,23,13,30,24.900000000000002,85,916,680,0,9.200000000000001,85,916,0,680,37.04,49.47,0.15,1013,1.5,352,0.9,39.3595,30.8698
2022,10,23,14,30,25,78,879,562,0,8.9,100,810,0,546,35.92,56.59,0.15,1013,1.4000000000000001,349,0.8,30.6627,23.9891
2022,10,23,15,30,24.5,67,799,392,0,8.6,74,776,0,389,36.31,66.02,0.15,1012,1.4000000000000001,350,0.7000000000000001,20.5891,16.0119
2022,10,23,16,30,22.900000000000002,51,629,194,0,8.9,51,629,0,194,40.96,76.87,0.15,1012,1.4000000000000001,354,0.6000000000000001,9.3465,7.1582
2022,10,23,17,30,21,16,149,20,0,9.8,16,149,0,20,48.75,88.35000000000001,0.15,1012,1.3,189,0.7000000000000001,0.0000,0.0000
2022,10,23,18,30,19.6,0,0,0,0,7.800000000000001,0,0,0,0,46.480000000000004,100.89,0.15,1012,1.3,26,0.8,0.0000,0.0000
2022,10,23,19,30,18.2,0,0,0,0,7.800000000000001,0,0,0,0,50.81,113.31,0.15,1013,1.3,41,0.9,0.0000,0.0000
2022,10,23,20,30,16.6,0,0,0,0,7.800000000000001,0,0,0,0,56.19,125.69,0.15,1013,1.3,55,1.1,0.0000,0.0000
2022,10,23,21,30,14.9,0,0,0,0,7.6000000000000005,0,0,0,0,61.63,137.63,0.15,1013,1.3,62,1.2000000000000002,0.0000,0.0000
2022,10,23,22,30,13.5,0,0,0,0,7.300000000000001,0,0,0,0,66.01,148.4,0.15,1013,1.3,65,1.2000000000000002,0.0000,0.0000
2022,10,23,23,30,12.4,0,0,0,0,7.1000000000000005,0,0,0,0,70.12,156.1,0.15,1014,1.3,68,1.2000000000000002,0.0000,0.0000
2022,10,24,0,30,11.3,0,0,0,0,7,0,0,0,0,74.74,157.25,0.15,1014,1.3,70,1.1,0.0000,0.0000
2022,10,24,1,30,10.4,0,0,0,0,6.9,0,0,0,0,78.66,151.05,0.15,1014,1.2000000000000002,69,1.1,0.0000,0.0000
2022,10,24,2,30,9.600000000000001,0,0,0,0,6.800000000000001,0,0,0,0,82.46000000000001,140.9,0.15,1014,1.2000000000000002,63,1,0.0000,0.0000
2022,10,24,3,30,8.8,0,0,0,0,6.7,0,0,0,0,86.65,129.19,0.15,1014,1.2000000000000002,58,1,0.0000,0.0000
2022,10,24,4,30,8.1,0,0,0,0,6.7,0,0,0,0,90.86,116.91,0.15,1014,1.2000000000000002,54,0.9,0.0000,0.0000
2022,10,24,5,30,7.4,0,0,0,0,6.800000000000001,0,0,0,0,95.81,104.48,0.15,1015,1.2000000000000002,49,0.8,0.0000,0.0000
2022,10,24,6,30,7.800000000000001,3,18,2,0,6.9,3,18,0,2,93.77,92.2,0.15,1015,1.2000000000000002,44,1,0.0000,0.0000
2022,10,24,7,30,9.9,47,520,135,0,7.1000000000000005,47,520,0,135,82.64,80.24,0.15,1016,1.1,41,1.1,0.0000,0.0000
2022,10,24,8,30,13.200000000000001,68,755,337,0,7.4,68,755,0,337,68.11,69.15,0.15,1016,1.1,39,0.8,17.3825,13.4747
2022,10,24,9,30,17.3,80,862,520,0,8.1,80,862,0,520,54.870000000000005,59.29,0.15,1016,1.1,44,0.6000000000000001,28.7858,22.4914
2022,10,24,10,30,21,86,915,656,0,7.800000000000001,86,915,0,656,42.480000000000004,51.46,0.15,1016,1.1,30,0.6000000000000001,37.6878,29.5414
2022,10,24,11,30,23.200000000000003,89,940,733,0,6.800000000000001,89,940,0,733,34.88,46.75,0.15,1015,1.1,10,0.6000000000000001,42.8180,33.6056
2022,10,24,12,30,24.3,88,945,743,0,6.5,88,945,0,743,31.970000000000002,46.15,0.15,1013,1.1,16,0.6000000000000001,43.4837,34.1327
2022,10,24,13,30,24.900000000000002,84,931,685,0,6.300000000000001,84,931,0,685,30.330000000000002,49.81,0.15,1012,1.1,24,0.6000000000000001,39.6002,31.0556
2022,10,24,14,30,25,78,892,565,0,6,78,892,0,565,29.580000000000002,56.89,0.15,1012,1.1,32,0.5,31.6819,24.7832
2022,10,24,15,30,24.5,67,811,393,0,5.9,67,811,0,393,30.29,66.29,0.15,1011,1.1,46,0.4,20.7572,16.1386
2022,10,24,16,30,22.8,50,639,193,0,6.7,50,639,0,193,35.46,77.11,0.15,1011,1.1,77,0.6000000000000001,9.2834,7.1066
2022,10,24,17,30,19.8,15,152,19,0,8,15,152,0,19,46.44,88.56,0.15,1011,1.1,107,0.9,0.0000,0.0000
2022,10,24,18,30,17.3,0,0,0,0,6.9,0,0,0,0,50.59,101.10000000000001,0.15,1011,1.1,122,1.2000000000000002,0.0000,0.0000
2022,10,24,19,30,15.600000000000001,0,0,0,0,7.300000000000001,0,0,0,0,57.67,113.52,0.15,1011,1.1,133,1.2000000000000002,0.0000,0.0000
2022,10,24,20,30,14.600000000000001,0,0,0,0,7.4,0,0,0,0,61.88,125.9,0.15,1011,1.1,143,1.2000000000000002,0.0000,0.0000
2022,10,24,21,30,13.9,0,0,0,0,7.5,0,0,0,0,65.33,137.87,0.15,1011,1.1,154,1.2000000000000002,0.0000,0.0000
2022,10,24,22,30,13.4,0,0,0,0,7.7,0,0,0,0,68.25,148.68,0.15,1011,1.1,166,1.2000000000000002,0.0000,0.0000
2022,10,24,23,30,12.9,0,0,0,0,7.7,0,0,0,0,70.76,156.44,0.15,1011,1.1,179,1.2000000000000002,0.0000,0.0000
2022,10,25,0,30,12.700000000000001,0,0,0,0,7.9,0,0,0,0,72.41,157.59,0.15,1011,1.2000000000000002,192,1.2000000000000002,0.0000,0.0000
2022,10,25,1,30,12.5,0,0,0,0,8,0,0,0,0,74.29,151.31,0.15,1011,1.2000000000000002,201,1.1,0.0000,0.0000
2022,10,25,2,30,12.5,0,0,0,0,8.3,0,0,0,0,75.36,141.1,0.15,1010,1.2000000000000002,208,0.9,0.0000,0.0000
2022,10,25,3,30,12.4,0,0,0,0,8.5,0,0,0,0,77.01,129.37,0.15,1010,1.2000000000000002,215,0.7000000000000001,0.0000,0.0000
2022,10,25,4,30,12.200000000000001,0,0,0,0,8.700000000000001,0,0,0,0,79.05,117.07000000000001,0.15,1010,1.2000000000000002,242,0.5,0.0000,0.0000
2022,10,25,5,30,11.600000000000001,0,0,0,0,8.8,0,0,0,0,82.93,104.64,0.15,1011,1.2000000000000002,293,0.5,0.0000,0.0000
2022,10,25,6,30,11.3,3,18,2,0,8.8,3,18,0,2,84.59,92.37,0.15,1011,1.2000000000000002,333,0.6000000000000001,0.0000,0.0000
2022,10,25,7,30,12.5,45,528,133,0,9.1,45,528,0,133,79.68,80.42,0.15,1012,1.2000000000000002,351,0.6000000000000001,0.0000,0.0000
2022,10,25,8,30,15.600000000000001,67,756,333,0,9.4,67,756,0,333,66.36,69.37,0.15,1012,1.2000000000000002,349,0.4,17.1431,13.2857
2022,10,25,9,30,19.700000000000003,79,858,514,0,9.5,79,858,0,514,51.6,59.54,0.15,1012,1.2000000000000002,242,0.2,28.4131,22.1973
2022,10,25,10,30,22.700000000000003,87,908,649,0,8.1,87,908,0,649,39.2,51.76,0.15,1011,1.2000000000000002,134,0.30000000000000004,37.2415,29.1888
2022,10,25,11,30,24,90,929,723,0,8.200000000000001,191,673,0,649,36.42,47.09,0.15,1010,1.3,129,0.5,37.8701,29.7198
2022,10,25,12,30,24.700000000000003,93,925,730,0,8.6,99,908,0,724,35.95,46.5,0.15,1009,1.3,136,0.8,42.3256,33.2210
2022,10,25,13,30,25,94,897,669,0,9,103,875,0,664,36.18,50.14,0.15,1008,1.4000000000000001,143,1,38.3397,30.0643
2022,10,25,14,30,24.700000000000003,88,847,547,0,9.3,92,834,0,544,37.730000000000004,57.19,0.15,1007,1.5,152,1.1,30.4577,23.8224
2022,10,25,15,30,23.400000000000002,78,754,378,0,9.9,78,754,0,378,42.36,66.56,0.15,1007,1.5,159,0.9,19.9225,15.4858
2022,10,25,16,30,21.1,56,565,180,8,12.100000000000001,88,317,4,157,56.58,77.35000000000001,0.15,1006,1.6,162,0.8,7.5403,5.7697
2022,10,25,17,30,19,14,106,16,8,12.8,11,1,71,11,67.35,88.76,0.15,1006,1.6,165,0.8,0.0000,0.0000
2022,10,25,18,30,17.900000000000002,0,0,0,7,11.9,0,0,0,0,67.96000000000001,101.31,0.15,1007,1.7000000000000002,164,0.9,0.0000,0.0000
2022,10,25,19,30,16.8,0,0,0,8,11.8,0,0,0,0,72.14,113.73,0.15,1006,1.6,157,0.9,0.0000,0.0000
2022,10,25,20,30,16,0,0,0,8,11.600000000000001,0,0,0,0,75,126.11,0.15,1006,1.6,153,1.1,0.0000,0.0000
2022,10,25,21,30,15.4,0,0,0,7,12,0,0,0,0,80.02,138.1,0.15,1006,1.7000000000000002,154,1.2000000000000002,0.0000,0.0000
2022,10,25,22,30,14.8,0,0,0,7,12.8,0,0,0,0,87.68,148.95000000000002,0.15,1005,1.9000000000000001,157,1.2000000000000002,0.0000,0.0000
2022,10,25,23,30,14.3,0,0,0,0,13.700000000000001,0,0,0,0,95.99000000000001,156.77,0.15,1005,2.3000000000000003,159,1.2000000000000002,0.0000,0.0000
2022,10,26,0,30,14.100000000000001,0,0,0,0,14.100000000000001,0,0,0,0,100,157.92000000000002,0.15,1004,2.7,160,1.2000000000000002,0.0000,0.0000
2022,10,26,1,30,14.100000000000001,0,0,0,0,14.100000000000001,0,0,0,0,100,151.57,0.15,1004,3.1,161,1.1,0.0000,0.0000
2022,10,26,2,30,14.200000000000001,0,0,0,4,14.200000000000001,0,0,0,0,100,141.3,0.15,1004,3.2,165,1.2000000000000002,0.0000,0.0000
2022,10,26,3,30,14.5,0,0,0,3,14.5,0,0,0,0,100,129.54,0.15,1004,3.2,173,1.2000000000000002,0.0000,0.0000
2022,10,26,4,30,14.9,0,0,0,3,14.9,0,0,0,0,99.7,117.23,0.15,1003,3.3000000000000003,184,1.3,0.0000,0.0000
2022,10,26,5,30,15.3,0,0,0,0,15,0,0,0,0,98.08,104.81,0.15,1003,3.3000000000000003,198,1.4000000000000001,0.0000,0.0000
2022,10,26,6,30,15.8,0,0,0,0,15.3,0,0,0,0,96.60000000000001,92.55,0.15,1003,3.4000000000000004,211,1.6,0.0000,0.0000
2022,10,26,7,30,17,47,437,118,0,15.700000000000001,47,400,7,112,92.18,80.62,0.15,1004,3.2,222,1.7000000000000002,0.0000,0.0000
2022,10,26,8,30,19.200000000000003,69,692,310,0,16.6,69,692,0,310,84.96000000000001,69.59,0.15,1004,3,234,1.8,15.9281,12.3408
2022,10,26,9,30,21.6,78,816,488,0,17.6,78,816,0,488,77.77,59.800000000000004,0.15,1003,2.7,246,1.9000000000000001,26.9354,21.0398
2022,10,26,10,30,23.6,83,882,625,0,17.2,145,457,0,426,67.22,52.06,0.15,1003,2.3000000000000003,251,2,24.4157,19.1345
2022,10,26,11,30,24.900000000000002,84,917,704,0,16.3,161,469,0,478,58.68,47.42,0.15,1003,2.1,252,2.1,27.8622,21.8640
2022,10,26,12,30,25.700000000000003,85,924,717,0,15.3,95,901,0,711,52.61,46.84,0.15,1002,1.8,255,2.2,41.5211,32.5870
2022,10,26,13,30,26,84,908,662,0,13.9,84,908,0,662,47.24,50.46,0.15,1001,1.7000000000000002,260,2.2,38.1788,29.9353
2022,10,26,14,30,25.700000000000003,76,874,546,0,12.3,76,874,0,546,43.39,57.49,0.15,1001,1.6,268,2.1,30.5223,23.8696
2022,10,26,15,30,24.8,65,793,377,0,11.100000000000001,65,793,0,377,42.24,66.82000000000001,0.15,1002,1.6,278,1.8,19.8288,15.4091
2022,10,26,16,30,22.400000000000002,48,617,181,0,11.100000000000001,48,617,0,181,48.800000000000004,77.59,0.15,1002,1.6,289,1.3,8.6807,6.6394
2022,10,26,17,30,19.3,13,131,15,0,12.8,13,131,0,15,66.07000000000001,88.95,0.15,1003,1.6,304,0.9,0.0000,0.0000
2022,10,26,18,30,17.5,0,0,0,0,11.9,0,0,0,0,69.47,101.51,0.15,1004,1.7000000000000002,321,1,0.0000,0.0000
2022,10,26,19,30,16.8,0,0,0,0,11.8,0,0,0,0,72.22,113.93,0.15,1005,1.7000000000000002,339,1,0.0000,0.0000
2022,10,26,20,30,16.3,0,0,0,0,11.5,0,0,0,0,73.43,126.32000000000001,0.15,1005,1.7000000000000002,351,1.2000000000000002,0.0000,0.0000
2022,10,26,21,30,15.5,0,0,0,0,11.4,0,0,0,0,76.38,138.33,0.15,1006,1.7000000000000002,356,1.3,0.0000,0.0000
2022,10,26,22,30,14.5,0,0,0,0,11,0,0,0,0,79.44,149.22,0.15,1007,1.6,358,1.4000000000000001,0.0000,0.0000
2022,10,26,23,30,13.700000000000001,0,0,0,0,10.3,0,0,0,0,79.86,157.09,0.15,1007,1.6,180,1.4000000000000001,0.0000,0.0000
2022,10,27,0,30,13.100000000000001,0,0,0,0,9.600000000000001,0,0,0,0,79.39,158.24,0.15,1007,1.6,3,1.4000000000000001,0.0000,0.0000
2022,10,27,1,30,12.600000000000001,0,0,0,0,9.200000000000001,0,0,0,0,79.8,151.83,0.15,1008,1.6,7,1.4000000000000001,0.0000,0.0000
2022,10,27,2,30,12.200000000000001,0,0,0,0,9,0,0,0,0,80.68,141.5,0.15,1008,1.5,12,1.5,0.0000,0.0000
2022,10,27,3,30,11.8,0,0,0,0,8.8,0,0,0,0,81.97,129.71,0.15,1008,1.5,15,1.5,0.0000,0.0000
2022,10,27,4,30,11.4,0,0,0,0,8.700000000000001,0,0,0,0,83.62,117.39,0.15,1009,1.5,17,1.5,0.0000,0.0000
2022,10,27,5,30,11,0,0,0,0,8.700000000000001,0,0,0,0,85.46000000000001,104.97,0.15,1010,1.6,16,1.5,0.0000,0.0000
2022,10,27,6,30,11.100000000000001,0,0,0,0,8.6,0,0,0,0,84.36,92.72,0.15,1010,1.6,16,1.7000000000000002,0.0000,0.0000
2022,10,27,7,30,12.700000000000001,49,453,121,0,8.6,49,453,0,121,75.93,80.8,0.15,1011,1.6,23,2.3000000000000003,0.0000,0.0000
2022,10,27,8,30,15.4,77,691,315,0,8.5,77,691,0,315,63.46,69.81,0.15,1012,1.6,39,2.9000000000000004,16.1534,12.5121
2022,10,27,9,30,18,93,798,491,0,8.6,93,798,0,491,54.29,60.050000000000004,0.15,1012,1.6,50,2.9000000000000004,27.0614,21.1353
2022,10,27,10,30,20.200000000000003,103,849,622,0,9.1,103,849,0,622,48.9,52.35,0.15,1012,1.7000000000000002,53,2.6,35.6072,27.9026
2022,10,27,11,30,21.700000000000003,112,869,696,0,9.700000000000001,112,869,0,696,46.43,47.74,0.15,1012,1.7000000000000002,52,2.3000000000000003,40.5265,31.7995
2022,10,27,12,30,22.700000000000003,112,871,704,0,10.3,112,871,0,704,45.43,47.18,0.15,1011,1.7000000000000002,49,2,41.0675,32.2284
2022,10,27,13,30,23.200000000000003,107,852,646,0,10.8,107,852,0,646,45.58,50.78,0.15,1011,1.7000000000000002,47,1.9000000000000001,37.2110,29.1737
2022,10,27,14,30,23.200000000000003,100,803,528,0,11,146,637,4,486,46.24,57.78,0.15,1011,1.8,49,1.8,27.1269,21.2114
2022,10,27,15,30,22.5,86,703,360,0,11.100000000000001,91,678,0,355,48.550000000000004,67.08,0.15,1011,1.8,52,1.8,18.6326,14.4759
2022,10,27,16,30,20.5,64,490,167,0,11.200000000000001,64,490,0,167,55.01,77.82000000000001,0.15,1011,1.8,52,1.4000000000000001,7.9992,6.1157
2022,10,27,17,30,17.8,10,57,11,0,12.100000000000001,10,57,0,11,69.28,89.13,0.15,1012,1.8,49,1.1,0.0000,0.0000
2022,10,27,18,30,16.5,0,0,0,0,11.600000000000001,0,0,0,0,72.83,101.71000000000001,0.15,1013,1.8,49,1.2000000000000002,0.0000,0.0000
2022,10,27,19,30,16.2,0,0,0,0,11.4,0,0,0,0,73.01,114.12,0.15,1014,1.8,51,1.4000000000000001,0.0000,0.0000
2022,10,27,20,30,15.600000000000001,0,0,0,0,11.3,0,0,0,0,75.37,126.52,0.15,1014,1.8,54,1.4000000000000001,0.0000,0.0000
2022,10,27,21,30,14.8,0,0,0,0,11.3,0,0,0,0,79.52,138.55,0.15,1015,1.8,57,1.5,0.0000,0.0000
2022,10,27,22,30,14.3,0,0,0,0,11.3,0,0,0,0,82.25,149.48,0.15,1015,1.8,59,1.6,0.0000,0.0000
2022,10,27,23,30,14.100000000000001,0,0,0,0,11.3,0,0,0,0,83.44,157.42000000000002,0.15,1015,1.9000000000000001,59,1.7000000000000002,0.0000,0.0000
2022,10,28,0,30,14.100000000000001,0,0,0,0,11.3,0,0,0,0,83.09,158.57,0.15,1016,1.9000000000000001,59,1.7000000000000002,0.0000,0.0000
2022,10,28,1,30,14,0,0,0,0,11.100000000000001,0,0,0,0,82.93,152.08,0.15,1016,1.9000000000000001,59,1.7000000000000002,0.0000,0.0000
2022,10,28,2,30,13.8,0,0,0,0,11.100000000000001,0,0,0,0,83.53,141.70000000000002,0.15,1016,1.9000000000000001,57,1.8,0.0000,0.0000
2022,10,28,3,30,13.4,0,0,0,0,10.9,0,0,0,0,85.05,129.87,0.15,1016,1.9000000000000001,57,1.8,0.0000,0.0000
2022,10,28,4,30,13.100000000000001,0,0,0,0,10.700000000000001,0,0,0,0,85.48,117.55,0.15,1016,1.9000000000000001,55,1.8,0.0000,0.0000
2022,10,28,5,30,12.700000000000001,0,0,0,0,10.4,0,0,0,0,85.66,105.13,0.15,1017,1.8,51,1.8,0.0000,0.0000
2022,10,28,6,30,12.5,0,0,0,0,9.8,0,0,0,0,83.72,92.89,0.15,1017,1.8,45,1.9000000000000001,0.0000,0.0000
2022,10,28,7,30,13.4,50,425,117,0,9.200000000000001,50,425,0,117,75.88,80.99,0.15,1018,1.8,40,2.1,0.0000,0.0000
2022,10,28,8,30,15.4,76,684,310,0,8.3,76,684,0,310,62.64,70.02,0.15,1019,1.8,37,2.3000000000000003,15.8672,12.2872
2022,10,28,9,30,17.6,88,803,486,0,7.5,88,803,0,486,51.550000000000004,60.31,0.15,1019,1.8,36,2.4000000000000004,26.7447,20.8849
2022,10,28,10,30,19.6,95,863,619,0,7.6000000000000005,95,863,0,619,45.94,52.64,0.15,1019,1.8,37,2.3000000000000003,35.3932,27.7322
2022,10,28,11,30,21.3,98,891,693,0,8.5,98,891,0,693,43.910000000000004,48.07,0.15,1018,1.8,39,2.1,40.3074,31.6249
2022,10,28,12,30,22.400000000000002,97,896,702,0,9.5,97,896,0,702,43.74,47.51,0.15,1017,1.9000000000000001,41,1.9000000000000001,40.9069,32.0997
2022,10,28,13,30,23,93,878,644,0,10.3,93,878,0,644,44.76,51.1,0.15,1016,1.9000000000000001,42,1.8,37.0503,29.0449
2022,10,28,14,30,23.1,87,830,526,0,10.9,96,797,0,518,46.09,58.06,0.15,1016,1.9000000000000001,44,1.8,28.8701,22.5714
2022,10,28,15,30,22.5,74,736,358,7,11.200000000000001,184,122,0,231,48.89,67.33,0.15,1016,2,46,1.7000000000000002,12.0997,9.3981
2022,10,28,16,30,20.700000000000003,54,540,166,6,11.5,53,5,0,54,55.59,78.04,0.15,1016,2,43,1.4000000000000001,2.5838,1.9746
2022,10,28,17,30,18.6,10,72,11,8,12.100000000000001,8,1,57,8,65.72,89.31,0.15,1017,2,39,1.2000000000000002,0.0000,0.0000
2022,10,28,18,30,17.6,0,0,0,8,11.4,0,0,0,0,66.92,101.91,0.15,1018,2.1,41,1.4000000000000001,0.0000,0.0000
2022,10,28,19,30,17.1,0,0,0,8,11,0,0,0,0,67.21000000000001,114.32000000000001,0.15,1018,2.2,48,1.5,0.0000,0.0000
2022,10,28,20,30,16.400000000000002,0,0,0,3,10.600000000000001,0,0,0,0,68.60000000000001,126.72,0.15,1019,2.3000000000000003,53,1.6,0.0000,0.0000
2022,10,28,21,30,15.8,0,0,0,0,10.5,0,0,0,0,70.67,138.77,0.15,1019,2.4000000000000004,54,1.5,0.0000,0.0000
2022,10,28,22,30,15.200000000000001,0,0,0,0,10.5,0,0,0,0,73.66,149.74,0.15,1019,2.5,51,1.5,0.0000,0.0000
2022,10,28,23,30,14.700000000000001,0,0,0,0,10.700000000000001,0,0,0,0,76.99,157.73,0.15,1019,2.6,47,1.5,0.0000,0.0000
2022,10,29,0,30,14.3,0,0,0,0,10.9,0,0,0,0,80.04,158.89000000000001,0.15,1018,2.7,46,1.5,0.0000,0.0000
2022,10,29,1,30,14,0,0,0,0,11.100000000000001,0,0,0,0,82.71000000000001,152.33,0.15,1018,2.7,46,1.6,0.0000,0.0000
2022,10,29,2,30,13.600000000000001,0,0,0,0,11.3,0,0,0,0,85.83,141.89000000000001,0.15,1018,2.7,45,1.6,0.0000,0.0000
2022,10,29,3,30,13.4,0,0,0,0,11.4,0,0,0,0,87.57000000000001,130.04,0.15,1018,2.7,44,1.6,0.0000,0.0000
2022,10,29,4,30,13.200000000000001,0,0,0,0,11.5,0,0,0,0,89.16,117.7,0.15,1018,2.7,41,1.5,0.0000,0.0000
2022,10,29,5,30,13.100000000000001,0,0,0,3,11.5,0,0,29,0,89.97,105.29,0.15,1018,2.7,38,1.5,0.0000,0.0000
2022,10,29,6,30,13.200000000000001,0,0,0,3,11.5,0,0,4,0,89.39,93.06,0.15,1019,2.7,37,1.7000000000000002,0.0000,0.0000
2022,10,29,7,30,13.9,54,342,106,0,11.5,41,230,14,76,85.46000000000001,81.18,0.15,1019,2.7,38,2,0.0000,0.0000
2022,10,29,8,30,15.100000000000001,85,610,291,3,11.700000000000001,59,268,0,150,80.02,70.24,0.15,1019,2.8000000000000003,41,2.3000000000000003,7.6625,5.9320
2022,10,29,9,30,16.3,101,735,462,3,11.9,104,54,14,131,75.32000000000001,60.56,0.15,1019,2.8000000000000003,45,2.3000000000000003,7.1982,5.6202
2022,10,29,10,30,17.400000000000002,111,797,591,3,12.200000000000001,134,0,0,134,71.57000000000001,52.93,0.15,1019,2.9000000000000004,49,2.3000000000000003,7.6526,5.9956
2022,10,29,11,30,18.3,112,831,664,3,12.5,165,0,0,165,68.92,48.39,0.15,1019,2.9000000000000004,54,2.3000000000000003,9.5866,7.5210
2022,10,29,12,30,19,112,834,672,3,12.8,172,3,7,174,67.14,47.84,0.15,1018,3,58,2.2,10.1283,7.9470
2022,10,29,13,30,19.400000000000002,110,809,615,8,13,191,13,0,199,66.7,51.410000000000004,0.15,1017,3,60,2,11.4350,8.9634
2022,10,29,14,30,19.200000000000003,102,759,500,8,13.3,87,1,0,88,68.78,58.34,0.15,1017,3,61,1.8,4.8972,3.8282
2022,10,29,15,30,18.6,87,659,338,8,13.600000000000001,25,0,7,25,72.47,67.58,0.15,1016,3.1,60,1.7000000000000002,1.3068,1.0148
2022,10,29,16,30,17.7,60,450,152,0,13.8,43,284,14,101,77.79,78.26,0.15,1016,3,59,1.5,4.8279,3.6882
2022,10,29,17,30,16.400000000000002,9,40,9,0,14.100000000000001,9,40,0,9,86.26,89.49,0.15,1017,3,59,1.2000000000000002,0.0000,0.0000
2022,10,29,18,30,15.600000000000001,0,0,0,0,14,0,0,0,0,90.41,102.10000000000001,0.15,1017,2.9000000000000004,60,1.2000000000000002,0.0000,0.0000
2022,10,29,19,30,15.3,0,0,0,0,14,0,0,0,0,91.99,114.5,0.15,1017,2.9000000000000004,62,1.3,0.0000,0.0000
2022,10,29,20,30,14.9,0,0,0,0,14,0,0,0,0,94.23,126.91,0.15,1017,2.8000000000000003,64,1.4000000000000001,0.0000,0.0000
2022,10,29,21,30,14.600000000000001,0,0,0,0,13.9,0,0,0,0,95.53,138.98,0.15,1017,2.8000000000000003,66,1.4000000000000001,0.0000,0.0000
2022,10,29,22,30,14.3,0,0,0,0,13.8,0,0,0,0,96.72,149.99,0.15,1016,2.8000000000000003,66,1.4000000000000001,0.0000,0.0000
2022,10,29,23,30,14.100000000000001,0,0,0,0,13.700000000000001,0,0,0,0,97.25,158.05,0.15,1016,2.8000000000000003,64,1.4000000000000001,0.0000,0.0000
2022,10,30,0,30,13.8,0,0,0,0,13.5,0,0,0,0,98.15,159.21,0.15,1016,2.9000000000000004,61,1.3,0.0000,0.0000
2022,10,30,1,30,13.600000000000001,0,0,0,0,13.3,0,0,0,0,98.15,152.57,0.15,1016,3,58,1.4000000000000001,0.0000,0.0000
2022,10,30,2,30,13.4,0,0,0,0,13.100000000000001,0,0,0,0,97.97,142.09,0.15,1016,3.1,56,1.4000000000000001,0.0000,0.0000
2022,10,30,3,30,13.200000000000001,0,0,0,3,12.8,0,0,0,0,97.4,130.21,0.15,1015,3.2,58,1.5,0.0000,0.0000
2022,10,30,4,30,13,0,0,0,3,12.5,0,0,0,0,97.08,117.86,0.15,1015,3.3000000000000003,60,1.5,0.0000,0.0000
2022,10,30,5,30,12.8,0,0,0,3,12.3,0,0,0,0,96.96000000000001,105.45,0.15,1015,3.3000000000000003,63,1.5,0.0000,0.0000
2022,10,30,6,30,12.8,0,0,0,4,12.100000000000001,0,0,14,0,95.45,93.24,0.15,1015,3.4000000000000004,65,1.5,0.0000,0.0000
2022,10,30,7,30,13.100000000000001,46,388,104,8,12,16,0,89,16,92.89,81.37,0.15,1015,3.4000000000000004,65,1.6,0.0000,0.0000
2022,10,30,8,30,13.9,72,646,288,7,12,71,9,0,74,88.49,70.46000000000001,0.15,1015,3.5,66,1.7000000000000002,3.7727,2.9198
2022,10,30,9,30,15.200000000000001,85,765,458,7,12.200000000000001,127,12,82,133,82.02,60.81,0.15,1015,3.5,69,1.9000000000000001,7.2970,5.6966
2022,10,30,10,30,16.5,94,824,587,0,12.200000000000001,143,398,36,381,75.85000000000001,53.22,0.15,1015,3.5,74,2.1,21.7318,17.0245
2022,10,30,11,30,17.6,97,850,658,3,12.3,101,0,0,101,71.09,48.71,0.15,1014,3.5,80,2.1,5.8617,4.5983
2022,10,30,12,30,18.3,100,846,664,3,12.600000000000001,118,275,14,301,69.33,48.17,0.15,1013,3.6,84,2,17.5013,13.7311
2022,10,30,13,30,18.6,100,816,606,5,13,174,68,4,216,70.06,51.72,0.15,1013,3.7,87,1.8,12.3967,9.7163
2022,10,30,14,30,18.400000000000002,93,764,491,5,13.4,48,0,4,48,72.88,58.620000000000005,0.15,1012,3.7,88,1.7000000000000002,2.6671,2.0846
2022,10,30,15,30,17.8,82,660,331,3,13.700000000000001,37,24,0,46,77.18,67.83,0.15,1012,3.7,88,1.6,2.3996,1.8628
2022,10,30,16,30,16.8,59,444,148,3,13.9,41,134,4,68,83.15,78.48,0.15,1012,3.5,87,1.4000000000000001,3.2477,2.4801
2022,10,30,17,30,15.5,8,37,8,0,14.100000000000001,8,31,7,8,91.09,89.66,0.15,1012,3.4000000000000004,84,1.1,0.0000,0.0000
2022,10,30,18,30,14.5,0,0,0,3,13.9,0,0,0,0,96.22,102.29,0.15,1012,3.3000000000000003,83,1.1,0.0000,0.0000
2022,10,30,19,30,14,0,0,0,0,13.700000000000001,0,0,0,0,98.26,114.68,0.15,1012,3.2,85,1.1,0.0000,0.0000
2022,10,30,20,30,13.600000000000001,0,0,0,3,13.5,0,0,0,0,99.19,127.09,0.15,1012,3.2,90,1,0.0000,0.0000
2022,10,30,21,30,13.4,0,0,0,3,13.200000000000001,0,0,0,0,98.86,139.18,0.15,1012,3.2,97,1,0.0000,0.0000
2022,10,30,22,30,13.3,0,0,0,3,13.100000000000001,0,0,0,0,98.65,150.24,0.15,1012,3.2,104,1.1,0.0000,0.0000
2022,10,30,23,30,13.5,0,0,0,0,13.100000000000001,0,0,0,0,97.55,158.35,0.15,1011,3.2,110,1.1,0.0000,0.0000
2022,10,31,0,30,13.600000000000001,0,0,0,3,13.3,0,0,0,0,97.99000000000001,159.52,0.15,1011,3.3000000000000003,115,1.2000000000000002,0.0000,0.0000
2022,10,31,1,30,13.8,0,0,0,3,13.5,0,0,0,0,98.01,152.82,0.15,1011,3.3000000000000003,118,1.2000000000000002,0.0000,0.0000
2022,10,31,2,30,14,0,0,0,0,13.700000000000001,0,0,0,0,98.23,142.28,0.15,1010,3.4000000000000004,120,1.2000000000000002,0.0000,0.0000
2022,10,31,3,30,14.200000000000001,0,0,0,0,13.9,0,0,0,0,98.29,130.38,0.15,1010,3.4000000000000004,119,1.2000000000000002,0.0000,0.0000
2022,10,31,4,30,14.4,0,0,0,8,14.100000000000001,0,0,0,0,98.19,118.02,0.15,1010,3.5,118,1.2000000000000002,0.0000,0.0000
2022,10,31,5,30,14.600000000000001,0,0,0,0,14.3,0,0,0,0,98.38,105.61,0.15,1010,3.5,119,1.3,0.0000,0.0000
2022,10,31,6,30,15,0,0,0,5,14.5,0,0,14,0,97.04,93.41,0.15,1010,3.5,121,1.3,0.0000,0.0000
2022,10,31,7,30,15.9,45,381,101,3,15,40,30,18,44,94.46000000000001,81.56,0.15,1010,3.6,125,1.5,0.0000,0.0000
2022,10,31,8,30,17.3,70,646,284,5,16,32,0,11,32,92.31,70.68,0.15,1010,3.7,131,1.6,1.6282,1.2597
2022,10,31,9,30,19.200000000000003,83,767,454,3,17.5,166,8,14,170,89.73,61.07,0.15,1010,3.7,138,1.6,9.3121,7.2686
2022,10,31,10,30,21.3,90,826,581,8,19,162,12,4,169,86.87,53.51,0.15,1010,3.8000000000000003,149,1.7000000000000002,9.6276,7.5414
2022,10,31,11,30,23.3,90,858,653,8,20,274,158,0,378,81.49,49.03,0.15,1009,3.8000000000000003,166,1.7000000000000002,21.9134,17.1888
2022,10,31,12,30,24.900000000000002,88,868,663,8,20,291,256,0,461,74.13,48.49,0.15,1008,3.8000000000000003,182,1.8,26.7752,21.0054
2022,10,31,13,30,25.900000000000002,82,855,608,8,19.400000000000002,167,353,14,384,67.47,52.03,0.15,1007,3.8000000000000003,191,1.8,22.0112,17.2502
2022,10,31,14,30,26.1,76,812,495,3,18.900000000000002,190,324,0,357,64.44,58.9,0.15,1007,3.8000000000000003,196,1.7000000000000002,19.8059,15.4783
2022,10,31,15,30,25.5,67,717,335,3,18.5,115,50,0,134,65.16,68.07000000000001,0.15,1007,3.7,199,1.4000000000000001,6.9760,5.4142
2022,10,31,16,30,23.700000000000003,50,512,150,0,18.6,52,490,0,148,73.27,78.69,0.15,1007,3.6,195,0.9,7.0636,5.3924
2022,10,31,17,30,21.8,8,56,8,0,19.1,8,56,0,8,84.68,89.83,0.15,1007,3.4000000000000004,186,0.8,0.0000,0.0000
2022,10,31,18,30,20.700000000000003,0,0,0,0,18.400000000000002,0,0,0,0,86.67,102.47,0.15,1008,3.3000000000000003,179,0.9,0.0000,0.0000
2022,10,31,19,30,20.1,0,0,0,3,18.3,0,0,0,0,89.47,114.86,0.15,1008,3.3000000000000003,175,0.8,0.0000,0.0000
2022,10,31,20,30,19.700000000000003,0,0,0,8,18.400000000000002,0,0,0,0,92.28,127.27,0.15,1009,3.3000000000000003,175,0.8,0.0000,0.0000
2022,10,31,21,30,19.3,0,0,0,8,18.6,0,0,0,0,95.65,139.38,0.15,1009,3.4000000000000004,182,0.7000000000000001,0.0000,0.0000
2022,10,31,22,30,19.1,0,0,0,8,18.7,0,0,0,0,97.57000000000001,150.47,0.15,1010,3.5,199,0.7000000000000001,0.0000,0.0000
2022,10,31,23,30,18.8,0,0,0,7,18.7,0,0,0,0,99.34,158.66,0.15,1010,3.5,225,0.6000000000000001,0.0000,0.0000
2022,11,1,0,30,18.5,0,0,0,8,18.5,0,0,0,0,100,159.83,0.15,1010,3.5,258,0.6000000000000001,0.0000,0.0000
2022,11,1,1,30,18.1,0,0,0,8,18.1,0,0,0,0,100,153.06,0.15,1010,3.4000000000000004,288,0.6000000000000001,0.0000,0.0000
2022,11,1,2,30,17.6,0,0,0,3,17.6,0,0,0,0,100,142.47,0.15,1010,3.3000000000000003,312,0.6000000000000001,0.0000,0.0000
2022,11,1,3,30,17.1,0,0,0,3,17.1,0,0,0,0,100,130.55,0.15,1011,3.2,328,0.7000000000000001,0.0000,0.0000
2022,11,1,4,30,16.6,0,0,0,3,16.6,0,0,0,0,100,118.18,0.15,1011,3,334,0.8,0.0000,0.0000
2022,11,1,5,30,16,0,0,0,8,16,0,0,0,0,100,105.78,0.15,1011,2.8000000000000003,337,0.9,0.0000,0.0000
2022,11,1,6,30,15.9,0,0,0,0,15.9,0,0,0,0,99.94,93.58,0.15,1012,2.7,339,1,0.0000,0.0000
2022,11,1,7,30,16.7,45,406,103,0,15.9,45,406,0,103,94.75,81.75,0.15,1012,2.5,337,1.2000000000000002,0.0000,0.0000
2022,11,1,8,30,18.5,69,679,291,0,16.7,69,679,0,291,89.27,70.9,0.15,1013,2.4000000000000004,338,1.3,14.7765,11.4294
2022,11,1,9,30,20.900000000000002,80,805,466,0,17.5,96,689,0,427,80.89,61.32,0.15,1013,2.3000000000000003,336,1.2000000000000002,23.3537,18.2258
2022,11,1,10,30,23.200000000000003,87,866,598,3,16.400000000000002,199,303,11,378,65.47,53.800000000000004,0.15,1013,2.2,322,1.2000000000000002,21.5067,16.8447
2022,11,1,11,30,24.700000000000003,89,894,672,8,15,220,492,0,541,54.65,49.34,0.15,1013,2.1,309,1.3,31.3285,24.5719
2022,11,1,12,30,25.400000000000002,93,891,680,0,14.600000000000001,176,648,0,603,51.25,48.81,0.15,1012,2.1,308,1.4000000000000001,34.9840,27.4430
2022,11,1,13,30,25.6,93,864,621,8,14.3,241,387,0,478,49.79,52.33,0.15,1012,2.2,315,1.4000000000000001,27.3660,21.4447
2022,11,1,14,30,25.3,85,820,505,7,14,219,178,4,310,49.69,59.160000000000004,0.15,1011,2.2,324,1.4000000000000001,17.1734,13.4191
2022,11,1,15,30,24.5,71,727,340,7,13.9,165,118,4,209,51.61,68.3,0.15,1012,2.3000000000000003,334,1.3,10.8594,8.4261
2022,11,1,16,30,22.400000000000002,50,529,152,8,14.100000000000001,88,168,21,120,59.5,78.9,0.15,1012,2.3000000000000003,341,1,5.7241,4.3683
2022,11,1,17,30,20,6,49,6,8,15.100000000000001,4,0,50,4,73.24,89.99,0.15,1013,2.3000000000000003,351,0.8,0.0000,0.0000
2022,11,1,18,30,18.6,0,0,0,8,14.200000000000001,0,0,0,0,75.78,102.64,0.15,1014,2.3000000000000003,183,0.9,0.0000,0.0000
2022,11,1,19,30,17.8,0,0,0,3,13.8,0,0,0,0,77.37,115.03,0.15,1014,2.2,15,1,0.0000,0.0000
2022,11,1,20,30,17,0,0,0,0,13.3,0,0,0,0,78.75,127.45,0.15,1015,2.2,25,1,0.0000,0.0000
2022,11,1,21,30,16.2,0,0,0,7,12.9,0,0,0,0,80.73,139.57,0.15,1015,2.2,32,1.1,0.0000,0.0000
2022,11,1,22,30,15.600000000000001,0,0,0,0,12.5,0,0,0,0,81.96000000000001,150.71,0.15,1015,2.1,34,1,0.0000,0.0000
2022,11,1,23,30,15.3,0,0,0,0,12.200000000000001,0,0,0,0,81.96000000000001,158.95000000000002,0.15,1015,2.1,34,0.9,0.0000,0.0000
2022,11,2,0,30,15.200000000000001,0,0,0,0,12.100000000000001,0,0,0,0,81.96000000000001,160.14000000000001,0.15,1015,2.1,30,0.9,0.0000,0.0000
2022,11,2,1,30,14.9,0,0,0,8,12.100000000000001,0,0,0,0,83.12,153.3,0.15,1016,2.2,23,1,0.0000,0.0000
2022,11,2,2,30,14.700000000000001,0,0,0,0,11.9,0,0,0,0,83.4,142.66,0.15,1016,2.2,19,1,0.0000,0.0000
2022,11,2,3,30,14.200000000000001,0,0,0,8,11.8,0,0,0,0,85.27,130.71,0.15,1016,2.2,19,1,0.0000,0.0000
2022,11,2,4,30,13.700000000000001,0,0,0,7,11.700000000000001,0,0,0,0,87.68,118.34,0.15,1016,2.1,23,1,0.0000,0.0000
2022,11,2,5,30,13.200000000000001,0,0,0,7,11.8,0,0,0,0,90.93,105.94,0.15,1017,2.1,27,1,0.0000,0.0000
2022,11,2,6,30,13.4,0,0,0,8,11.8,0,0,0,0,89.91,93.76,0.15,1017,2.2,30,1.1,0.0000,0.0000
2022,11,2,7,30,14.8,40,459,104,0,11.9,52,280,54,91,82.92,81.94,0.15,1017,2.2,33,1.3,0.0000,0.0000
2022,11,2,8,30,17,63,709,292,0,12.200000000000001,90,557,7,270,73.22,71.12,0.15,1018,2.2,47,1.5,13.6825,10.5800
2022,11,2,9,30,19.8,75,819,465,0,12.4,94,752,0,452,62.56,61.57,0.15,1018,2.2,68,1.7000000000000002,24.6822,19.2596
2022,11,2,10,30,22.5,82,871,593,0,12.4,82,871,0,593,52.81,54.08,0.15,1018,2.3000000000000003,81,1.6,33.6978,26.3904
2022,11,2,11,30,24.200000000000003,86,892,664,0,12.200000000000001,86,892,0,664,46.910000000000004,49.65,0.15,1017,2.4000000000000004,81,1.3,38.4085,30.1224
2022,11,2,12,30,25,90,883,668,0,12.100000000000001,115,814,0,648,44.52,49.13,0.15,1016,2.5,74,1.1,37.5526,29.4554
2022,11,2,13,30,25.3,93,849,608,8,12.200000000000001,187,460,11,466,44.02,52.620000000000005,0.15,1016,2.7,70,1.1,26.6472,20.8794
2022,11,2,14,30,25.1,87,794,491,8,12.3,157,123,7,220,45.02,59.43,0.15,1015,2.8000000000000003,69,1.1,12.1689,9.5073
2022,11,2,15,30,24.400000000000002,77,687,328,8,12.600000000000001,142,176,14,206,47.68,68.53,0.15,1015,2.8000000000000003,64,1.1,10.6825,8.2868
2022,11,2,16,30,22.400000000000002,55,462,142,8,13.700000000000001,17,0,18,17,57.83,79.10000000000001,0.15,1015,2.9000000000000004,52,0.8,0.8106,0.6184
2022,11,2,17,30,20.3,6,31,6,5,14.9,3,0,43,3,71.28,90.14,0.15,1016,2.8000000000000003,42,0.8,0.0000,0.0000
2022,11,2,18,30,19.400000000000002,0,0,0,0,14.200000000000001,0,0,0,0,72.13,102.81,0.15,1016,2.8000000000000003,40,1,0.0000,0.0000
2022,11,2,19,30,18.900000000000002,0,0,0,0,14,0,0,0,0,73.45,115.19,0.15,1016,2.7,41,1.1,0.0000,0.0000
2022,11,2,20,30,18.1,0,0,0,3,14.200000000000001,0,0,0,0,77.75,127.61,0.15,1017,2.6,43,1.2000000000000002,0.0000,0.0000
2022,11,2,21,30,17.2,0,0,0,3,14.3,0,0,0,0,83.10000000000001,139.75,0.15,1017,2.6,44,1.2000000000000002,0.0000,0.0000
2022,11,2,22,30,16.400000000000002,0,0,0,0,14.4,0,0,0,0,87.78,150.93,0.15,1017,2.6,45,1.1,0.0000,0.0000
2022,11,2,23,30,15.700000000000001,0,0,0,0,14.4,0,0,0,0,91.82000000000001,159.24,0.15,1017,2.6,45,1.1,0.0000,0.0000
2022,11,3,0,30,15.200000000000001,0,0,0,0,14.4,0,0,0,0,94.7,160.45000000000002,0.15,1017,2.6,44,1.2000000000000002,0.0000,0.0000
2022,11,3,1,30,14.9,0,0,0,0,14.3,0,0,0,0,96.23,153.54,0.15,1017,2.7,45,1.2000000000000002,0.0000,0.0000
2022,11,3,2,30,14.600000000000001,0,0,0,0,14.200000000000001,0,0,0,0,97.62,142.85,0.15,1017,2.7,46,1.2000000000000002,0.0000,0.0000
2022,11,3,3,30,14.3,0,0,0,0,14.100000000000001,0,0,0,0,98.98,130.88,0.15,1017,2.7,47,1.1,0.0000,0.0000
2022,11,3,4,30,13.8,0,0,0,0,13.8,0,0,0,0,100,118.5,0.15,1018,2.7,45,1,0.0000,0.0000
2022,11,3,5,30,13.3,0,0,0,0,13.3,0,0,0,0,100,106.10000000000001,0.15,1018,2.6,42,1,0.0000,0.0000
2022,11,3,6,30,13.5,0,0,0,0,13.5,0,0,0,0,100,93.93,0.15,1018,2.6,38,1.1,0.0000,0.0000
2022,11,3,7,30,15,48,335,94,0,13.5,48,335,0,94,90.98,82.13,0.15,1019,2.5,39,1.4000000000000001,0.0000,0.0000
2022,11,3,8,30,17.7,81,608,276,0,13.600000000000001,81,608,0,276,76.73,71.34,0.15,1019,2.5,48,1.8,13.9582,10.7900
2022,11,3,9,30,20.200000000000003,99,737,447,0,13.100000000000001,99,737,0,447,63.79,61.82,0.15,1019,2.4000000000000004,53,2,24.3704,19.0133
2022,11,3,10,30,22.200000000000003,109,801,576,0,12.600000000000001,109,801,0,576,54.56,54.370000000000005,0.15,1018,2.4000000000000004,51,1.9000000000000001,32.6894,25.5979
2022,11,3,11,30,23.5,114,830,648,0,12.600000000000001,114,830,0,648,50.45,49.96,0.15,1018,2.4000000000000004,49,1.7000000000000002,37.4407,29.3608
2022,11,3,12,30,24.400000000000002,109,848,660,0,12.8,109,848,0,660,48.26,49.44,0.15,1017,2.4000000000000004,47,1.6,38.2059,29.9653
2022,11,3,13,30,24.8,97,846,607,0,12.700000000000001,97,846,0,607,47.06,52.910000000000004,0.15,1016,2.3000000000000003,46,1.5,34.6680,27.1615
2022,11,3,14,30,24.8,88,800,492,0,12.600000000000001,88,800,0,492,46.72,59.68,0.15,1015,2.3000000000000003,46,1.5,27.1751,21.2284
2022,11,3,15,30,24.200000000000003,75,702,329,0,12.5,75,702,0,329,47.870000000000005,68.76,0.15,1015,2.3000000000000003,48,1.4000000000000001,17.0273,13.2053
2022,11,3,16,30,22,51,494,143,0,12.700000000000001,51,494,0,143,55.64,79.3,0.15,1015,2.3000000000000003,54,1.1,6.8166,5.1991
2022,11,3,17,30,19.200000000000003,6,39,5,0,13.700000000000001,6,39,0,5,70.43,90.9,0.15,1016,2.3000000000000003,64,0.9,0.0000,0.0000
2022,11,3,18,30,17.5,0,0,0,0,12.600000000000001,0,0,0,0,73.08,102.98,0.15,1016,2.2,71,1,0.0000,0.0000
2022,11,3,19,30,16.6,0,0,0,0,12,0,0,0,0,74.28,115.35000000000001,0.15,1016,2.2,76,1,0.0000,0.0000
2022,11,3,20,30,15.9,0,0,0,0,11.700000000000001,0,0,0,0,76.14,127.78,0.15,1016,2.1,78,1.1,0.0000,0.0000
2022,11,3,21,30,15.200000000000001,0,0,0,0,11.5,0,0,0,0,78.74,139.93,0.15,1016,2.1,77,1.1,0.0000,0.0000
2022,11,3,22,30,14.600000000000001,0,0,0,0,11.4,0,0,0,0,81.09,151.15,0.15,1016,2,73,1.1,0.0000,0.0000
2022,11,3,23,30,13.9,0,0,0,0,11.3,0,0,0,0,84.46000000000001,159.53,0.15,1016,2,67,1.1,0.0000,0.0000
2022,11,4,0,30,13.3,0,0,0,0,11.4,0,0,0,0,88.35000000000001,160.75,0.15,1016,2,60,1.1,0.0000,0.0000
2022,11,4,1,30,12.9,0,0,0,0,11.600000000000001,0,0,0,0,92.05,153.77,0.15,1016,2,53,1,0.0000,0.0000
2022,11,4,2,30,12.600000000000001,0,0,0,0,11.9,0,0,0,0,95.41,143.03,0.15,1016,2,46,1,0.0000,0.0000
2022,11,4,3,30,12.3,0,0,0,0,12.100000000000001,0,0,0,0,98.41,131.04,0.15,1016,2,40,1,0.0000,0.0000
2022,11,4,4,30,12,0,0,0,0,12,0,0,0,0,100,118.66,0.15,1016,2.1,33,1,0.0000,0.0000
2022,11,4,5,30,11.700000000000001,0,0,0,0,11.700000000000001,0,0,0,0,100,106.27,0.15,1017,2.1,27,1,0.0000,0.0000
2022,11,4,6,30,11.9,0,0,0,0,11.9,0,0,0,0,100,94.11,0.15,1017,2.1,23,1.1,0.0000,0.0000
2022,11,4,7,30,13.600000000000001,42,415,97,0,11.9,42,415,0,97,89.42,82.33,0.15,1017,2.2,22,1.3,0.0000,0.0000
2022,11,4,8,30,16.6,64,695,284,0,12.100000000000001,64,695,0,284,74.94,71.55,0.15,1018,2.2,33,1.5,14.3350,11.0779
2022,11,4,9,30,20.1,75,814,456,0,13,75,814,0,456,63.870000000000005,62.07,0.15,1018,2.3000000000000003,51,1.6,24.8211,19.3618
2022,11,4,10,30,23.200000000000003,80,872,585,0,13.8,80,872,0,585,55.32,54.65,0.15,1017,2.4000000000000004,67,1.7000000000000002,33.1582,25.9622
2022,11,4,11,30,25.200000000000003,82,898,656,0,14.4,82,898,0,656,51.31,50.26,0.15,1016,2.4000000000000004,78,1.8,37.8610,29.6879
2022,11,4,12,30,26.3,83,898,663,0,14.5,83,898,0,663,48.38,49.74,0.15,1015,2.5,84,1.8,38.3381,30.0665
2022,11,4,13,30,26.8,81,874,605,0,14.5,108,752,0,558,46.75,53.2,0.15,1014,2.6,90,1.9000000000000001,31.8304,24.9358
2022,11,4,14,30,26.900000000000002,77,821,488,3,14.5,82,260,0,212,46.68,59.94,0.15,1014,2.7,95,1.9000000000000001,11.6919,9.1321
2022,11,4,15,30,26.3,67,719,325,0,14.700000000000001,53,431,0,208,48.9,68.98,0.15,1013,2.8000000000000003,97,1.8,10.7445,8.3307
2022,11,4,16,30,24.1,48,503,140,3,15.200000000000001,56,239,39,100,57.67,79.5,0.15,1013,2.8000000000000003,97,1.4000000000000001,4.7663,3.6343
2022,11,4,17,30,21.400000000000002,6,31,5,3,16.2,2,0,43,2,72.28,91.07000000000001,0.15,1014,2.8000000000000003,97,1,0.0000,0.0000
2022,11,4,18,30,20.400000000000002,0,0,0,0,16,0,0,0,0,75.99,103.14,0.15,1014,2.8000000000000003,100,1.1,0.0000,0.0000
2022,11,4,19,30,20,0,0,0,0,16.2,0,0,0,0,78.83,115.5,0.15,1014,2.8000000000000003,102,1.1,0.0000,0.0000
2022,11,4,20,30,19.400000000000002,0,0,0,0,16.7,0,0,0,0,84.23,127.93,0.15,1015,2.8000000000000003,101,1.1,0.0000,0.0000
2022,11,4,21,30,18.7,0,0,0,0,17.3,0,0,0,0,91.42,140.1,0.15,1014,2.8000000000000003,97,1.1,0.0000,0.0000
2022,11,4,22,30,18.2,0,0,0,0,17.900000000000002,0,0,0,0,98.41,151.36,0.15,1014,2.9000000000000004,95,1.1,0.0000,0.0000
2022,11,4,23,30,18,0,0,0,0,18,0,0,0,0,100,159.81,0.15,1013,3,99,1.1,0.0000,0.0000
2022,11,5,0,30,18.2,0,0,0,0,18.2,0,0,0,0,100,161.04,0.15,1013,3.1,110,1.2000000000000002,0.0000,0.0000
2022,11,5,1,30,18.5,0,0,0,0,18.5,0,0,0,0,100,154,0.15,1013,3.1,121,1.2000000000000002,0.0000,0.0000
2022,11,5,2,30,18.7,0,0,0,0,18.7,0,0,0,0,100,143.22,0.15,1013,3.2,126,1.1,0.0000,0.0000
2022,11,5,3,30,18.8,0,0,0,0,18.8,0,0,0,0,100,131.21,0.15,1013,3.2,128,1.1,0.0000,0.0000
2022,11,5,4,30,18.900000000000002,0,0,0,0,18.900000000000002,0,0,0,0,100,118.82000000000001,0.15,1012,3.2,130,1.1,0.0000,0.0000
2022,11,5,5,30,18.900000000000002,0,0,0,0,18.900000000000002,0,0,0,0,100,106.43,0.15,1012,3.2,131,1.1,0.0000,0.0000
2022,11,5,6,30,19.200000000000003,0,0,0,7,19.200000000000003,0,0,0,0,100,94.28,0.15,1013,3.2,132,1.1,0.0000,0.0000
2022,11,5,7,30,20.400000000000002,47,292,85,0,19.700000000000003,44,211,11,71,95.65,82.52,0.15,1013,3.3000000000000003,134,1.5,0.0000,0.0000
2022,11,5,8,30,22,80,583,262,0,20.3,80,583,0,262,90.12,71.77,0.15,1013,3.3000000000000003,136,1.8,13.1976,10.1957
2022,11,5,9,30,23.700000000000003,88,742,433,0,20.900000000000002,88,742,0,433,84.15,62.31,0.15,1013,3.4000000000000004,142,2.1,23.5324,18.3537
2022,11,5,10,30,25.5,85,835,565,0,20.6,96,779,0,544,74.55,54.93,0.15,1013,3.5,150,2.5,30.7947,24.1090
2022,11,5,11,30,26.5,88,860,634,8,19.8,279,193,11,402,66.79,50.56,0.15,1012,3.6,156,2.6,23.1754,18.1709
2022,11,5,12,30,26.700000000000003,90,856,640,8,19.400000000000002,264,180,11,380,64.25,50.04,0.15,1011,3.8000000000000003,160,2.5,21.9495,17.2123
2022,11,5,13,30,26.400000000000002,90,826,582,8,19.400000000000002,217,100,0,277,65.53,53.480000000000004,0.15,1011,4,164,2.2,15.7822,12.3624
2022,11,5,14,30,25.900000000000002,88,763,467,8,19.700000000000003,195,228,0,308,68.83,60.19,0.15,1011,4.1000000000000005,165,1.8,16.9614,13.2460
2022,11,5,15,30,25.1,77,648,307,8,20.3,140,98,0,175,74.8,69.2,0.15,1011,4.2,164,1.5,9.0226,6.9938
2022,11,5,16,30,23.8,54,406,127,3,20.8,49,6,14,50,83.27,79.68,0.15,1011,4.3,158,1.1,2.3832,1.8168
2022,11,5,17,30,22.400000000000002,4,13,4,3,20.900000000000002,2,0,43,2,91.19,91.24,0.15,1011,4.3,152,0.9,0.0000,0.0000
2022,11,5,18,30,21.700000000000003,0,0,0,8,20.700000000000003,0,0,0,0,93.78,103.29,0.15,1011,4.4,148,1,0.0000,0.0000
2022,11,5,19,30,21.3,0,0,0,7,20.6,0,0,0,0,96.08,115.65,0.15,1012,4.4,148,1.1,0.0000,0.0000
2022,11,5,20,30,20.8,0,0,0,8,20.6,0,0,0,0,98.87,128.08,0.15,1012,4.4,148,1,0.0000,0.0000
2022,11,5,21,30,20.5,0,0,0,7,20.5,0,0,0,0,100,140.27,0.15,1012,4.3,149,1.1,0.0000,0.0000
2022,11,5,22,30,20.400000000000002,0,0,0,7,20.400000000000002,0,0,0,0,100,151.57,0.15,1012,4.3,147,1.1,0.0000,0.0000
2022,11,5,23,30,20.3,0,0,0,7,20.3,0,0,0,0,100,160.08,0.15,1011,4.2,143,1.2000000000000002,0.0000,0.0000
2022,11,6,0,30,20.200000000000003,0,0,0,3,20.200000000000003,0,0,0,0,100,161.34,0.15,1011,4.2,137,1.2000000000000002,0.0000,0.0000
2022,11,6,1,30,20.200000000000003,0,0,0,0,20.200000000000003,0,0,0,0,100,154.23,0.15,1011,4.1000000000000005,133,1.3,0.0000,0.0000
2022,11,6,2,30,20.1,0,0,0,7,20.1,0,0,0,0,100,143.4,0.15,1011,4.1000000000000005,132,1.2000000000000002,0.0000,0.0000
2022,11,6,3,30,20.1,0,0,0,0,20.1,0,0,0,0,100,131.37,0.15,1011,4.1000000000000005,133,1,0.0000,0.0000
2022,11,6,4,30,20,0,0,0,0,20,0,0,0,0,100,118.98,0.15,1011,4.2,131,0.9,0.0000,0.0000
2022,11,6,5,30,19.900000000000002,0,0,0,7,19.900000000000002,0,0,0,0,100,106.59,0.15,1011,4.3,124,0.8,0.0000,0.0000
2022,11,6,6,30,20,0,0,0,7,20,0,0,0,0,99.89,94.46000000000001,0.15,1012,4.4,116,0.8,0.0000,0.0000
2022,11,6,7,30,20.8,50,223,78,7,20.3,15,0,57,15,96.87,82.71000000000001,0.15,1013,4.6000000000000005,112,1,0.0000,0.0000
2022,11,6,8,30,21.900000000000002,91,500,246,7,21.200000000000003,61,4,0,62,95.76,71.99,0.15,1013,4.7,112,1.2000000000000002,3.1167,2.4070
2022,11,6,9,30,22.8,105,667,412,7,21.900000000000002,183,33,0,198,94.62,62.56,0.15,1014,4.7,123,1.3,10.7431,8.3775
2022,11,6,10,30,23.700000000000003,103,767,541,7,22.5,243,70,0,283,93,55.2,0.15,1014,4.800000000000001,140,1.4000000000000001,16.0000,12.5250
2022,11,6,11,30,24.3,108,795,610,7,22.6,258,126,0,338,90.29,50.86,0.15,1013,4.800000000000001,151,1.5,19.4636,15.2593
2022,11,6,12,30,24.8,112,792,617,8,22.400000000000002,146,12,14,154,86.5,50.34,0.15,1013,4.9,158,1.4000000000000001,8.8854,6.9672
2022,11,6,13,30,25.200000000000003,110,764,562,8,22,172,47,32,200,82.52,53.76,0.15,1013,4.9,159,1.3,11.3812,8.9142
2022,11,6,14,30,25.200000000000003,100,711,451,7,21.8,179,62,0,210,81.42,60.43,0.15,1013,4.9,155,1.2000000000000002,11.5481,9.0172
2022,11,6,15,30,24.900000000000002,82,611,297,7,21.900000000000002,102,19,0,109,83.28,69.41,0.15,1013,4.800000000000001,147,1,5.6094,4.3470
2022,11,6,16,30,23.700000000000003,54,390,123,8,22.1,62,22,64,66,90.61,79.87,0.15,1013,4.800000000000001,137,0.7000000000000001,3.1464,2.3981
2022,11,6,17,30,22,2,8,2,3,21.8,1,0,43,1,98.74000000000001,91.41,0.15,1013,4.7,128,0.6000000000000001,0.0000,0.0000
2022,11,6,18,30,21.1,0,0,0,3,21,0,0,0,0,99.63,103.44,0.15,1014,4.6000000000000005,123,0.6000000000000001,0.0000,0.0000
2022,11,6,19,30,20.700000000000003,0,0,0,4,20.700000000000003,0,0,0,0,100,115.79,0.14,1014,4.5,122,0.6000000000000001,0.0000,0.0000
2022,11,6,20,30,20.3,0,0,0,4,20.3,0,0,0,0,100,128.23,0.14,1015,4.4,122,0.6000000000000001,0.0000,0.0000
2022,11,6,21,30,19.8,0,0,0,4,19.8,0,0,0,0,100,140.43,0.14,1015,4.3,123,0.7000000000000001,0.0000,0.0000
2022,11,6,22,30,19.3,0,0,0,3,19.3,0,0,0,0,100,151.76,0.14,1015,4.2,124,0.7000000000000001,0.0000,0.0000
2022,11,6,23,30,19,0,0,0,3,19,0,0,0,0,100,160.35,0.14,1015,4.1000000000000005,122,0.7000000000000001,0.0000,0.0000
2022,11,7,0,30,18.8,0,0,0,3,18.8,0,0,0,0,100,161.63,0.14,1015,4,113,0.8,0.0000,0.0000
2022,11,7,1,30,18.8,0,0,0,0,18.8,0,0,0,0,100,154.46,0.14,1016,3.9000000000000004,95,0.8,0.0000,0.0000
2022,11,7,2,30,18.6,0,0,0,0,18.6,0,0,0,0,100,143.59,0.14,1016,3.9000000000000004,72,0.8,0.0000,0.0000
2022,11,7,3,30,18.3,0,0,0,3,18.3,0,0,0,0,100,131.54,0.14,1016,3.9000000000000004,57,0.9,0.0000,0.0000
2022,11,7,4,30,18,0,0,0,3,18,0,0,0,0,100,119.14,0.14,1016,3.8000000000000003,55,0.9,0.0000,0.0000
2022,11,7,5,30,17.7,0,0,0,0,17.7,0,0,0,0,100,106.76,0.14,1016,3.8000000000000003,56,0.9,0.0000,0.0000
2022,11,7,6,30,17.8,0,0,0,0,17.8,0,0,0,0,100,94.63,0.14,1017,3.8000000000000003,56,0.9,0.0000,0.0000
2022,11,7,7,30,19.200000000000003,40,350,83,0,18.2,40,350,0,83,94.11,82.9,0.14,1017,3.7,51,0.9,0.0000,0.0000
2022,11,7,8,30,21.3,67,630,260,0,19.6,67,630,0,260,90.17,72.2,0.14,1017,3.7,36,1,13.0446,10.0712
2022,11,7,9,30,23.700000000000003,80,758,426,0,20.400000000000002,80,758,0,426,81.60000000000001,62.800000000000004,0.14,1017,3.7,23,1,23.0770,17.9925
2022,11,7,10,30,26.1,85,825,553,0,19.8,85,825,0,553,68.13,55.47,0.14,1017,3.7,26,1.1,31.2253,24.4408
2022,11,7,11,30,27.700000000000003,90,852,624,0,19.1,90,852,0,624,59.53,51.15,0.14,1017,3.7,36,1.2000000000000002,35.8927,28.1371
2022,11,7,12,30,28.5,88,859,633,0,19,88,859,0,633,56.4,50.63,0.14,1016,3.7,42,1.3,36.4829,28.6042
2022,11,7,13,30,28.8,85,839,578,3,18.900000000000002,204,236,0,343,55.1,54.03,0.14,1015,3.7,44,1.4000000000000001,19.4956,15.2682
2022,11,7,14,30,28.5,79,789,465,0,18.900000000000002,108,611,14,407,55.95,60.67,0.14,1015,3.8000000000000003,43,1.4000000000000001,22.3490,17.4486
2022,11,7,15,30,27.700000000000003,67,686,306,0,18.900000000000002,75,640,0,298,58.92,69.62,0.14,1015,3.9000000000000004,42,1.3,15.3075,11.8596
2022,11,7,16,30,25.900000000000002,47,459,126,0,19.6,47,459,0,126,68.04,80.04,0.14,1015,4,41,1,0.0000,0.0000
2022,11,7,17,30,23.900000000000002,2,15,2,0,20.3,2,15,0,2,80.52,91.56,0.14,1015,4.1000000000000005,38,0.8,0.0000,0.0000
2022,11,7,18,30,22.700000000000003,0,0,0,0,19.8,0,0,0,0,83.95,103.59,0.14,1015,4.1000000000000005,34,0.8,0.0000,0.0000
2022,11,7,19,30,22.1,0,0,0,0,20,0,0,0,0,87.69,115.93,0.15,1016,4.1000000000000005,30,0.7000000000000001,0.0000,0.0000
2022,11,7,20,30,21.700000000000003,0,0,0,0,20.1,0,0,0,0,90.45,128.36,0.15,1016,4.1000000000000005,25,0.7000000000000001,0.0000,0.0000
2022,11,7,21,30,21.3,0,0,0,0,20.200000000000003,0,0,0,0,93.2,140.58,0.15,1016,4.1000000000000005,23,0.9,0.0000,0.0000
2022,11,7,22,30,21.1,0,0,0,0,20.200000000000003,0,0,0,0,94.63,151.95000000000002,0.15,1016,4,22,1,0.0000,0.0000
2022,11,7,23,30,20.8,0,0,0,0,20.200000000000003,0,0,0,0,96.42,160.61,0.15,1016,3.9000000000000004,23,1.2000000000000002,0.0000,0.0000
2022,11,8,0,30,20.6,0,0,0,0,20.1,0,0,0,0,96.73,161.92000000000002,0.15,1016,3.7,27,1.5,0.0000,0.0000
2022,11,8,1,30,20.1,0,0,0,0,19.6,0,0,0,0,96.78,154.69,0.15,1017,3.5,28,1.7000000000000002,0.0000,0.0000
2022,11,8,2,30,19.5,0,0,0,0,18.5,0,0,0,0,94.23,143.77,0.15,1017,3.3000000000000003,30,1.8,0.0000,0.0000
2022,11,8,3,30,18.8,0,0,0,0,16.8,0,0,0,0,88.21000000000001,131.7,0.15,1017,3.1,31,1.8,0.0000,0.0000
2022,11,8,4,30,17.8,0,0,0,0,15.600000000000001,0,0,0,0,87.08,119.3,0.15,1017,2.9000000000000004,29,1.6,0.0000,0.0000
2022,11,8,5,30,17,0,0,0,0,14.9,0,0,0,0,87.51,106.92,0.15,1018,2.4000000000000004,27,1.5,0.0000,0.0000
2022,11,8,6,30,16.400000000000002,0,0,0,0,14.200000000000001,0,0,0,0,86.64,94.81,0.15,1019,2,27,1.6,0.0000,0.0000
2022,11,8,7,30,17,35,446,89,0,13.3,35,446,0,89,78.60000000000001,83.09,0.15,1020,1.7000000000000002,33,2.1,0.0000,0.0000
2022,11,8,8,30,18.6,58,726,277,0,11.100000000000001,58,726,0,277,61.71,72.42,0.15,1020,1.6,44,3,13.8690,10.7041
2022,11,8,9,30,20.3,69,848,453,0,6.5,69,848,0,453,40.77,63.050000000000004,0.15,1020,1.4000000000000001,51,3.4000000000000004,24.4984,19.0974
2022,11,8,10,30,21.900000000000002,73,912,586,0,3.9000000000000004,73,912,0,586,30.7,55.74,0.15,1020,1.4000000000000001,49,3.3000000000000003,33.0461,25.8632
2022,11,8,11,30,23.3,73,945,662,0,2.5,73,945,0,662,25.6,51.44,0.15,1020,1.3,45,3.2,38.0355,29.8141
2022,11,8,12,30,24.3,72,955,674,0,2,72,955,0,674,23.21,50.92,0.15,1019,1.1,41,3,38.8031,30.4207
2022,11,8,13,30,24.8,71,941,620,0,1.7000000000000002,71,941,0,620,22.13,54.29,0.15,1018,1,38,2.9000000000000004,35.1992,27.5640
2022,11,8,14,30,24.6,65,899,502,0,1.4000000000000001,65,899,0,502,21.93,60.9,0.15,1018,1,36,2.8000000000000003,27.5270,21.4883
2022,11,8,15,30,23.6,56,813,337,0,1.3,56,813,0,337,23.13,69.81,0.15,1018,0.9,36,2.5,17.2816,13.3859
2022,11,8,16,30,20.8,40,609,143,0,2.4000000000000004,40,609,0,143,29.57,80.22,0.15,1018,0.9,37,1.9000000000000001,0.0000,0.0000
2022,11,8,17,30,17.8,4,33,3,0,3.9000000000000004,4,33,0,3,39.78,91.72,0.15,1019,0.8,41,1.6,0.0000,0.0000
2022,11,8,18,30,16.3,0,0,0,0,3.2,0,0,0,0,41.68,103.72,0.15,1020,0.8,48,1.8,0.0000,0.0000
2022,11,8,19,30,15.4,0,0,0,0,3,0,0,0,0,43.29,116.06,0.15,1020,0.8,54,2,0.0000,0.0000
2022,11,8,20,30,14.4,0,0,0,0,2.4000000000000004,0,0,0,0,44.38,128.5,0.15,1021,0.8,55,2,0.0000,0.0000
2022,11,8,21,30,13.3,0,0,0,3,2.7,0,0,0,0,48.53,140.73,0.15,1021,0.7000000000000001,50,1.9000000000000001,0.0000,0.0000
2022,11,8,22,30,12.3,0,0,0,3,2.9000000000000004,0,0,0,0,52.59,152.14000000000001,0.15,1022,0.7000000000000001,44,1.9000000000000001,0.0000,0.0000
2022,11,8,23,30,11.4,0,0,0,7,2.9000000000000004,0,0,0,0,55.96,160.87,0.15,1022,0.6000000000000001,39,1.8,0.0000,0.0000
2022,11,9,0,30,10.600000000000001,0,0,0,7,2.9000000000000004,0,0,0,0,58.870000000000005,162.20000000000002,0.15,1022,0.6000000000000001,34,1.8,0.0000,0.0000
2022,11,9,1,30,10,0,0,0,0,2.8000000000000003,0,0,14,0,60.86,154.91,0.15,1021,0.7000000000000001,29,1.8,0.0000,0.0000
2022,11,9,2,30,9.5,0,0,0,3,2.7,0,0,0,0,62.58,143.95000000000002,0.15,1021,0.8,25,1.8,0.0000,0.0000
2022,11,9,3,30,9.200000000000001,0,0,0,0,2.7,0,0,0,0,63.82,131.86,0.15,1021,0.9,24,1.8,0.0000,0.0000
2022,11,9,4,30,8.9,0,0,0,0,2.8000000000000003,0,0,0,0,65.68,119.46000000000001,0.15,1021,1,23,1.9000000000000001,0.0000,0.0000
2022,11,9,5,30,8.6,0,0,0,0,3,0,0,0,0,67.93,107.09,0.15,1021,1.1,21,1.9000000000000001,0.0000,0.0000
2022,11,9,6,30,8.6,0,0,0,0,3.2,0,0,0,0,68.94,94.98,0.15,1022,1.2000000000000002,19,2,0.0000,0.0000
2022,11,9,7,30,9.8,41,364,84,3,3.5,42,82,39,52,64.75,83.28,0.15,1022,1.3,24,2.5,0.0000,0.0000
2022,11,9,8,30,12.100000000000001,74,648,267,3,3.8000000000000003,144,81,0,168,56.92,72.63,0.15,1022,1.4000000000000001,35,3.2,8.3951,6.4773
2022,11,9,9,30,14.600000000000001,92,770,438,8,5,205,61,0,232,52.67,63.29,0.15,1022,1.4000000000000001,40,3.5,12.5262,9.7629
2022,11,9,10,30,17,105,825,566,8,6.5,272,184,0,375,49.870000000000005,56.01,0.15,1022,1.5,41,3.5,21.1197,16.5273
2022,11,9,11,30,19,111,849,637,8,7.6000000000000005,300,241,0,449,47.67,51.730000000000004,0.15,1021,1.6,43,3.5,25.7680,20.1964
2022,11,9,12,30,20.400000000000002,107,861,647,7,8.5,237,482,0,539,46.47,51.2,0.15,1020,1.6,45,3.5,30.9975,24.2992
2022,11,9,13,30,21.200000000000003,99,852,593,7,9.1,218,469,0,490,45.87,54.550000000000004,0.15,1019,1.6,49,3.5,27.7861,21.7568
2022,11,9,14,30,21.3,87,809,478,7,9.3,198,367,0,375,46.19,61.13,0.15,1018,1.7000000000000002,53,3.5,20.5339,16.0271
2022,11,9,15,30,20.700000000000003,72,713,316,8,9.200000000000001,161,151,0,213,47.61,70.01,0.15,1018,1.7000000000000002,56,3.3000000000000003,10.9033,8.4433
2022,11,9,16,30,19.400000000000002,48,492,130,8,9,71,37,29,77,50.95,80.38,0.15,1018,1.7000000000000002,55,2.8000000000000003,0.0000,0.0000
2022,11,9,17,30,18,2,15,2,4,9,1,0,29,1,55.800000000000004,91.87,0.15,1018,1.7000000000000002,49,2.5,0.0000,0.0000
2022,11,9,18,30,17.2,0,0,0,3,9,0,0,0,0,58.46,103.86,0.15,1018,1.7000000000000002,45,2.5,0.0000,0.0000
2022,11,9,19,30,16.5,0,0,0,3,8.9,0,0,0,0,60.94,116.19,0.15,1018,1.7000000000000002,45,2.6,0.0000,0.0000
2022,11,9,20,30,15.700000000000001,0,0,0,3,9,0,0,0,0,64.54,128.62,0.15,1018,1.7000000000000002,45,2.5,0.0000,0.0000
2022,11,9,21,30,15,0,0,0,3,9.3,0,0,0,0,68.51,140.87,0.15,1018,1.8,43,2.4000000000000004,0.0000,0.0000
2022,11,9,22,30,14.600000000000001,0,0,0,3,9.5,0,0,0,0,71.63,152.31,0.15,1018,2,41,2.5,0.0000,0.0000
2022,11,9,23,30,14.3,0,0,0,8,9.9,0,0,0,0,74.68,161.12,0.15,1017,2.2,41,2.7,0.0000,0.0000
2022,11,10,0,30,13.9,0,0,0,7,10.200000000000001,0,0,0,0,78.25,162.48,0.15,1017,2.4000000000000004,40,2.8000000000000003,0.0000,0.0000
2022,11,10,1,30,13.5,0,0,0,7,10.4,0,0,0,0,81.26,155.13,0.15,1016,2.4000000000000004,40,2.8000000000000003,0.0000,0.0000
2022,11,10,2,30,13.100000000000001,0,0,0,8,10.4,0,0,0,0,83.72,144.13,0.15,1015,2.5,39,2.8000000000000003,0.0000,0.0000
2022,11,10,3,30,12.8,0,0,0,5,10.4,0,0,0,0,85.27,132.02,0.15,1014,2.6,39,2.8000000000000003,0.0000,0.0000
2022,11,10,4,30,12.700000000000001,0,0,0,8,10.4,0,0,0,0,86.18,119.62,0.15,1014,2.7,39,2.8000000000000003,0.0000,0.0000
2022,11,10,5,30,12.8,0,0,0,3,10.600000000000001,0,0,0,0,86.3,107.25,0.15,1013,2.8000000000000003,39,2.9000000000000004,0.0000,0.0000
2022,11,10,6,30,12.9,0,0,0,8,10.8,0,0,0,0,86.83,95.16,0.15,1013,3.1,39,3,0.0000,0.0000
2022,11,10,7,30,13.5,50,153,67,8,11.100000000000001,34,1,64,34,85.15,83.47,0.15,1013,3.5,40,3.3000000000000003,0.0000,0.0000
2022,11,10,8,30,14.5,100,442,230,8,11.600000000000001,26,0,39,26,82.69,72.85000000000001,0.15,1013,3.9000000000000004,45,3.6,1.2966,1.0000
2022,11,10,9,30,15.600000000000001,129,582,388,7,12.4,89,4,0,91,81.35000000000001,63.53,0.15,1013,4.2,51,3.7,4.9052,3.8224
2022,11,10,10,30,16.400000000000002,144,655,508,6,13.3,68,0,0,68,81.72,56.28,0.15,1012,4.6000000000000005,52,3.7,3.8247,2.9927
2022,11,10,11,30,17,153,688,576,7,14,116,2,0,117,82.42,52.01,0.15,1012,4.800000000000001,53,3.8000000000000003,6.7071,5.2564
2022,11,10,12,30,17.5,155,688,583,6,14.700000000000001,53,0,0,53,83.60000000000001,51.480000000000004,0.15,1010,4.9,55,3.8000000000000003,3.0447,2.3865
2022,11,10,13,30,17.900000000000002,152,653,528,6,15.600000000000001,50,0,0,50,86.25,54.800000000000004,0.15,1009,5,56,3.8000000000000003,2.8321,2.2173
2022,11,10,14,30,18.3,139,583,419,7,16.5,29,0,0,29,89.34,61.35,0.15,1008,4.9,58,3.7,1.5858,1.2376
2022,11,10,15,30,18.6,112,467,270,7,17.400000000000002,11,0,0,11,92.54,70.2,0.15,1007,4.9,61,3.7,0.5621,0.4352
2022,11,10,16,30,18.8,64,247,105,7,18,19,0,29,19,95.33,80.54,0.15,1007,4.9,64,3.7,0.0000,0.0000
2022,11,10,17,30,19,1,1,1,7,18.5,1,0,29,1,96.79,92.01,0.15,1006,4.9,67,3.6,0.0000,0.0000
2022,11,10,18,30,19.3,0,0,0,7,18.900000000000002,0,0,0,0,97.4,103.98,0.15,1006,4.800000000000001,70,3.5,0.0000,0.0000
2022,11,10,19,30,19.700000000000003,0,0,0,7,19.3,0,0,0,0,97.27,116.31,0.15,1006,4.9,73,3.4000000000000004,0.0000,0.0000
2022,11,10,20,30,20,0,0,0,7,19.6,0,0,0,0,97.57000000000001,128.74,0.15,1005,4.9,77,3.3000000000000003,0.0000,0.0000
2022,11,10,21,30,20.3,0,0,0,7,20,0,0,0,0,97.94,141,0.15,1004,5,82,3.2,0.0000,0.0000
2022,11,10,22,30,20.8,0,0,0,7,20.400000000000002,0,0,0,0,97.42,152.48,0.15,1004,5.1000000000000005,88,3.2,0.0000,0.0000
2022,11,10,23,30,21.200000000000003,0,0,0,7,20.900000000000002,0,0,0,0,97.91,161.36,0.15,1003,5.1000000000000005,94,3.1,0.0000,0.0000
2022,11,11,0,30,21.6,0,0,0,8,21.3,0,0,0,0,98.25,162.75,0.15,1002,5.1000000000000005,100,2.9000000000000004,0.0000,0.0000
2022,11,11,1,30,21.900000000000002,0,0,0,7,21.700000000000003,0,0,0,0,98.5,155.35,0.15,1001,5.1000000000000005,107,2.7,0.0000,0.0000
2022,11,11,2,30,22.1,0,0,0,8,21.900000000000002,0,0,0,0,98.96000000000001,144.31,0.15,1001,5,114,2.6,0.0000,0.0000
2022,11,11,3,30,22.3,0,0,0,7,22.1,0,0,0,0,98.88,132.19,0.15,1000,5,122,2.5,0.0000,0.0000
2022,11,11,4,30,22.3,0,0,0,7,22.200000000000003,0,0,0,0,99.55,119.78,0.15,999,4.9,129,2.3000000000000003,0.0000,0.0000
2022,11,11,5,30,22.200000000000003,0,0,0,8,22.200000000000003,0,0,0,0,99.78,107.41,0.15,999,4.6000000000000005,134,2.3000000000000003,0.0000,0.0000
2022,11,11,6,30,22,0,0,0,7,22,0,0,0,0,99.99000000000001,95.34,0.15,999,4.2,139,2.5,0.0000,0.0000
2022,11,11,7,30,22,38,303,71,8,21.8,40,4,96,40,98.58,83.66,0.15,999,4.2,143,2.8000000000000003,0.0000,0.0000
2022,11,11,8,30,22,63,618,243,7,21.700000000000003,32,3,36,33,98.12,73.06,0.15,998,4.800000000000001,148,3.2,1.6424,1.2664
2022,11,11,9,30,22,75,747,405,7,21.400000000000002,75,3,0,76,96.52,63.77,0.15,998,5.2,157,3.5,4.0898,3.1865
2022,11,11,10,30,22.1,89,792,526,3,20.900000000000002,100,1,0,101,92.85000000000001,56.54,0.15,998,5.2,167,3.6,5.6734,4.4388
2022,11,11,11,30,22.3,97,810,593,8,20.6,118,11,89,125,90.23,52.28,0.15,997,5.2,175,3.6,7.1578,5.6092
2022,11,11,12,30,22.700000000000003,98,812,601,7,20.5,140,7,18,144,87.22,51.75,0.15,996,5.2,180,3.6,8.2635,6.4767
2022,11,11,13,30,22.6,99,782,547,8,20.3,114,3,36,116,86.7,55.050000000000004,0.15,996,5.2,185,3.5,6.5629,5.1378
2022,11,11,14,30,22.1,91,725,436,8,20.200000000000003,108,6,0,111,89.19,61.57,0.15,995,5.2,192,3.2,6.0613,4.7297
2022,11,11,15,30,21.5,75,623,284,7,20.3,73,10,0,76,92.72,70.38,0.15,996,5.2,202,3.1,3.8774,3.0012
2022,11,11,16,30,20.900000000000002,48,395,112,7,20.200000000000003,15,0,46,15,95.67,80.7,0.15,996,5.1000000000000005,213,3.1,0.0000,0.0000
2022,11,11,17,30,20.5,2,7,2,8,19.900000000000002,0,0,29,0,96.46000000000001,92.14,0.15,997,4.800000000000001,219,3.1,0.0000,0.0000
2022,11,11,18,30,20.1,0,0,0,3,19.6,0,0,0,0,97.06,104.11,0.15,998,4.6000000000000005,222,3,0.0000,0.0000
2022,11,11,19,30,19.900000000000002,0,0,0,3,19.400000000000002,0,0,0,0,97.18,116.42,0.15,999,4.3,224,2.8000000000000003,0.0000,0.0000
2022,11,11,20,30,19.700000000000003,0,0,0,3,19.400000000000002,0,0,0,0,97.9,128.85,0.15,1000,4.1000000000000005,225,2.5,0.0000,0.0000
2022,11,11,21,30,19.5,0,0,0,3,19.3,0,0,0,0,98.47,141.12,0.15,1000,3.9000000000000004,228,2.2,0.0000,0.0000
2022,11,11,22,30,19.200000000000003,0,0,0,3,19.1,0,0,0,0,99.51,152.64000000000001,0.15,1001,3.8000000000000003,232,1.9000000000000001,0.0000,0.0000
2022,11,11,23,30,18.8,0,0,0,0,18.8,0,0,0,0,100,161.59,0.15,1001,3.6,232,1.5,0.0000,0.0000
2022,11,12,0,30,18.3,0,0,0,0,18.3,0,0,0,0,100,163.02,0.15,1001,3.5,235,1.3,0.0000,0.0000
2022,11,12,1,30,18,0,0,0,0,18,0,0,0,0,100,155.56,0.15,1002,3.3000000000000003,241,1.2000000000000002,0.0000,0.0000
2022,11,12,2,30,17.6,0,0,0,0,17.6,0,0,0,0,100,144.48,0.15,1002,3.3000000000000003,248,1.2000000000000002,0.0000,0.0000
2022,11,12,3,30,17.1,0,0,0,0,17.1,0,0,0,0,100,132.35,0.15,1003,3.2,251,1,0.0000,0.0000
2022,11,12,4,30,16.6,0,0,0,0,16.6,0,0,0,0,100,119.93,0.15,1003,3.1,247,1,0.0000,0.0000
2022,11,12,5,30,16.2,0,0,0,0,16.2,0,0,29,0,100,107.58,0.15,1003,3,241,1,0.0000,0.0000
2022,11,12,6,30,16.3,0,0,0,0,16.3,0,0,0,0,100,95.51,0.15,1003,2.9000000000000004,238,1.1,0.0000,0.0000
2022,11,12,7,30,17.3,32,388,74,0,16.5,32,388,0,74,94.82000000000001,83.85000000000001,0.15,1004,2.8000000000000003,236,1.4000000000000001,0.0000,0.0000
2022,11,12,8,30,18.900000000000002,57,678,252,0,17.400000000000002,57,678,0,252,90.8,73.27,0.15,1004,2.6,241,1.8,12.5178,9.6484
2022,11,12,9,30,20.5,70,801,421,0,17.5,70,801,0,421,82.79,64,0.15,1005,2.5,246,2,22.6186,17.6197
2022,11,12,10,30,22.1,79,857,548,0,16.900000000000002,79,857,0,548,72.21000000000001,56.800000000000004,0.15,1005,2.5,248,2.3000000000000003,30.7426,24.0494
2022,11,12,11,30,23.3,87,872,617,0,15.9,145,575,0,495,62.96,52.550000000000004,0.15,1004,2.6,249,2.3000000000000003,28.3137,22.1857
2022,11,12,12,30,24.200000000000003,92,862,622,0,15.200000000000001,183,410,0,435,57.2,52.02,0.15,1003,2.7,245,2.4000000000000004,24.9356,19.5421
2022,11,12,13,30,24.6,93,827,564,0,15.3,96,785,0,543,56.07,55.300000000000004,0.15,1003,2.9000000000000004,240,2.4000000000000004,30.6852,24.0198
2022,11,12,14,30,24.6,88,761,448,0,15.600000000000001,143,376,0,321,57.33,61.78,0.15,1002,3.1,235,2.3000000000000003,17.5054,13.6577
2022,11,12,15,30,24.1,76,641,289,0,16.2,101,375,0,226,61.300000000000004,70.56,0.15,1002,3.4000000000000004,228,2,11.5115,8.9080
2022,11,12,16,30,22.700000000000003,50,397,113,3,17,65,75,43,77,70.43,80.85000000000001,0.15,1002,3.5,223,1.6,0.0000,0.0000
2022,11,12,17,30,21.3,0,2,0,8,17.2,0,0,29,0,77.47,92.27,0.15,1003,3.6,225,1.5,0.0000,0.0000
2022,11,12,18,30,20.6,0,0,0,4,17.2,0,0,0,0,80.65,104.22,0.15,1003,3.5,237,1.6,0.0000,0.0000
2022,11,12,19,30,19.8,0,0,0,8,17.3,0,0,0,0,85.52,116.53,0.15,1004,3.5,257,1.9000000000000001,0.0000,0.0000
2022,11,12,20,30,18.7,0,0,0,7,17.2,0,0,0,0,90.93,128.96,0.15,1005,3.4000000000000004,276,2.1,0.0000,0.0000
2022,11,12,21,30,17.3,0,0,0,7,16.2,0,0,0,0,92.99,141.24,0.15,1005,3.2,285,2.2,0.0000,0.0000
2022,11,12,22,30,16,0,0,0,7,14.600000000000001,0,0,0,0,91.48,152.8,0.15,1006,2.9000000000000004,286,1.9000000000000001,0.0000,0.0000
2022,11,12,23,30,15,0,0,0,8,13.3,0,0,0,0,89.46000000000001,161.82,0.15,1006,2.5,285,1.6,0.0000,0.0000
2022,11,13,0,30,14.3,0,0,0,7,12.3,0,0,0,0,87.77,163.29,0.15,1006,2.1,286,1.6,0.0000,0.0000
2022,11,13,1,30,13.700000000000001,0,0,0,0,11.4,0,0,0,0,86.04,155.77,0.15,1006,1.8,290,1.6,0.0000,0.0000
2022,11,13,2,30,12.9,0,0,0,0,10,0,0,0,0,82.79,144.66,0.15,1007,1.6,295,1.7000000000000002,0.0000,0.0000
2022,11,13,3,30,12,0,0,0,0,8.4,0,0,0,0,78.7,132.51,0.15,1007,1.3,303,1.9000000000000001,0.0000,0.0000
2022,11,13,4,30,10.600000000000001,0,0,0,0,6.4,0,0,0,0,75.43,120.09,0.15,1008,1,312,1.9000000000000001,0.0000,0.0000
2022,11,13,5,30,9.1,0,0,0,0,4.6000000000000005,0,0,0,0,73.54,107.74000000000001,0.15,1009,0.8,321,1.8,0.0000,0.0000
2022,11,13,6,30,8.1,0,0,0,0,3.3000000000000003,0,0,0,0,71.93,95.69,0.15,1010,0.6000000000000001,328,1.8,0.0000,0.0000
2022,11,13,7,30,8.1,35,449,82,7,2.4000000000000004,54,48,71,59,67.24,84.03,0.15,1011,0.5,336,2.3000000000000003,0.0000,0.0000
2022,11,13,8,30,9.1,58,758,274,8,0.9,115,418,0,234,56.69,73.48,0.15,1012,0.5,346,2.8000000000000003,11.6010,8.9387
2022,11,13,9,30,10.5,69,885,454,0,-0.30000000000000004,76,860,0,450,47.17,64.24,0.15,1012,0.5,351,2.9000000000000004,24.1354,18.7978
2022,11,13,10,30,12,74,948,590,0,-1,74,948,0,590,40.44,57.050000000000004,0.15,1012,0.5,352,2.7,33.0568,25.8569
2022,11,13,11,30,13.200000000000001,75,976,665,0,-1.4000000000000001,124,850,0,638,36.550000000000004,52.82,0.15,1012,0.5,352,2.6,36.4522,28.5603
2022,11,13,12,30,14,75,980,675,0,-1.4000000000000001,104,907,0,659,34.57,52.28,0.15,1012,0.5,350,2.5,37.7361,29.5715
2022,11,13,13,30,14.5,73,963,618,0,-1.4000000000000001,73,963,0,618,33.53,55.53,0.15,1011,0.5,350,2.5,34.8856,27.3052
2022,11,13,14,30,14.3,67,917,498,0,-1.3,67,917,0,498,34.230000000000004,61.980000000000004,0.15,1011,0.5,350,2.4000000000000004,27.1230,21.1587
2022,11,13,15,30,13.5,58,822,329,0,-1.1,58,822,0,329,36.57,70.73,0.15,1011,0.5,352,2.3000000000000003,16.7320,12.9449
2022,11,13,16,30,11.3,40,594,133,0,-0.8,40,594,0,133,43.22,80.99,0.15,1012,0.6000000000000001,354,1.7000000000000002,0.0000,0.0000
2022,11,13,17,30,8.8,0,0,0,0,1.2000000000000002,0,0,0,0,58.76,92.4,0.15,1013,0.6000000000000001,180,1.2000000000000002,0.0000,0.0000
2022,11,13,18,30,7.6000000000000005,0,0,0,0,1.5,0,0,0,0,65.49,104.33,0.15,1014,0.6000000000000001,9,1.3,0.0000,0.0000
2022,11,13,19,30,7,0,0,0,0,1.5,0,0,0,0,68.23,116.63,0.15,1014,0.6000000000000001,18,1.3,0.0000,0.0000
2022,11,13,20,30,6.4,0,0,0,0,1.5,0,0,0,0,70.98,129.06,0.15,1015,0.6000000000000001,25,1.4000000000000001,0.0000,0.0000
2022,11,13,21,30,5.7,0,0,0,0,1.4000000000000001,0,0,0,0,73.92,141.35,0.15,1015,0.6000000000000001,28,1.5,0.0000,0.0000
2022,11,13,22,30,5,0,0,0,0,1,0,0,0,0,75.44,152.94,0.15,1016,0.6000000000000001,27,1.5,0.0000,0.0000
2022,11,13,23,30,4.3,0,0,0,0,0.5,0,0,0,0,76.08,162.04,0.15,1016,0.6000000000000001,24,1.4000000000000001,0.0000,0.0000
2022,11,14,0,30,3.5,0,0,0,0,0,0,0,0,0,78.01,163.55,0.15,1017,0.5,23,1.4000000000000001,0.0000,0.0000
2022,11,14,1,30,2.9000000000000004,0,0,0,0,-0.4,0,0,0,0,78.91,155.99,0.15,1017,0.5,24,1.4000000000000001,0.0000,0.0000
2022,11,14,2,30,2.3000000000000003,0,0,0,0,-0.8,0,0,0,0,80.24,144.83,0.15,1017,0.5,23,1.4000000000000001,0.0000,0.0000
2022,11,14,3,30,1.8,0,0,0,0,-1,0,0,0,0,81.54,132.67000000000002,0.15,1017,0.5,23,1.4000000000000001,0.0000,0.0000
2022,11,14,4,30,1.4000000000000001,0,0,0,0,-1.2000000000000002,0,0,0,0,82.74,120.25,0.15,1018,0.5,25,1.4000000000000001,0.0000,0.0000
2022,11,14,5,30,1.1,0,0,0,0,-1.4000000000000001,0,0,0,0,83.61,107.91,0.15,1018,0.5,29,1.4000000000000001,0.0000,0.0000
2022,11,14,6,30,1.2000000000000002,0,0,0,0,-1.4000000000000001,0,0,0,0,82.60000000000001,95.86,0.15,1018,0.5,31,1.5,0.0000,0.0000
2022,11,14,7,30,2.3000000000000003,34,444,79,0,-1.4000000000000001,34,444,0,79,76.46000000000001,84.21000000000001,0.15,1019,0.5,36,1.9000000000000001,0.0000,0.0000
2022,11,14,8,30,4.5,59,749,269,0,-1.6,59,749,0,269,64.54,73.69,0.15,1019,0.5,47,2.4000000000000004,13.3104,10.2522
2022,11,14,9,30,7,71,875,448,0,-2.2,78,846,0,443,51.9,64.47,0.15,1020,0.5,58,2.7,23.7207,18.4715
2022,11,14,10,30,9.200000000000001,78,935,583,0,-2.2,143,684,0,513,44.93,57.300000000000004,0.15,1020,0.5,61,2.6,28.7058,22.4510
2022,11,14,11,30,11,81,960,658,0,-1.6,168,704,0,591,41.5,53.08,0.15,1019,0.5,61,2.4000000000000004,33.7300,26.4250
2022,11,14,12,30,12.3,80,961,665,7,-1.1,265,266,0,427,39.44,52.53,0.15,1018,0.6000000000000001,62,2.2,24.4261,19.1397
2022,11,14,13,30,13.100000000000001,76,946,608,0,-0.8,100,848,0,577,38.22,55.76,0.15,1017,0.6000000000000001,63,2.1,32.5354,25.4633
2022,11,14,14,30,13.5,69,902,490,0,-0.6000000000000001,69,902,0,490,37.99,62.18,0.15,1017,0.6000000000000001,64,1.9000000000000001,26.6528,20.7892
2022,11,14,15,30,12.9,59,797,320,8,-0.30000000000000004,143,326,0,250,40.26,70.9,0.15,1017,0.7000000000000001,63,1.7000000000000002,12.6945,9.8191
2022,11,14,16,30,10.600000000000001,41,562,128,7,0.7000000000000001,55,169,25,81,50.480000000000004,81.13,0.15,1017,0.8,60,1.3,0.0000,0.0000
2022,11,14,17,30,8.700000000000001,0,0,0,4,1.9000000000000001,0,0,14,0,62.47,92.52,0.15,1017,1,59,1.3,0.0000,0.0000
2022,11,14,18,30,8.9,0,0,0,3,1.5,0,0,0,0,59.82,104.44,0.15,1017,1.2000000000000002,61,1.5,0.0000,0.0000
2022,11,14,19,30,8.5,0,0,0,4,1.3,0,0,0,0,60.38,116.72,0.15,1017,1.3,63,1.6,0.0000,0.0000
2022,11,14,20,30,8.1,0,0,0,8,1.2000000000000002,0,0,0,0,61.56,129.16,0.15,1017,1.4000000000000001,69,1.7000000000000002,0.0000,0.0000
2022,11,14,21,30,8,0,0,0,0,0.7000000000000001,0,0,0,0,59.910000000000004,141.46,0.15,1017,1.5,76,1.9000000000000001,0.0000,0.0000
2022,11,14,22,30,7.300000000000001,0,0,0,0,0.5,0,0,0,0,61.96,153.08,0.15,1016,1.6,80,1.7000000000000002,0.0000,0.0000
2022,11,14,23,30,6.7,0,0,0,0,0.5,0,0,0,0,64.49,162.25,0.15,1016,1.7000000000000002,80,1.5,0.0000,0.0000
2022,11,15,0,30,6.6000000000000005,0,0,0,7,0.6000000000000001,0,0,0,0,65.63,163.81,0.15,1016,1.9000000000000001,77,1.7000000000000002,0.0000,0.0000
2022,11,15,1,30,6.800000000000001,0,0,0,8,0.7000000000000001,0,0,0,0,65.25,156.19,0.15,1016,2.2,76,1.8,0.0000,0.0000
2022,11,15,2,30,6.800000000000001,0,0,0,5,0.9,0,0,0,0,66.19,145.01,0.15,1015,2.4000000000000004,74,1.9000000000000001,0.0000,0.0000
2022,11,15,3,30,6.9,0,0,0,7,1.4000000000000001,0,0,0,0,67.99,132.83,0.15,1015,2.7,69,1.9000000000000001,0.0000,0.0000
2022,11,15,4,30,7,0,0,0,6,2.1,0,0,0,0,70.95,120.41,0.15,1015,2.9000000000000004,67,2,0.0000,0.0000
2022,11,15,5,30,7.1000000000000005,0,0,0,6,2.9000000000000004,0,0,0,0,74.88,108.07000000000001,0.15,1015,3.1,70,2.1,0.0000,0.0000
2022,11,15,6,30,7.4,0,0,0,6,3.9000000000000004,0,0,0,0,78.3,96.04,0.15,1015,3.3000000000000003,76,2,0.0000,0.0000
2022,11,15,7,30,7.9,42,147,56,7,5,10,0,86,10,81.87,84.4,0.15,1015,3.4000000000000004,77,1.9000000000000001,0.0000,0.0000
2022,11,15,8,30,9.1,89,464,218,7,6.300000000000001,42,2,0,43,82.81,73.9,0.15,1015,3.4000000000000004,74,1.9000000000000001,2.1236,1.6351
2022,11,15,9,30,10.9,120,598,376,5,7.800000000000001,67,0,0,67,81.32000000000001,64.7,0.15,1015,3.5,74,2,3.5816,2.7885
2022,11,15,10,30,12.8,148,643,493,5,9.4,155,3,0,157,80,57.550000000000004,0.15,1014,3.5,79,1.9000000000000001,8.7738,6.8613
2022,11,15,11,30,14.5,147,702,566,4,10.9,83,0,0,83,79.25,53.34,0.15,1012,3.6,89,1.8,4.7318,3.7067
2022,11,15,12,30,16.2,135,738,581,8,12.5,40,0,25,40,78.96000000000001,52.78,0.15,1011,3.6,102,1.6,2.2858,1.7909
2022,11,15,13,30,17.8,124,726,530,3,14.3,79,2,0,80,79.76,55.99,0.15,1010,3.5,124,1.3,4.5060,3.5262
2022,11,15,14,30,19,113,667,422,3,15.9,64,48,0,86,81.97,62.370000000000005,0.15,1009,3.5,149,0.8,4.6720,3.6437
2022,11,15,15,30,18.900000000000002,93,540,268,4,16.8,31,0,0,31,87.36,71.06,0.15,1009,3.6,183,0.4,1.5718,1.2155
2022,11,15,16,30,17.8,57,277,99,3,17.2,12,10,57,14,96.17,81.27,0.15,1008,3.8000000000000003,241,0.2,0.0000,0.0000
2022,11,15,17,30,16.6,0,0,0,0,16.400000000000002,0,0,0,0,98.62,92.63,0.15,1008,3.9000000000000004,264,0.4,0.0000,0.0000
2022,11,15,18,30,15.9,0,0,0,3,15.9,0,0,0,0,100,104.53,0.15,1009,3.8000000000000003,270,0.6000000000000001,0.0000,0.0000
2022,11,15,19,30,15,0,0,0,3,15,0,0,0,0,100,116.81,0.15,1009,3.6,304,0.9,0.0000,0.0000
2022,11,15,20,30,13.600000000000001,0,0,0,0,13.600000000000001,0,0,0,0,100,129.24,0.15,1009,3.4000000000000004,329,1.4000000000000001,0.0000,0.0000
2022,11,15,21,30,11.9,0,0,0,8,11.9,0,0,0,0,100,141.56,0.15,1010,3.4000000000000004,337,1.7000000000000002,0.0000,0.0000
2022,11,15,22,30,10.5,0,0,0,8,10.5,0,0,0,0,100,153.21,0.15,1010,3.3000000000000003,336,1.9000000000000001,0.0000,0.0000
2022,11,15,23,30,9.5,0,0,0,8,9.3,0,0,0,0,98.96000000000001,162.46,0.15,1010,3.2,336,1.8,0.0000,0.0000
2022,11,16,0,30,8.9,0,0,0,8,8.4,0,0,0,0,96.58,164.06,0.15,1010,2.9000000000000004,337,1.6,0.0000,0.0000
2022,11,16,1,30,8.5,0,0,0,7,7.9,0,0,0,0,96.04,156.4,0.15,1011,2.5,337,1.4000000000000001,0.0000,0.0000
2022,11,16,2,30,8.3,0,0,0,8,7.6000000000000005,0,0,0,0,95.2,145.18,0.15,1011,2.1,335,1.4000000000000001,0.0000,0.0000
2022,11,16,3,30,8.1,0,0,0,8,7.300000000000001,0,0,0,0,95,132.99,0.15,1011,1.9000000000000001,329,1.4000000000000001,0.0000,0.0000
2022,11,16,4,30,7.9,0,0,0,7,7.2,0,0,0,0,95.25,120.57000000000001,0.15,1011,1.7000000000000002,328,1.2000000000000002,0.0000,0.0000
2022,11,16,5,30,7.4,0,0,0,0,7,0,0,0,0,97.44,108.23,0.15,1012,1.6,327,1,0.0000,0.0000
2022,11,16,6,30,7.2,0,0,0,0,6.800000000000001,0,0,0,0,97.12,96.21000000000001,0.15,1012,1.5,326,1.2000000000000002,0.0000,0.0000
2022,11,16,7,30,7.6000000000000005,36,302,64,0,6.6000000000000005,30,153,43,44,93.49,84.59,0.15,1012,1.4000000000000001,330,1.6,0.0000,0.0000
2022,11,16,8,30,8.9,70,622,240,3,6.9,51,152,0,93,87.28,74.11,0.15,1013,1.4000000000000001,336,1.8,4.5840,3.5283
2022,11,16,9,30,10.600000000000001,88,757,409,3,7.1000000000000005,137,5,0,139,78.8,64.92,0.15,1013,1.5,339,1.7000000000000002,7.4184,5.7747
2022,11,16,10,30,11.8,100,815,534,3,6.7,206,6,0,209,70.73,57.800000000000004,0.15,1013,1.7000000000000002,334,1.6,11.6645,9.1207
2022,11,16,11,30,12.5,107,839,605,0,6.1000000000000005,162,664,7,556,65.01,53.6,0.15,1013,1.8,322,1.4000000000000001,31.6618,24.8002
2022,11,16,12,30,13.3,102,853,615,8,5.800000000000001,264,329,18,462,60.620000000000005,53.03,0.15,1012,1.8,309,1.5,26.3732,20.6618
2022,11,16,13,30,14,92,850,565,7,5.7,254,115,0,318,57.39,56.21,0.15,1011,1.8,302,1.7000000000000002,17.8921,14.0003
2022,11,16,14,30,14.100000000000001,84,804,454,7,5.6000000000000005,155,31,11,169,56.42,62.56,0.15,1011,1.7000000000000002,299,1.7000000000000002,9.1696,7.1505
2022,11,16,15,30,13.600000000000001,69,702,295,7,5.300000000000001,106,20,4,112,57.07,71.21000000000001,0.15,1011,1.6,297,1.6,5.6710,4.3846
2022,11,16,16,30,12,44,467,114,8,5.5,55,7,43,56,64.33,81.39,0.15,1012,1.6,293,1.2000000000000002,0.0000,0.0000
2022,11,16,17,30,10.4,0,0,0,3,6.1000000000000005,0,0,14,0,74.86,92.74,0.15,1012,1.5,287,0.9,0.0000,0.0000
2022,11,16,18,30,9.8,0,0,0,8,5.800000000000001,0,0,0,0,76.17,104.63,0.15,1012,1.5,280,0.9,0.0000,0.0000
2022,11,16,19,30,9.4,0,0,0,7,5.6000000000000005,0,0,0,0,77.28,116.9,0.15,1012,1.5,275,0.9,0.0000,0.0000
2022,11,16,20,30,9.1,0,0,0,7,5.4,0,0,0,0,77.43,129.33,0.15,1012,1.5,275,1.1,0.0000,0.0000
2022,11,16,21,30,8.8,0,0,0,7,5,0,0,0,0,76.88,141.65,0.15,1013,1.6,282,1.2000000000000002,0.0000,0.0000
2022,11,16,22,30,8.200000000000001,0,0,0,8,4.2,0,0,0,0,76,153.34,0.15,1013,1.6,290,1.4000000000000001,0.0000,0.0000
2022,11,16,23,30,7.6000000000000005,0,0,0,7,3.8000000000000003,0,0,0,0,76.78,162.66,0.15,1014,1.6,296,1.4000000000000001,0.0000,0.0000
2022,11,17,0,30,6.800000000000001,0,0,0,7,3.4000000000000004,0,0,0,0,78.93,164.31,0.15,1014,1.4000000000000001,303,1.5,0.0000,0.0000
2022,11,17,1,30,5.7,0,0,0,7,2.9000000000000004,0,0,0,0,82.37,156.6,0.15,1015,1.1,310,1.4000000000000001,0.0000,0.0000
2022,11,17,2,30,4.6000000000000005,0,0,0,7,2.4000000000000004,0,0,0,0,85.5,145.35,0.15,1015,0.9,315,1.2000000000000002,0.0000,0.0000
2022,11,17,3,30,3.7,0,0,0,0,1.9000000000000001,0,0,0,0,88.08,133.15,0.15,1015,0.8,314,0.9,0.0000,0.0000
2022,11,17,4,30,3.2,0,0,0,0,1.7000000000000002,0,0,0,0,89.78,120.73,0.15,1016,0.7000000000000001,305,0.8,0.0000,0.0000
2022,11,17,5,30,2.8000000000000003,0,0,0,0,1.3,0,0,0,0,89.87,108.4,0.15,1016,0.7000000000000001,295,0.8,0.0000,0.0000
2022,11,17,6,30,2.5,0,0,0,0,0.9,0,0,0,0,88.96000000000001,96.39,0.15,1016,0.6000000000000001,293,0.8,0.0000,0.0000
2022,11,17,7,30,3.4000000000000004,32,410,69,0,0.7000000000000001,32,410,0,69,82.37,84.77,0.15,1016,0.6000000000000001,297,1,0.0000,0.0000
2022,11,17,8,30,5.9,57,733,255,0,0.5,57,733,0,255,68.34,74.31,0.15,1016,0.6000000000000001,311,1.3,12.5463,9.6536
2022,11,17,9,30,8.6,69,863,432,0,-2.4000000000000004,113,688,0,402,45.9,65.15,0.15,1017,0.6000000000000001,324,1.4000000000000001,21.4182,16.6693
2022,11,17,10,30,10.200000000000001,77,924,566,0,-3.8000000000000003,85,899,0,561,37.160000000000004,58.04,0.15,1016,0.6000000000000001,322,1.4000000000000001,31.2700,24.4479
2022,11,17,11,30,11.200000000000001,79,952,641,0,-3.5,79,952,0,641,35.45,53.84,0.15,1016,0.6000000000000001,316,1.3,36.4640,28.5592
2022,11,17,12,30,11.9,81,953,651,0,-3.3000000000000003,81,953,0,651,34.53,53.27,0.15,1015,0.6000000000000001,312,1.3,37.1243,29.0823
2022,11,17,13,30,12.3,80,932,595,0,-3.1,80,932,0,595,34.01,56.42,0.15,1014,0.6000000000000001,309,1.3,33.4427,26.1660
2022,11,17,14,30,12.3,72,884,477,0,-3,72,884,0,477,34.22,62.74,0.15,1014,0.6000000000000001,309,1.4000000000000001,25.8502,20.1555
2022,11,17,15,30,11.5,61,785,312,0,-3,61,785,0,312,36.19,71.36,0.15,1014,0.6000000000000001,312,1.3,15.7760,12.1948
2022,11,17,16,30,9.3,40,553,122,0,-1.8,40,553,0,122,45.87,81.51,0.15,1014,0.6000000000000001,320,1.1,0.0000,0.0000
2022,11,17,17,30,7.2,0,0,0,0,-0.30000000000000004,0,0,0,0,59.13,92.84,0.15,1015,0.5,330,1,0.0000,0.0000
2022,11,17,18,30,6.5,0,0,0,0,-1.5,0,0,0,0,56.83,104.71000000000001,0.15,1015,0.5,332,1,0.0000,0.0000
2022,11,17,19,30,6.300000000000001,0,0,0,0,-1.8,0,0,0,0,56.09,116.97,0.15,1016,0.5,328,0.9,0.0000,0.0000
2022,11,17,20,30,6.1000000000000005,0,0,0,0,-2.1,0,0,0,0,55.550000000000004,129.4,0.15,1016,0.5,319,0.7000000000000001,0.0000,0.0000
2022,11,17,21,30,5.7,0,0,0,0,-2.3000000000000003,0,0,0,0,56.370000000000005,141.73,0.15,1016,0.5,306,0.6000000000000001,0.0000,0.0000
2022,11,17,22,30,5.2,0,0,0,0,-2.3000000000000003,0,0,0,0,58.370000000000005,153.45000000000002,0.15,1016,0.5,311,0.6000000000000001,0.0000,0.0000
2022,11,17,23,30,4.2,0,0,0,0,-2.2,0,0,0,0,63.09,162.85,0.15,1016,0.5,340,0.8,0.0000,0.0000
2022,11,18,0,30,3,0,0,0,0,-2.1,0,0,0,0,69.38,164.56,0.15,1016,0.5,187,1,0.0000,0.0000
2022,11,18,1,30,1.6,0,0,0,0,-1.9000000000000001,0,0,0,0,77.37,156.8,0.15,1017,0.5,23,1.1,0.0000,0.0000
2022,11,18,2,30,0.5,0,0,0,0,-1.8,0,0,0,0,84.37,145.52,0.15,1017,0.5,31,1,0.0000,0.0000
2022,11,18,3,30,-0.30000000000000004,0,0,0,0,-1.8,0,0,0,0,89.64,133.31,0.15,1017,0.6000000000000001,34,0.9,0.0000,0.0000
2022,11,18,4,30,-1,0,0,0,0,-1.9000000000000001,0,0,0,0,93.43,120.88,0.15,1018,0.6000000000000001,30,0.9,0.0000,0.0000
2022,11,18,5,30,-1.5,0,0,0,0,-2.1,0,0,0,0,95.52,108.56,0.15,1018,0.6000000000000001,24,0.9,0.0000,0.0000
2022,11,18,6,30,-1.6,0,0,0,0,-2.3000000000000003,0,0,0,0,94.99,96.56,0.15,1019,0.6000000000000001,18,1,0.0000,0.0000
2022,11,18,7,30,0,30,412,66,0,-2.5,30,412,0,66,83.55,84.95,0.15,1019,0.6000000000000001,12,1.2000000000000002,0.0000,0.0000
2022,11,18,8,30,3.2,55,738,252,0,-2.4000000000000004,55,738,0,252,66.59,74.51,0.15,1020,0.6000000000000001,16,1.1,12.3764,9.5195
2022,11,18,9,30,7.1000000000000005,66,868,428,0,-2.4000000000000004,66,868,0,428,50.9,65.37,0.15,1020,0.6000000000000001,41,1,22.7660,17.7149
2022,11,18,10,30,10.100000000000001,73,930,562,0,-3.6,73,930,0,562,37.980000000000004,58.28,0.15,1019,0.6000000000000001,62,0.7000000000000001,31.2853,24.4570
2022,11,18,11,30,11.600000000000001,76,957,637,0,-3.5,76,957,0,637,34.660000000000004,54.09,0.15,1019,0.6000000000000001,179,0.30000000000000004,36.1966,28.3471
2022,11,18,12,30,12.600000000000001,76,961,648,0,-3.1,76,961,0,648,33.37,53.5,0.15,1018,0.6000000000000001,289,0.4,36.9168,28.9174
2022,11,18,13,30,13.100000000000001,74,937,589,0,-2.8000000000000003,74,937,0,589,32.97,56.63,0.15,1017,0.7000000000000001,282,0.8,33.0709,25.8728
2022,11,18,14,30,13.200000000000001,68,887,472,0,-2.7,68,887,0,472,33.11,62.910000000000004,0.15,1016,0.7000000000000001,282,0.9,25.5501,19.9191
2022,11,18,15,30,12.5,57,787,307,0,-2.5,57,787,0,307,35.03,71.51,0.15,1016,0.7000000000000001,283,0.9,15.5016,11.9802
2022,11,18,16,30,10.700000000000001,39,553,119,0,-0.2,42,493,4,114,46.800000000000004,81.63,0.15,1016,0.7000000000000001,273,0.8,0.0000,0.0000
2022,11,18,17,30,9.200000000000001,0,0,0,0,-1.1,0,0,0,0,48.620000000000005,92.94,0.15,1017,0.7000000000000001,248,0.8,0.0000,0.0000
2022,11,18,18,30,8.3,0,0,0,0,-2.1,0,0,0,0,47.77,104.79,0.15,1017,0.7000000000000001,223,0.9,0.0000,0.0000
2022,11,18,19,30,7.2,0,0,0,0,-1.9000000000000001,0,0,0,0,52.300000000000004,117.05,0.15,1017,0.7000000000000001,210,1.1,0.0000,0.0000
2022,11,18,20,30,6.300000000000001,0,0,0,0,-1.1,0,0,0,0,59.1,129.47,0.15,1018,0.8,210,1.1,0.0000,0.0000
2022,11,18,21,30,5.6000000000000005,0,0,0,8,-0.7000000000000001,0,0,0,0,64.06,141.81,0.15,1018,0.8,218,1,0.0000,0.0000
2022,11,18,22,30,5.1000000000000005,0,0,0,8,-0.6000000000000001,0,0,0,0,66.43,153.56,0.15,1018,0.8,230,1,0.0000,0.0000
2022,11,18,23,30,4.9,0,0,0,0,-0.5,0,0,0,0,67.9,163.03,0.15,1018,0.8,242,1.1,0.0000,0.0000
2022,11,19,0,30,4.5,0,0,0,0,-0.4,0,0,0,0,70.39,164.8,0.15,1018,0.8,257,1,0.0000,0.0000
2022,11,19,1,30,4.1000000000000005,0,0,0,0,-0.1,0,0,0,0,73.84,157,0.15,1018,0.8,271,1,0.0000,0.0000
2022,11,19,2,30,3.6,0,0,0,0,0.2,0,0,0,0,78.64,145.69,0.15,1017,0.8,284,0.9,0.0000,0.0000
2022,11,19,3,30,3.2,0,0,0,4,0.6000000000000001,0,0,0,0,82.92,133.46,0.15,1017,0.8,295,0.8,0.0000,0.0000
2022,11,19,4,30,2.7,0,0,0,0,0.9,0,0,0,0,87.78,121.04,0.15,1018,0.8,303,0.8,0.0000,0.0000
2022,11,19,5,30,1.8,0,0,0,0,1,0,0,0,0,94.22,108.72,0.15,1018,0.8,305,0.8,0.0000,0.0000
2022,11,19,6,30,1.4000000000000001,0,0,0,0,1,0,0,0,0,97.11,96.73,0.15,1019,0.8,306,0.9,0.0000,0.0000
2022,11,19,7,30,3.2,30,352,60,0,1.1,30,352,0,60,85.9,85.13,0.15,1019,0.9,309,1.1,0.0000,0.0000
2022,11,19,8,30,6.6000000000000005,60,676,238,0,1.3,60,676,0,238,68.76,74.72,0.15,1019,0.9,309,1,11.6669,8.9705
2022,11,19,9,30,10.3,74,818,412,0,1.1,74,818,0,412,52.99,65.59,0.15,1019,0.9,312,0.8,21.8785,17.0211
2022,11,19,10,30,13.3,80,893,546,0,-0.2,80,893,0,546,39.4,58.51,0.15,1019,0.9,302,1,30.3567,23.7283
2022,11,19,11,30,14.600000000000001,82,922,620,0,0.2,82,922,0,620,37.46,54.33,0.15,1018,0.9,279,1.1,35.1929,27.5586
2022,11,19,12,30,15.4,83,927,631,0,0.8,83,927,0,631,36.97,53.730000000000004,0.15,1017,0.9,266,1.3,35.9124,28.1284
2022,11,19,13,30,15.700000000000001,80,908,577,0,1.3,148,706,0,534,37.57,56.83,0.15,1016,0.9,260,1.5,29.9527,23.4312
2022,11,19,14,30,15.4,73,859,462,7,1.5,209,276,0,334,39,63.08,0.15,1015,0.9,257,1.7000000000000002,18.0592,14.0774
2022,11,19,15,30,14.200000000000001,61,751,298,7,1.6,145,112,0,180,42.37,71.64,0.15,1015,1,256,1.5,9.0780,7.0145
2022,11,19,16,30,11.8,41,504,113,7,3.3000000000000003,70,24,57,73,56.14,81.74,0.15,1014,1,253,1.2000000000000002,0.0000,0.0000
2022,11,19,17,30,10.200000000000001,0,0,0,6,3.3000000000000003,0,0,14,0,62.17,93.03,0.15,1015,1,252,1.2000000000000002,0.0000,0.0000
2022,11,19,18,30,9.9,0,0,0,7,2.7,0,0,0,0,60.84,104.87,0.15,1016,1,252,1.2000000000000002,0.0000,0.0000
2022,11,19,19,30,9.5,0,0,0,6,2.6,0,0,0,0,62.22,117.11,0.15,1016,1.1,252,1.2000000000000002,0.0000,0.0000
2022,11,19,20,30,9.1,0,0,0,7,2.6,0,0,0,0,63.83,129.53,0.15,1016,1.1,254,1.3,0.0000,0.0000
2022,11,19,21,30,8.700000000000001,0,0,0,6,2.5,0,0,0,0,65.29,141.88,0.15,1016,1.2000000000000002,259,1.3,0.0000,0.0000
2022,11,19,22,30,8.4,0,0,0,6,2.3000000000000003,0,0,0,0,65.47,153.66,0.15,1016,1.3,264,1.4000000000000001,0.0000,0.0000
2022,11,19,23,30,8.1,0,0,0,6,2.1,0,0,0,0,65.96000000000001,163.20000000000002,0.15,1017,1.3,268,1.4000000000000001,0.0000,0.0000
2022,11,20,0,30,7.7,0,0,0,6,2,0,0,0,0,67.11,165.04,0.15,1017,1.1,269,1.4000000000000001,0.0000,0.0000
2022,11,20,1,30,7.300000000000001,0,0,0,6,1.9000000000000001,0,0,0,0,68.69,157.20000000000002,0.15,1017,1,274,1.3,0.0000,0.0000
2022,11,20,2,30,6.800000000000001,0,0,0,6,1.9000000000000001,0,0,0,0,71.19,145.86,0.15,1017,0.9,284,1.2000000000000002,0.0000,0.0000
2022,11,20,3,30,6.300000000000001,0,0,0,6,1.9000000000000001,0,0,0,0,73.71000000000001,133.62,0.15,1017,0.8,295,1.1,0.0000,0.0000
2022,11,20,4,30,5.7,0,0,0,6,1.9000000000000001,0,0,0,0,76.60000000000001,121.2,0.15,1017,0.7000000000000001,306,1.1,0.0000,0.0000
2022,11,20,5,30,5.1000000000000005,0,0,0,6,1.8,0,0,0,0,79.32000000000001,108.89,0.15,1017,0.7000000000000001,317,1,0.0000,0.0000
2022,11,20,6,30,4.7,0,0,0,8,1.6,0,0,0,0,80.39,96.9,0.15,1018,0.6000000000000001,326,0.9,0.0000,0.0000
2022,11,20,7,30,5.1000000000000005,27,435,63,7,1.3,37,8,100,38,76.36,85.31,0.15,1018,0.5,332,1.1,0.0000,0.0000
2022,11,20,8,30,6.4,49,767,249,7,0.7000000000000001,130,58,0,145,66.98,74.92,0.15,1019,0.5,347,1.4000000000000001,7.0955,5.4537
2022,11,20,9,30,7.800000000000001,59,894,425,7,-1.3,206,215,0,294,52.5,65.81,0.15,1020,0.5,186,1.7000000000000002,15.5861,12.1234
2022,11,20,10,30,9,64,953,559,7,-5.2,245,287,0,394,36.37,58.74,0.15,1020,0.5,16,1.8,21.8781,17.0990
2022,11,20,11,30,9.700000000000001,68,978,635,6,-6.5,252,54,0,283,31.220000000000002,54.56,0.15,1020,0.5,13,1.6,16.0472,12.5650
2022,11,20,12,30,9.9,70,979,646,6,-6.800000000000001,275,75,0,319,30.12,53.95,0.15,1019,0.5,7,1.5,18.1379,14.2053
2022,11,20,13,30,9.9,70,958,591,6,-6.800000000000001,209,28,0,224,30.2,57.02,0.15,1019,0.5,2,1.5,12.5523,9.8185
2022,11,20,14,30,9.600000000000001,65,908,474,6,-6.6000000000000005,144,8,0,148,31.310000000000002,63.24,0.15,1019,0.5,1,1.4000000000000001,7.9936,6.2304
2022,11,20,15,30,8.700000000000001,57,806,309,6,-5.300000000000001,100,11,0,103,36.68,71.77,0.15,1019,0.5,2,1.1,5.1884,4.0083
2022,11,20,16,30,7,39,566,119,6,-1.2000000000000002,42,2,57,42,55.75,81.84,0.15,1019,0.5,2,0.8,0.0000,0.0000
2022,11,20,17,30,5.800000000000001,0,0,0,7,-1.5,0,0,14,0,59.29,93.11,0.15,1020,0.5,7,0.9,0.0000,0.0000
2022,11,20,18,30,5.4,0,0,0,7,-2,0,0,0,0,58.83,104.94,0.15,1021,0.5,18,1,0.0000,0.0000
2022,11,20,19,30,5.2,0,0,0,8,-2.4000000000000004,0,0,0,0,57.85,117.17,0.15,1021,0.5,33,1,0.0000,0.0000
2022,11,20,20,30,4.9,0,0,0,7,-2.9000000000000004,0,0,0,0,57.07,129.59,0.15,1022,0.5,50,1,0.0000,0.0000
2022,11,20,21,30,4.4,0,0,0,7,-3.2,0,0,0,0,57.78,141.95000000000002,0.15,1022,0.5,64,1,0.0000,0.0000
2022,11,20,22,30,3.7,0,0,0,7,-3.4000000000000004,0,0,0,0,59.85,153.75,0.15,1022,0.5,70,1.1,0.0000,0.0000
2022,11,20,23,30,2.7,0,0,0,8,-3.7,0,0,0,0,62.79,163.37,0.15,1022,0.5,69,1.2000000000000002,0.0000,0.0000
2022,11,21,0,30,1.5,0,0,0,0,-4.3,0,0,0,0,65.41,165.27,0.15,1023,0.5,66,1.2000000000000002,0.0000,0.0000
2022,11,21,1,30,0.7000000000000001,0,0,0,4,-4.6000000000000005,0,0,0,0,67.62,157.39000000000001,0.15,1023,0.5,62,1.1,0.0000,0.0000
2022,11,21,2,30,0.1,0,0,0,4,-4.9,0,0,0,0,69.16,146.02,0.15,1023,0.5,57,1.1,0.0000,0.0000
2022,11,21,3,30,-0.4,0,0,0,0,-5.1000000000000005,0,0,0,0,70.58,133.78,0.15,1023,0.5,52,1.2000000000000002,0.0000,0.0000
2022,11,21,4,30,-0.8,0,0,0,0,-5.300000000000001,0,0,0,0,71.53,121.36,0.15,1023,0.5,47,1.2000000000000002,0.0000,0.0000
2022,11,21,5,30,-1.2000000000000002,0,0,0,0,-5.5,0,0,0,0,72.67,109.05,0.15,1023,0.5,44,1.2000000000000002,0.0000,0.0000
2022,11,21,6,30,-1.4000000000000001,0,0,0,0,-5.6000000000000005,0,0,0,0,72.87,97.08,0.15,1023,0.5,43,1.2000000000000002,0.0000,0.0000
2022,11,21,7,30,-0.1,27,427,61,0,-5.6000000000000005,28,408,7,60,66.31,85.49,0.15,1024,0.5,44,1.4000000000000001,0.0000,0.0000
2022,11,21,8,30,2.9000000000000004,50,759,245,0,-5.5,50,759,0,245,53.870000000000005,75.11,0.15,1024,0.5,44,1.5,11.9691,9.1964
2022,11,21,9,30,6.6000000000000005,61,887,421,0,-4.9,61,887,0,421,43.730000000000004,66.02,0.15,1024,0.5,59,1.8,22.2828,17.3291
2022,11,21,10,30,9.9,67,946,555,0,-6.9,67,946,0,555,29.92,58.97,0.15,1024,0.5,74,2,30.7787,24.0526
2022,11,21,11,30,11.8,71,972,631,0,-6.6000000000000005,71,972,0,631,27.07,54.79,0.15,1023,0.5,71,1.6,35.7426,27.9842
2022,11,21,12,30,13.100000000000001,72,972,641,0,-5.6000000000000005,72,972,0,641,26.89,54.160000000000004,0.15,1022,0.5,60,1.3,36.4125,28.5155
2022,11,21,13,30,13.9,69,949,583,0,-4.5,69,949,0,583,27.54,57.21,0.15,1021,0.6000000000000001,48,1,32.6379,25.5274
2022,11,21,14,30,13.9,64,896,465,0,-3.6,64,896,0,465,29.59,63.4,0.15,1021,0.7000000000000001,41,0.9,25.0874,19.5516
2022,11,21,15,30,13.100000000000001,54,796,301,0,-3.1,54,796,0,301,32.43,71.9,0.15,1021,0.7000000000000001,41,0.8,15.1438,11.6971
2022,11,21,16,30,10.9,37,559,115,0,-0.2,37,559,0,115,46.37,81.93,0.15,1021,0.8,47,0.8,0.0000,0.0000
2022,11,21,17,30,9,0,0,0,0,-1.8,0,0,0,0,46.71,93.19,0.15,1021,0.9,55,1,0.0000,0.0000
2022,11,21,18,30,8.3,0,0,0,0,-3,0,0,0,0,44.84,105,0.15,1021,1,62,1,0.0000,0.0000
2022,11,21,19,30,7.9,0,0,0,0,-3.2,0,0,0,0,45.47,117.22,0.15,1021,1.1,64,1.1,0.0000,0.0000
2022,11,21,20,30,7.5,0,0,0,0,-3.4000000000000004,0,0,0,0,45.81,129.64000000000001,0.15,1021,1.2000000000000002,62,1.1,0.0000,0.0000
2022,11,21,21,30,7.2,0,0,0,4,-3.6,0,0,0,0,46.300000000000004,142,0.15,1021,1.2000000000000002,54,1,0.0000,0.0000
2022,11,21,22,30,6.800000000000001,0,0,0,0,-3.6,0,0,0,0,47.31,153.84,0.15,1021,1.3,43,1.1,0.0000,0.0000
2022,11,21,23,30,6,0,0,0,8,-3.7,0,0,0,0,49.870000000000005,163.52,0.15,1021,1.3,34,1.2000000000000002,0.0000,0.0000
2022,11,22,0,30,5.2,0,0,0,8,-3.4000000000000004,0,0,0,0,54.03,165.49,0.15,1021,1.4000000000000001,30,1.2000000000000002,0.0000,0.0000
2022,11,22,1,30,4.5,0,0,0,8,-3.2,0,0,0,0,57.410000000000004,157.58,0.15,1021,1.4000000000000001,31,1.1,0.0000,0.0000
2022,11,22,2,30,4.1000000000000005,0,0,0,8,-3.1,0,0,0,0,59.230000000000004,146.19,0.15,1020,1.5,33,1,0.0000,0.0000
2022,11,22,3,30,3.9000000000000004,0,0,0,8,-3.6,0,0,0,0,57.870000000000005,133.94,0.15,1020,1.5,33,1.1,0.0000,0.0000
2022,11,22,4,30,3.9000000000000004,0,0,0,8,-3.6,0,0,0,0,58.24,121.51,0.15,1020,1.6,34,1.1,0.0000,0.0000
2022,11,22,5,30,3.8000000000000003,0,0,0,5,-3.4000000000000004,0,0,0,0,59.54,109.21000000000001,0.15,1021,1.6,35,1.1,0.0000,0.0000
2022,11,22,6,30,4,0,0,0,8,-3,0,0,0,0,60.120000000000005,97.25,0.15,1021,1.7000000000000002,36,1.1,0.0000,0.0000
2022,11,22,7,30,5.2,26,325,51,8,-2.7,35,17,100,36,56.550000000000004,85.67,0.15,1021,1.8,36,1.3,0.0000,0.0000
2022,11,22,8,30,7.5,54,657,221,0,-3.1,94,337,0,179,46.97,75.31,0.15,1021,1.9000000000000001,36,1.3,8.7297,6.7051
2022,11,22,9,30,10.200000000000001,69,788,387,0,-2.2,161,353,0,303,41.79,66.23,0.15,1021,1.9000000000000001,36,1.1,16.0111,12.4493
2022,11,22,10,30,13.100000000000001,79,848,513,5,-1.3,164,8,0,168,37.03,59.19,0.15,1021,2,42,1.3,9.3053,7.2710
2022,11,22,11,30,15.100000000000001,83,876,585,5,-1.9000000000000001,259,71,0,300,30.94,55.01,0.15,1020,2,45,1.3,16.9761,13.2901
2022,11,22,12,30,16.3,83,880,596,5,-1.2000000000000002,305,176,0,408,30.22,54.370000000000005,0.15,1019,2.1,35,1,23.1550,18.1318
2022,11,22,13,30,17,80,860,543,8,-0.1,219,54,0,248,31.38,57.39,0.15,1018,2.1,18,0.8,13.8708,10.8480
2022,11,22,14,30,17.1,73,809,433,8,1.3,173,64,0,202,34.46,63.550000000000004,0.15,1018,2.1,184,0.7000000000000001,10.8869,8.4836
2022,11,22,15,30,16.400000000000002,61,704,278,8,2.9000000000000004,91,19,0,97,40.34,72.01,0.15,1018,2.1,354,0.6000000000000001,4.8752,3.7650
2022,11,22,16,30,14.600000000000001,39,464,103,8,5.5,61,22,61,64,54.480000000000004,82.03,0.15,1018,2,350,0.7000000000000001,0.0000,0.0000
2022,11,22,17,30,12.5,0,0,0,8,4.5,0,0,14,0,58.04,93.26,0.15,1018,2,177,0.9,0.0000,0.0000
2022,11,22,18,30,11.4,0,0,0,8,3.8000000000000003,0,0,0,0,59.74,105.06,0.15,1018,1.9000000000000001,9,1,0.0000,0.0000
2022,11,22,19,30,11,0,0,0,8,3.9000000000000004,0,0,0,0,61.39,117.27,0.15,1018,1.9000000000000001,22,1,0.0000,0.0000
2022,11,22,20,30,10.600000000000001,0,0,0,8,3.7,0,0,0,0,62.27,129.68,0.15,1018,2,37,1,0.0000,0.0000
2022,11,22,21,30,10.4,0,0,0,7,3.4000000000000004,0,0,0,0,61.88,142.06,0.15,1017,2.1,50,1,0.0000,0.0000
2022,11,22,22,30,10.3,0,0,0,7,3.4000000000000004,0,0,0,0,62.230000000000004,153.91,0.15,1017,2.2,56,1,0.0000,0.0000
2022,11,22,23,30,10.3,0,0,0,7,3.1,0,0,0,0,61,163.67000000000002,0.15,1017,2.3000000000000003,50,0.9,0.0000,0.0000
2022,11,23,0,30,10.200000000000001,0,0,0,7,3.2,0,0,0,0,61.79,165.71,0.15,1017,2.4000000000000004,38,0.8,0.0000,0.0000
2022,11,23,1,30,9.9,0,0,0,8,3.3000000000000003,0,0,0,0,63.54,157.77,0.15,1016,2.4000000000000004,27,0.8,0.0000,0.0000
2022,11,23,2,30,9.5,0,0,0,5,3.1,0,0,0,0,64.43,146.35,0.15,1016,2.4000000000000004,19,0.8,0.0000,0.0000
2022,11,23,3,30,9,0,0,0,5,2.3000000000000003,0,0,0,0,63.08,134.09,0.15,1016,2.4000000000000004,18,0.9,0.0000,0.0000
2022,11,23,4,30,8.3,0,0,0,7,2,0,0,0,0,64.54,121.67,0.15,1016,2.3000000000000003,20,1,0.0000,0.0000
2022,11,23,5,30,7.6000000000000005,0,0,0,7,1.6,0,0,0,0,65.99,109.37,0.15,1016,2.2,24,1,0.0000,0.0000
2022,11,23,6,30,7.2,0,0,0,8,1.5,0,0,0,0,67.26,97.42,0.15,1016,2.1,27,1,0.0000,0.0000
2022,11,23,7,30,8.200000000000001,27,310,49,8,1.6,29,4,100,29,63.13,85.85000000000001,0.15,1016,2,29,1.2000000000000002,0.0000,0.0000
2022,11,23,8,30,10.4,53,659,218,8,1.3,90,59,0,105,53.36,75.5,0.15,1017,1.8,28,1.3,5.1126,3.9255
2022,11,23,9,30,13.4,65,802,386,3,2.1,160,107,7,203,46.45,66.44,0.15,1017,1.8,34,1.1,10.7093,8.3253
2022,11,23,10,30,16.5,73,869,515,3,3,226,87,0,270,40.31,59.410000000000004,0.15,1016,1.7000000000000002,45,1.3,14.9363,11.6695
2022,11,23,11,30,18.6,77,896,588,3,3.5,216,458,0,477,36.78,55.230000000000004,0.15,1016,1.8,47,1.4000000000000001,26.9644,21.1077
2022,11,23,12,30,19.900000000000002,78,898,599,3,4.7,312,114,0,378,36.71,54.57,0.15,1015,1.8,43,1.3,21.4331,16.7822
2022,11,23,13,30,20.6,76,876,546,0,5.800000000000001,76,876,0,546,38.01,57.57,0.15,1014,1.8,38,1.3,30.5096,23.8588
2022,11,23,14,30,20.6,71,824,436,0,6.5,71,824,0,436,39.99,63.690000000000005,0.15,1013,1.8,38,1.2000000000000002,23.4756,18.2915
2022,11,23,15,30,19.6,59,718,279,0,7.1000000000000005,59,718,0,279,44.24,72.13,0.15,1013,1.8,43,1,14.0069,10.8153
2022,11,23,16,30,16.900000000000002,38,477,103,0,9.600000000000001,38,477,0,103,61.99,82.11,0.15,1014,1.8,52,1,0.0000,0.0000
2022,11,23,17,30,14.100000000000001,0,0,0,0,7.2,0,0,0,0,63.2,93.32000000000001,0.15,1014,1.8,65,1.2000000000000002,0.0000,0.0000
2022,11,23,18,30,12.5,0,0,0,0,6.4,0,0,0,0,66.42,105.11,0.15,1015,1.8,78,1.1,0.0000,0.0000
2022,11,23,19,30,11.5,0,0,0,0,6.2,0,0,0,0,69.71000000000001,117.31,0.15,1015,1.8,89,1,0.0000,0.0000
2022,11,23,20,30,10.700000000000001,0,0,0,0,6,0,0,0,0,72.5,129.72,0.15,1016,1.7000000000000002,96,1,0.0000,0.0000
2022,11,23,21,30,9.9,0,0,0,0,6,0,0,0,0,76.60000000000001,142.1,0.15,1016,1.7000000000000002,98,1,0.0000,0.0000
2022,11,23,22,30,9.200000000000001,0,0,0,0,5.800000000000001,0,0,0,0,79.56,153.98,0.15,1016,1.7000000000000002,93,1,0.0000,0.0000
2022,11,23,23,30,8.6,0,0,0,0,5.4,0,0,0,0,80.34,163.81,0.15,1016,1.7000000000000002,85,1.1,0.0000,0.0000
2022,11,24,0,30,8.6,0,0,0,0,4.800000000000001,0,0,0,0,76.81,165.93,0.15,1016,1.8,77,1.2000000000000002,0.0000,0.0000
2022,11,24,1,30,8.5,0,0,0,3,4.2,0,0,0,0,74.2,157.96,0.15,1016,1.9000000000000001,71,1.2000000000000002,0.0000,0.0000
2022,11,24,2,30,7.9,0,0,0,4,3.6,0,0,0,0,74.4,146.52,0.15,1016,2,64,1.2000000000000002,0.0000,0.0000
2022,11,24,3,30,7.7,0,0,0,4,3.1,0,0,0,0,72.9,134.25,0.15,1016,2.1,58,1.3,0.0000,0.0000
2022,11,24,4,30,7.9,0,0,0,8,2.7,0,0,0,0,69.57000000000001,121.82000000000001,0.15,1016,2.2,55,1.5,0.0000,0.0000
2022,11,24,5,30,8.1,0,0,0,4,2.3000000000000003,0,0,0,0,66.74,109.53,0.15,1016,2.3000000000000003,53,1.5,0.0000,0.0000
2022,11,24,6,30,8.3,0,0,0,4,2.3000000000000003,0,0,0,0,65.69,97.58,0.15,1017,2.4000000000000004,53,1.6,0.0000,0.0000
2022,11,24,7,30,8.9,25,297,46,4,2.3000000000000003,10,0,100,10,63.26,86.02,0.15,1017,2.4000000000000004,52,1.7000000000000002,0.0000,0.0000
2022,11,24,8,30,10.4,52,643,211,8,2.4000000000000004,82,18,18,86,57.5,75.7,0.15,1017,2.4000000000000004,48,1.8,4.1805,3.2086
2022,11,24,9,30,12.700000000000001,66,780,375,4,2.6,100,3,43,101,50.24,66.64,0.15,1017,2.5,49,1.9000000000000001,5.3198,4.1348
2022,11,24,10,30,14.700000000000001,75,838,499,4,2.2,133,1,4,134,42.96,59.620000000000005,0.15,1017,2.6,54,2,7.4039,5.7839
2022,11,24,11,30,15.9,82,859,569,8,1.8,171,11,4,177,38.68,55.44,0.15,1016,2.8000000000000003,55,2,9.9958,7.8240
2022,11,24,12,30,16.5,85,854,578,7,2,119,3,0,121,37.71,54.77,0.15,1016,2.9000000000000004,55,1.9000000000000001,6.8546,5.3668
2022,11,24,13,30,16.5,86,823,525,8,2.7,189,37,0,209,39.64,57.730000000000004,0.15,1015,3,54,1.9000000000000001,11.6688,9.1244
2022,11,24,14,30,15.8,81,757,415,8,4.4,90,3,0,91,46.64,63.82,0.15,1015,3.1,48,1.7000000000000002,4.8953,3.8139
2022,11,24,15,30,14.600000000000001,70,625,261,8,6.7,46,1,0,46,58.97,72.23,0.15,1015,3.2,37,1.4000000000000001,2.3072,1.7812
2022,11,24,16,30,13.3,45,345,92,8,8,9,0,100,9,70.09,82.19,0.15,1015,3.3000000000000003,28,1.3,0.0000,0.0000
2022,11,24,17,30,12.4,0,0,0,8,8.200000000000001,0,0,14,0,75.65,93.38,0.15,1015,3.3000000000000003,34,1.3,0.0000,0.0000
2022,11,24,18,30,12.100000000000001,0,0,0,8,8.200000000000001,0,0,0,0,76.94,105.15,0.15,1015,3.3000000000000003,48,1.4000000000000001,0.0000,0.0000
2022,11,24,19,30,12,0,0,0,4,8.700000000000001,0,0,0,0,79.97,117.35000000000001,0.15,1015,3.3000000000000003,58,1.4000000000000001,0.0000,0.0000
2022,11,24,20,30,11.9,0,0,0,3,9.200000000000001,0,0,0,0,83.54,129.75,0.15,1014,3.3000000000000003,60,1.3,0.0000,0.0000
2022,11,24,21,30,11.700000000000001,0,0,0,3,9.700000000000001,0,0,0,0,87.75,142.14000000000001,0.15,1014,3.4000000000000004,54,1.4000000000000001,0.0000,0.0000
2022,11,24,22,30,11.3,0,0,0,8,9.9,0,0,0,0,91.18,154.04,0.15,1014,3.4000000000000004,44,1.5,0.0000,0.0000
2022,11,24,23,30,10.8,0,0,0,6,9.8,0,0,0,0,93.82000000000001,163.95000000000002,0.15,1013,3.5,37,1.4000000000000001,0.0000,0.0000
2022,11,25,0,30,10.4,0,0,0,6,9.8,0,0,0,0,96.26,166.14000000000001,0.15,1013,3.6,18,1.3,0.0000,0.0000
2022,11,25,1,30,10,0,0,0,6,9.600000000000001,0,0,0,0,97.60000000000001,158.14000000000001,0.15,1013,3.7,177,1.3,0.0000,0.0000
2022,11,25,2,30,9.600000000000001,0,0,0,7,9.3,0,0,0,0,97.93,146.68,0.15,1012,3.8000000000000003,353,1.5,0.0000,0.0000
2022,11,25,3,30,9.3,0,0,0,7,8.9,0,0,0,0,97.17,134.4,0.15,1011,3.9000000000000004,347,1.5,0.0000,0.0000
2022,11,25,4,30,9.3,0,0,0,6,8.700000000000001,0,0,0,0,96.3,121.98,0.15,1011,4,338,1.6,0.0000,0.0000
2022,11,25,5,30,9.3,0,0,0,6,8.700000000000001,0,0,29,0,95.87,109.69,0.15,1011,4.1000000000000005,339,1.6,0.0000,0.0000
2022,11,25,6,30,9.3,0,0,0,6,8.700000000000001,0,0,0,0,95.89,97.75,0.15,1011,4.1000000000000005,345,1.4000000000000001,0.0000,0.0000
2022,11,25,7,30,9.5,26,213,40,6,8.8,5,0,100,5,95.16,86.19,0.15,1011,4.1000000000000005,345,1.3,0.0000,0.0000
2022,11,25,8,30,10.100000000000001,59,558,195,6,9,49,2,0,49,92.9,75.88,0.15,1011,4.1000000000000005,339,1.3,2.3784,1.8249
2022,11,25,9,30,11,76,708,354,7,9.600000000000001,109,13,0,114,91.24,66.84,0.15,1011,4.2,332,1.3,5.9950,4.6587
2022,11,25,10,30,12,83,785,478,7,10.4,149,8,0,153,89.71000000000001,59.83,0.15,1011,4.2,324,1.1,8.4434,6.5952
2022,11,25,11,30,13,87,821,550,7,11.100000000000001,134,4,0,136,87.95,55.64,0.15,1010,4.1000000000000005,319,1,7.6731,6.0055
2022,11,25,12,30,13.9,86,830,563,7,11.700000000000001,231,78,0,276,86.78,54.96,0.15,1009,4.1000000000000005,315,1,15.6216,12.2299
2022,11,25,13,30,14.8,82,815,515,8,12.4,206,62,0,239,85.62,57.89,0.15,1009,3.9000000000000004,308,1,13.3324,10.4245
2022,11,25,14,30,15.5,73,769,411,7,13,183,57,0,208,85.13,63.95,0.15,1008,3.8000000000000003,300,1,11.1789,8.7086
2022,11,25,15,30,15.700000000000001,61,666,263,6,13.5,97,16,0,102,86.86,72.33,0.15,1008,3.5,292,0.8,5.1113,3.9454
2022,11,25,16,30,14.5,39,424,96,7,14,42,4,57,43,96.89,82.26,0.15,1008,3.2,291,0.7000000000000001,0.0000,0.0000
2022,11,25,17,30,12.9,0,0,0,7,12.9,0,0,0,0,100,93.44,0.15,1009,2.9000000000000004,301,0.8,0.0000,0.0000
2022,11,25,18,30,12.3,0,0,0,8,12.3,0,0,0,0,100,105.19,0.15,1009,2.5,312,0.8,0.0000,0.0000
2022,11,25,19,30,12.3,0,0,0,8,12.3,0,0,0,0,100,117.38,0.15,1010,2.1,328,0.8,0.0000,0.0000
2022,11,25,20,30,12.4,0,0,0,8,12.4,0,0,0,0,100,129.78,0.15,1011,1.8,347,0.9,0.0000,0.0000
2022,11,25,21,30,12.3,0,0,0,3,12.3,0,0,0,0,100,142.17000000000002,0.15,1011,1.6,182,1,0.0000,0.0000
2022,11,25,22,30,11.600000000000001,0,0,0,3,11.600000000000001,0,0,0,0,100,154.1,0.15,1012,1.4000000000000001,13,1.1,0.0000,0.0000
2022,11,25,23,30,10.600000000000001,0,0,0,0,10.600000000000001,0,0,0,0,100,164.07,0.15,1013,1.2000000000000002,21,1.1,0.0000,0.0000
2022,11,26,0,30,9.5,0,0,0,0,9.5,0,0,0,0,100,166.34,0.15,1013,1,24,1.1,0.0000,0.0000
2022,11,26,1,30,8.4,0,0,0,0,8.4,0,0,0,0,100,158.32,0.15,1013,0.9,25,1.1,0.0000,0.0000
2022,11,26,2,30,7.4,0,0,0,0,7.4,0,0,0,0,100,146.84,0.15,1013,0.8,26,1.1,0.0000,0.0000
2022,11,26,3,30,6.6000000000000005,0,0,0,0,6.6000000000000005,0,0,0,0,100,134.55,0.15,1014,0.7000000000000001,27,1.1,0.0000,0.0000
2022,11,26,4,30,5.9,0,0,0,0,5.9,0,0,0,0,100,122.13,0.15,1014,0.7000000000000001,30,1.1,0.0000,0.0000
2022,11,26,5,30,5.2,0,0,0,0,5.2,0,0,0,0,100,109.85000000000001,0.15,1014,0.6000000000000001,36,1.1,0.0000,0.0000
2022,11,26,6,30,4.800000000000001,0,0,0,0,4.800000000000001,0,0,0,0,100,97.92,0.15,1014,0.6000000000000001,45,1,0.0000,0.0000
2022,11,26,7,30,6.300000000000001,25,362,48,0,5.4,26,264,21,43,94.05,86.36,0.15,1015,0.6000000000000001,55,1.1,0.0000,0.0000
2022,11,26,8,30,9.1,50,720,223,0,6.2,62,625,0,212,82.06,76.07000000000001,0.15,1015,0.7000000000000001,66,1.2000000000000002,10.2746,7.8807
2022,11,26,9,30,12.3,61,861,397,0,7,61,861,0,397,69.95,67.04,0.15,1015,0.7000000000000001,81,1.5,20.8438,16.1944
2022,11,26,10,30,15,66,928,530,0,6.2,66,928,0,530,55.83,60.03,0.15,1015,0.7000000000000001,93,1.9000000000000001,29.2144,22.8170
2022,11,26,11,30,16.7,69,952,604,0,5.4,69,952,0,604,47.29,55.84,0.15,1015,0.8,96,1.9000000000000001,34.0448,26.6437
2022,11,26,12,30,17.8,70,950,613,0,4.9,70,950,0,613,42.68,55.14,0.15,1014,0.9,97,1.7000000000000002,34.6669,27.1383
2022,11,26,13,30,18.3,69,924,558,0,4.7,91,864,0,548,40.76,58.050000000000004,0.15,1013,1,99,1.6,30.5437,23.8800
2022,11,26,14,30,18.1,64,868,444,0,4.9,64,868,0,444,41.79,64.07000000000001,0.15,1012,1.1,103,1.5,23.8425,18.5721
2022,11,26,15,30,17,56,753,283,0,5.4,80,618,0,267,46.34,72.42,0.15,1012,1.4000000000000001,105,1.1,13.3683,10.3177
2022,11,26,16,30,14.100000000000001,37,490,102,3,7.9,50,181,14,74,66.07000000000001,82.33,0.15,1012,1.7000000000000002,103,0.9,0.0000,0.0000
2022,11,26,17,30,11.8,0,0,0,5,7,0,0,0,0,72.42,93.49,0.15,1012,2,100,0.8,0.0000,0.0000
2022,11,26,18,30,11.200000000000001,0,0,0,8,6.800000000000001,0,0,0,0,74.09,105.23,0.15,1012,2.4000000000000004,99,0.9,0.0000,0.0000
2022,11,26,19,30,11.200000000000001,0,0,0,7,6.9,0,0,0,0,75.01,117.4,0.15,1012,2.8000000000000003,102,1,0.0000,0.0000
2022,11,26,20,30,11.8,0,0,0,7,7.4,0,0,0,0,74.18,129.8,0.15,1011,3.1,105,1.2000000000000002,0.0000,0.0000
2022,11,26,21,30,12,0,0,0,7,8,0,0,0,0,76.58,142.19,0.15,1011,3.5,109,1.3,0.0000,0.0000
2022,11,26,22,30,11.9,0,0,0,7,8.8,0,0,0,0,81.51,154.15,0.15,1010,3.7,117,1.2000000000000002,0.0000,0.0000
2022,11,26,23,30,11.9,0,0,0,7,9.700000000000001,0,0,0,0,86.28,164.19,0.15,1009,3.9000000000000004,125,1.2000000000000002,0.0000,0.0000
2022,11,27,0,30,11.9,0,0,0,8,10.4,0,0,0,0,90.82000000000001,166.54,0.15,1008,4.1000000000000005,129,1.2000000000000002,0.0000,0.0000
2022,11,27,1,30,12,0,0,0,6,11.100000000000001,0,0,0,0,94.04,158.5,0.15,1007,4.3,129,0.9,0.0000,0.0000
2022,11,27,2,30,12.100000000000001,0,0,0,6,11.5,0,0,0,0,96.08,147,0.15,1007,4.5,131,0.8,0.0000,0.0000
2022,11,27,3,30,12.600000000000001,0,0,0,6,11.9,0,0,0,0,95.44,134.71,0.15,1005,4.6000000000000005,145,1,0.0000,0.0000
2022,11,27,4,30,13.4,0,0,0,6,12.700000000000001,0,0,0,0,95.47,122.28,0.15,1004,4.4,160,1.2000000000000002,0.0000,0.0000
2022,11,27,5,30,14.5,0,0,0,6,13.700000000000001,0,0,0,0,94.85000000000001,110.01,0.15,1004,4.1000000000000005,170,1.5,0.0000,0.0000
2022,11,27,6,30,15.8,0,0,0,8,15.100000000000001,0,0,0,0,95.57000000000001,98.08,0.15,1003,4,176,1.7000000000000002,0.0000,0.0000
2022,11,27,7,30,17.400000000000002,24,183,35,7,16.5,8,0,100,8,94.38,86.54,0.15,1003,4.1000000000000005,179,2.2,0.0000,0.0000
2022,11,27,8,30,18.7,56,566,190,7,18,31,3,0,32,95.48,76.26,0.15,1002,4.2,182,2.7,1.5486,1.1874
2022,11,27,9,30,19.8,73,712,349,7,18.8,39,1,0,39,93.76,67.23,0.15,1001,4.1000000000000005,185,2.9000000000000004,2.0445,1.5881
2022,11,27,10,30,21,88,774,472,3,19.5,87,2,0,88,90.91,60.230000000000004,0.15,1000,3.8000000000000003,198,3.2,4.8450,3.7836
2022,11,27,11,30,22.400000000000002,84,837,552,3,20,157,39,0,179,86.53,56.04,0.15,999,3.3000000000000003,216,3.5,10.0797,7.8878
2022,11,27,12,30,23.400000000000002,75,885,579,0,20.3,75,885,0,579,82.67,55.32,0.15,998,2.4000000000000004,230,3.8000000000000003,32.7165,25.6096
2022,11,27,13,30,23.5,65,905,542,0,18.400000000000002,72,886,0,539,73.3,58.2,0.15,998,1.7000000000000002,238,4,30.0179,23.4672
2022,11,27,14,30,22.6,56,874,437,0,14.8,56,874,0,437,61.28,64.19,0.15,998,1.5,241,3.7,23.4466,18.2620
2022,11,27,15,30,21,47,778,281,0,11.700000000000001,47,778,0,281,55.32,72.51,0.15,998,1.5,244,3.1,14.0575,10.8481
2022,11,27,16,30,18.8,33,539,104,0,10.3,33,539,0,104,57.95,82.39,0.15,999,1.6,246,2.4000000000000004,0.0000,0.0000
2022,11,27,17,30,17,0,0,0,0,9.9,0,0,0,0,63.09,93.53,0.15,1000,1.7000000000000002,247,2.1,0.0000,0.0000
2022,11,27,18,30,16.1,0,0,0,0,10.100000000000001,0,0,0,0,67.6,105.25,0.15,1001,1.8,249,2,0.0000,0.0000
2022,11,27,19,30,15.4,0,0,0,0,10.4,0,0,0,0,72.26,117.42,0.15,1001,1.8,251,2,0.0000,0.0000
2022,11,27,20,30,14.700000000000001,0,0,0,0,10.600000000000001,0,0,0,0,76.32000000000001,129.81,0.15,1002,1.7000000000000002,253,1.9000000000000001,0.0000,0.0000
2022,11,27,21,30,13.9,0,0,0,0,10.5,0,0,0,0,80.12,142.21,0.15,1002,1.6,254,1.7000000000000002,0.0000,0.0000
2022,11,27,22,30,13.200000000000001,0,0,0,0,10.4,0,0,0,0,82.99,154.19,0.15,1003,1.6,254,1.5,0.0000,0.0000
2022,11,27,23,30,12.3,0,0,0,0,10.200000000000001,0,0,0,0,87.24,164.29,0.15,1003,1.6,253,1.4000000000000001,0.0000,0.0000
2022,11,28,0,30,11.4,0,0,0,0,10.3,0,0,0,0,92.64,166.74,0.15,1003,1.6,251,1.3,0.0000,0.0000
2022,11,28,1,30,10.700000000000001,0,0,0,0,10.3,0,0,0,0,97.23,158.68,0.15,1003,1.6,251,1.2000000000000002,0.0000,0.0000
2022,11,28,2,30,10.200000000000001,0,0,0,0,10.200000000000001,0,0,0,0,100,147.15,0.15,1003,1.6,252,1.2000000000000002,0.0000,0.0000
2022,11,28,3,30,9.700000000000001,0,0,0,0,9.700000000000001,0,0,0,0,100,134.86,0.15,1004,1.6,251,1.2000000000000002,0.0000,0.0000
2022,11,28,4,30,9.3,0,0,0,0,9.3,0,0,0,0,100,122.44,0.15,1004,1.6,248,1.1,0.0000,0.0000
2022,11,28,5,30,9,0,0,0,0,9,0,0,0,0,100,110.16,0.15,1004,1.6,244,1.1,0.0000,0.0000
2022,11,28,6,30,8.9,0,0,0,0,8.9,0,0,0,0,100,98.25,0.15,1005,1.6,240,1.2000000000000002,0.0000,0.0000
2022,11,28,7,30,10,23,255,38,0,9.200000000000001,23,255,0,38,94.87,86.69,0.15,1006,1.6,239,1.5,0.0000,0.0000
2022,11,28,8,30,12.3,54,639,204,0,9.8,54,639,0,204,84.58,76.43,0.15,1006,1.6,243,1.9000000000000001,9.8595,7.5572
2022,11,28,9,30,15,69,786,371,0,10.5,69,786,0,371,74.37,67.42,0.15,1007,1.6,253,2.1,19.4186,15.0814
2022,11,28,10,30,17.3,78,857,501,0,10.100000000000001,78,857,0,501,62.78,60.42,0.15,1007,1.5,263,2.4000000000000004,27.5521,21.5140
2022,11,28,11,30,18.5,83,886,576,0,9.5,83,886,0,576,55.95,56.22,0.15,1006,1.5,269,2.4000000000000004,32.4067,25.3576
2022,11,28,12,30,19.3,83,893,589,0,9.4,83,893,0,589,52.63,55.480000000000004,0.15,1006,1.5,274,2.4000000000000004,33.2564,26.0306
2022,11,28,13,30,19.6,79,874,538,0,9.4,79,874,0,538,51.58,58.34,0.15,1006,1.6,279,2.3000000000000003,29.9396,23.4043
2022,11,28,14,30,19.400000000000002,72,824,429,0,9.4,72,824,0,429,52.44,64.3,0.15,1006,1.6,283,2.1,22.9992,17.9120
2022,11,28,15,30,18.5,61,716,275,0,9.5,61,716,0,275,55.97,72.59,0.15,1006,1.6,286,1.6,13.7471,10.6073
2022,11,28,16,30,15.8,38,469,100,0,10.700000000000001,38,469,0,100,71.59,82.45,0.15,1007,1.6,289,1.1,0.0000,0.0000
2022,11,28,17,30,13.600000000000001,0,0,0,0,10.100000000000001,0,0,0,0,79.57000000000001,93.56,0.15,1008,1.6,291,1,0.0000,0.0000
2022,11,28,18,30,13.3,0,0,0,0,9.600000000000001,0,0,0,0,78.25,105.28,0.15,1009,1.6,293,1,0.0000,0.0000
2022,11,28,19,30,13.3,0,0,0,0,9.3,0,0,0,0,76.98,117.43,0.15,1010,1.5,293,1,0.0000,0.0000
2022,11,28,20,30,13.3,0,0,0,0,9.200000000000001,0,0,0,0,76.13,129.82,0.15,1010,1.5,296,0.9,0.0000,0.0000
2022,11,28,21,30,13,0,0,0,0,9.1,0,0,0,0,77.35000000000001,142.22,0.15,1011,1.5,316,0.8,0.0000,0.0000
2022,11,28,22,30,12.200000000000001,0,0,0,0,9.1,0,0,0,0,81.39,154.22,0.15,1011,1.5,175,0.7000000000000001,0.0000,0.0000
2022,11,28,23,30,10.9,0,0,0,0,9.1,0,0,0,0,88.75,164.39000000000001,0.15,1012,1.4000000000000001,34,0.9,0.0000,0.0000
2022,11,29,0,30,9.5,0,0,0,0,9,0,0,0,0,96.75,166.93,0.15,1012,1.4000000000000001,57,1,0.0000,0.0000
2022,11,29,1,30,8.5,0,0,0,0,8.5,0,0,0,0,100,158.85,0.15,1012,1.4000000000000001,72,1,0.0000,0.0000
2022,11,29,2,30,8.1,0,0,0,0,8.1,0,0,0,0,100,147.31,0.15,1012,1.4000000000000001,81,1,0.0000,0.0000
2022,11,29,3,30,7.800000000000001,0,0,0,0,7.800000000000001,0,0,0,0,100,135.01,0.15,1012,1.3,84,1,0.0000,0.0000
2022,11,29,4,30,7.5,0,0,0,0,7.5,0,0,0,0,100,122.59,0.15,1012,1.3,82,0.9,0.0000,0.0000
2022,11,29,5,30,7.4,0,0,0,0,7.4,0,0,0,0,100,110.32000000000001,0.15,1013,1.3,79,0.9,0.0000,0.0000
2022,11,29,6,30,7.300000000000001,0,0,0,0,7.300000000000001,0,0,0,0,100,98.41,0.15,1014,1.2000000000000002,76,0.9,0.0000,0.0000
2022,11,29,7,30,8,24,244,37,0,7.1000000000000005,24,244,0,37,94.29,86.85000000000001,0.15,1015,1.2000000000000002,76,1.2000000000000002,0.0000,0.0000
2022,11,29,8,30,10,55,648,205,0,7.2,55,648,0,205,82.78,76.61,0.15,1016,1.1,79,1.5,9.8947,7.5817
2022,11,29,9,30,12.600000000000001,68,805,375,0,7.6000000000000005,68,805,0,375,71.47,67.61,0.15,1016,1.1,87,1.5,19.5973,15.2173
2022,11,29,10,30,15.5,76,878,507,0,7.9,76,878,0,507,60.660000000000004,60.61,0.15,1016,1.1,103,1.4000000000000001,27.8502,21.7444
2022,11,29,11,30,17.8,80,911,584,0,8.4,80,911,0,584,54.21,56.410000000000004,0.15,1015,1.1,122,1.2000000000000002,32.8260,25.6837
2022,11,29,12,30,19.200000000000003,80,917,597,0,8.700000000000001,80,917,0,597,50.46,55.65,0.15,1014,1.1,137,1,33.6809,26.3610
2022,11,29,13,30,19.8,77,898,547,0,8.8,77,898,0,547,49,58.47,0.15,1013,1.1,149,0.9,30.4189,23.7775
2022,11,29,14,30,19.900000000000002,70,847,436,0,8.8,70,847,0,436,48.870000000000005,64.4,0.15,1013,1.1,155,0.8,23.3577,18.1898
2022,11,29,15,30,18.900000000000002,59,736,278,0,9.200000000000001,59,736,0,278,53.230000000000004,72.66,0.15,1013,1.2000000000000002,148,0.7000000000000001,13.8880,10.7148
2022,11,29,16,30,16.3,37,489,101,0,11.700000000000001,37,489,0,101,74.03,82.49,0.15,1013,1.2000000000000002,134,0.9,0.0000,0.0000
2022,11,29,17,30,13.700000000000001,0,0,0,0,9.5,0,0,0,0,75.53,93.59,0.15,1013,1.2000000000000002,128,1,0.0000,0.0000
2022,11,29,18,30,12.5,0,0,0,0,9.3,0,0,0,0,81.11,105.29,0.15,1013,1.4000000000000001,133,1.1,0.0000,0.0000
2022,11,29,19,30,12.8,0,0,0,3,9.9,0,0,0,0,82.41,117.44,0.15,1012,1.6,142,1.2000000000000002,0.0000,0.0000
2022,11,29,20,30,13,0,0,0,3,10.600000000000001,0,0,0,0,85.59,129.82,0.15,1012,2,150,1.4000000000000001,0.0000,0.0000
2022,11,29,21,30,12.700000000000001,0,0,0,8,11.600000000000001,0,0,0,0,92.94,142.23,0.15,1012,2.3000000000000003,154,1.2000000000000002,0.0000,0.0000
2022,11,29,22,30,12.4,0,0,0,6,12.3,0,0,0,0,99.14,154.25,0.15,1012,2.6,154,1.1,0.0000,0.0000
2022,11,29,23,30,12.5,0,0,0,7,12.5,0,0,0,0,100,164.48,0.15,1012,2.9000000000000004,148,1.1,0.0000,0.0000
2022,11,30,0,30,12.8,0,0,0,8,12.600000000000001,0,0,0,0,98.93,167.11,0.15,1011,3.3000000000000003,147,1.2000000000000002,0.0000,0.0000
2022,11,30,1,30,13,0,0,0,7,12.8,0,0,0,0,98.53,159.02,0.15,1010,3.7,167,1.1,0.0000,0.0000
2022,11,30,2,30,12.9,0,0,0,7,12.700000000000001,0,0,0,0,98.82000000000001,147.46,0.15,1011,4,179,0.9,0.0000,0.0000
2022,11,30,3,30,13.4,0,0,0,7,12.8,0,0,0,0,96.34,135.16,0.15,1010,3.8000000000000003,171,1.3,0.0000,0.0000
2022,11,30,4,30,14.4,0,0,0,6,13.600000000000001,0,0,0,0,95.08,122.74000000000001,0.15,1008,3.5,176,2.3000000000000003,0.0000,0.0000
2022,11,30,5,30,15,0,0,0,6,14.3,0,0,0,0,95.61,110.47,0.15,1008,3.5,187,2.9000000000000004,0.0000,0.0000
2022,11,30,6,30,15.4,0,0,0,6,14.700000000000001,0,0,0,0,95.83,98.57000000000001,0.15,1007,3.6,194,3.1,0.0000,0.0000
2022,11,30,7,30,16.1,22,154,30,6,15.200000000000001,4,0,100,4,94.5,87.02,0.15,1006,3.6,195,3.4000000000000004,0.0000,0.0000
2022,11,30,8,30,17.1,60,522,179,6,15.9,4,0,0,4,92.54,76.79,0.15,1006,3.8000000000000003,205,3.4000000000000004,0.1928,0.1477
2022,11,30,9,30,17.8,86,652,332,7,16.6,60,1,0,60,92.8,67.79,0.15,1008,4.1000000000000005,225,3.1,3.1309,2.4307
2022,11,30,10,30,17.900000000000002,104,719,455,7,16.900000000000002,61,0,0,61,93.84,60.79,0.15,1008,3.8000000000000003,232,2.8000000000000003,3.3472,2.6131
2022,11,30,11,30,18.7,105,789,540,6,17.1,148,7,0,152,90.36,56.58,0.15,1008,2.8000000000000003,228,2.7,8.5366,6.6787
2022,11,30,12,30,20.3,101,836,571,6,17.5,144,3,0,146,84.2,55.800000000000004,0.15,1007,1.8,237,2.8000000000000003,8.2310,6.4417
2022,11,30,13,30,21.5,94,841,532,7,17.3,251,99,0,303,77.12,58.6,0.15,1007,1.3,255,2.7,16.8380,13.1608
2022,11,30,14,30,21.5,79,813,429,7,16.1,161,31,0,174,71.22,64.49,0.15,1007,1.2000000000000002,273,2.5,9.3156,7.2540
2022,11,30,15,30,20.1,61,729,277,0,14.200000000000001,61,729,0,277,69.02,72.73,0.15,1008,1,285,2.3000000000000003,13.8290,10.6681
2022,11,30,16,30,17.3,36,506,102,0,12.3,36,506,0,102,72.38,82.54,0.15,1009,0.9,294,1.8,0.0000,0.0000
2022,11,30,17,30,14.4,0,0,0,0,10.5,0,0,0,0,77.38,93.62,0.15,1011,0.7000000000000001,303,1.5,0.0000,0.0000
2022,11,30,18,30,12.5,0,0,0,0,9.200000000000001,0,0,0,0,80.37,105.3,0.15,1012,0.7000000000000001,313,1.4000000000000001,0.0000,0.0000
2022,11,30,19,30,10.9,0,0,0,0,8.200000000000001,0,0,0,0,83.33,117.44,0.15,1013,0.6000000000000001,322,1.3,0.0000,0.0000
2022,11,30,20,30,9.600000000000001,0,0,0,0,7,0,0,0,0,83.74,129.82,0.15,1014,0.5,330,1.2000000000000002,0.0000,0.0000
2022,11,30,21,30,8.200000000000001,0,0,0,0,5.4,0,0,0,0,82.76,142.23,0.15,1015,0.5,332,1.1,0.0000,0.0000
2022,11,30,22,30,6.9,0,0,0,0,4,0,0,0,0,81.83,154.26,0.15,1016,0.4,330,1.1,0.0000,0.0000
2022,11,30,23,30,5.800000000000001,0,0,0,0,2.9000000000000004,0,0,0,0,81.59,164.56,0.15,1017,0.4,329,1,0.0000,0.0000
2022,12,1,0,30,4.9,0,0,0,0,1.9000000000000001,0,0,0,0,80.95,167.29,0.15,1017,0.4,330,1,0.0000,0.0000
2022,12,1,1,30,4,0,0,0,0,1,0,0,0,0,80.94,159.19,0.15,1018,0.30000000000000004,332,1,0.0000,0.0000
2022,12,1,2,30,3.1,0,0,0,0,0.30000000000000004,0,0,0,0,81.67,147.62,0.15,1019,0.30000000000000004,335,1,0.0000,0.0000
2022,12,1,3,30,2.3000000000000003,0,0,0,0,-0.4,0,0,0,0,82.38,135.3,0.15,1020,0.30000000000000004,340,1,0.0000,0.0000
2022,12,1,4,30,1.5,0,0,0,0,-1,0,0,0,0,83.4,122.88,0.15,1020,0.30000000000000004,345,1,0.0000,0.0000
2022,12,1,5,30,0.9,0,0,0,0,-1.7000000000000002,0,0,0,0,82.86,110.62,0.15,1021,0.2,351,1,0.0000,0.0000
2022,12,1,6,30,0.5,0,0,0,0,-2.3000000000000003,0,0,0,0,81.42,98.72,0.15,1022,0.2,178,1,0.0000,0.0000
2022,12,1,7,30,2.2,21,368,39,0,-2.7,21,368,0,39,70.16,87.16,0.15,1023,0.30000000000000004,5,1,0.0000,0.0000
2022,12,1,8,30,5.4,42,775,217,0,-2.3000000000000003,42,775,0,217,57.64,76.95,0.15,1023,0.30000000000000004,20,1.5,10.4489,8.0013
2022,12,1,9,30,8,53,910,394,0,-4.2,53,910,0,394,41.980000000000004,67.96000000000001,0.15,1024,0.30000000000000004,37,2,20.5304,15.9360
2022,12,1,10,30,10,58,972,530,0,-5,58,972,0,530,34.480000000000004,60.97,0.15,1024,0.30000000000000004,44,2.1,29.0499,22.6762
2022,12,1,11,30,11.5,60,988,602,0,-4.6000000000000005,60,988,0,602,32.05,56.75,0.15,1024,0.4,49,1.9000000000000001,33.7805,26.4265
2022,12,1,12,30,12.700000000000001,65,987,618,0,-4,88,914,0,600,31.01,55.95,0.15,1023,0.4,51,1.7000000000000002,33.8014,26.4520
2022,12,1,13,30,13.3,68,961,567,0,-3.3000000000000003,68,961,29,567,31.48,58.72,0.15,1023,0.4,54,1.4000000000000001,31.4879,24.6100
2022,12,1,14,30,13.4,63,904,451,0,-2.6,63,904,0,451,32.79,64.58,0.15,1023,0.5,57,1.2000000000000002,24.1299,18.7884
2022,12,1,15,30,12.4,54,800,291,0,-1.6,64,742,4,284,37.86,72.78,0.15,1023,0.5,59,1,14.1718,10.9318
2022,12,1,16,30,10.200000000000001,35,553,107,0,2.4000000000000004,37,544,0,107,58.34,82.57000000000001,0.15,1023,0.5,61,0.9,0.0000,0.0000
2022,12,1,17,30,8.1,0,0,0,0,0.9,0,0,0,0,60.47,93.64,0.15,1023,0.5,63,1.1,0.0000,0.0000
2022,12,1,18,30,6.800000000000001,0,0,0,0,0.5,0,0,0,0,64,105.31,0.15,1024,0.5,67,1.2000000000000002,0.0000,0.0000
2022,12,1,19,30,5.7,0,0,0,0,0,0,0,0,0,66.93,117.43,0.15,1024,0.5,73,1.1,0.0000,0.0000
2022,12,1,20,30,4.800000000000001,0,0,0,0,-0.4,0,0,0,0,69.06,129.81,0.15,1024,0.5,80,1.1,0.0000,0.0000
2022,12,1,21,30,4.1000000000000005,0,0,0,0,-0.8,0,0,0,0,70.22,142.22,0.15,1024,0.5,85,1.1,0.0000,0.0000
2022,12,1,22,30,3.3000000000000003,0,0,0,7,-1.2000000000000002,0,0,0,0,72.42,154.28,0.15,1024,0.5,87,1.1,0.0000,0.0000
2022,12,1,23,30,2.6,0,0,0,0,-1.5,0,0,0,0,74.12,164.63,0.15,1024,0.5,88,1.1,0.0000,0.0000
2022,12,2,0,30,2.2,0,0,0,0,-1.8,0,0,0,0,75.06,167.46,0.15,1024,0.5,87,1.1,0.0000,0.0000
2022,12,2,1,30,2,0,0,0,0,-1.9000000000000001,0,0,0,0,75.57000000000001,159.35,0.15,1024,0.6000000000000001,84,1.1,0.0000,0.0000
2022,12,2,2,30,2,0,0,0,8,-2,0,0,0,0,74.92,147.77,0.15,1024,0.7000000000000001,79,1.1,0.0000,0.0000
2022,12,2,3,30,1.4000000000000001,0,0,0,0,-2.2,0,0,0,0,77.12,135.45,0.15,1025,0.7000000000000001,72,1,0.0000,0.0000
2022,12,2,4,30,0.4,0,0,0,0,-2.4000000000000004,0,0,0,0,81.24,123.03,0.15,1025,0.8,65,1,0.0000,0.0000
2022,12,2,5,30,0,0,0,0,0,-3,0,0,0,0,80.42,110.77,0.15,1025,0.9,58,1.1,0.0000,0.0000
2022,12,2,6,30,0.2,0,0,0,0,-3.5,0,0,0,0,76.41,98.88,0.15,1025,1,50,1.2000000000000002,0.0000,0.0000
2022,12,2,7,30,1.4000000000000001,21,218,31,0,-3.8000000000000003,21,218,0,31,68.52,87.31,0.15,1026,1.1,41,1.5,0.0000,0.0000
2022,12,2,8,30,4,56,611,192,0,-3.8000000000000003,56,611,0,192,56.9,77.12,0.15,1026,1.2000000000000002,36,1.5,9.2347,7.0692
2022,12,2,9,30,7.2,73,769,359,0,-3.1,73,769,0,359,48.1,68.14,0.15,1026,1.3,55,1.3,18.6784,14.4957
2022,12,2,10,30,10.100000000000001,77,856,490,0,-2.2,77,856,0,490,42.01,61.14,0.15,1025,1.4000000000000001,82,1.5,26.8293,20.9406
2022,12,2,11,30,12.4,80,889,565,0,-1.1,80,889,0,565,39.13,56.910000000000004,0.15,1024,1.4000000000000001,94,1.6,31.6787,24.7805
2022,12,2,12,30,14.200000000000001,80,896,580,0,1.4000000000000001,102,821,0,560,41.74,56.09,0.15,1023,1.5,98,1.6,31.5265,24.6703
2022,12,2,13,30,15.4,76,878,530,0,4.4,83,848,0,522,47.76,58.83,0.15,1022,1.6,99,1.5,28.9712,22.6417
2022,12,2,14,30,15.8,68,826,422,0,6.2,166,410,0,341,52.88,64.66,0.15,1022,1.7000000000000002,98,1.3,18.2339,14.1967
2022,12,2,15,30,15.100000000000001,57,714,268,0,7.5,87,531,11,244,60.550000000000004,72.84,0.15,1022,1.9000000000000001,96,1,12.1690,9.3860
2022,12,2,16,30,12.700000000000001,37,457,96,0,9.600000000000001,37,457,0,96,81.23,82.60000000000001,0.15,1022,2,91,0.8,0.0000,0.0000
2022,12,2,17,30,10.700000000000001,0,0,0,5,8.4,0,0,0,0,85.79,93.65,0.15,1022,2.1,91,0.9,0.0000,0.0000
2022,12,2,18,30,10.600000000000001,0,0,0,0,8.5,0,0,0,0,86.97,105.31,0.15,1022,2.2,99,1,0.0000,0.0000
2022,12,2,19,30,10.8,0,0,0,0,9.200000000000001,0,0,0,0,89.68,117.42,0.15,1022,2.2,111,1.1,0.0000,0.0000
2022,12,2,20,30,10.700000000000001,0,0,0,7,10.100000000000001,0,0,0,0,96.31,129.8,0.15,1022,2.2,121,1,0.0000,0.0000
2022,12,2,21,30,10.4,0,0,0,8,10.4,0,0,0,0,100,142.21,0.15,1022,2.2,129,0.9,0.0000,0.0000
2022,12,2,22,30,9.9,0,0,0,0,9.9,0,0,0,0,100,154.28,0.15,1021,2.2,137,0.8,0.0000,0.0000
2022,12,2,23,30,9.8,0,0,0,3,9.8,0,0,0,0,100,164.70000000000002,0.15,1021,2.4000000000000004,146,0.8,0.0000,0.0000
2022,12,3,0,30,9.9,0,0,0,7,9.9,0,0,0,0,100,167.62,0.15,1021,2.5,156,0.8,0.0000,0.0000
2022,12,3,1,30,9.8,0,0,0,7,9.8,0,0,0,0,100,159.51,0.15,1021,2.5,167,0.8,0.0000,0.0000
2022,12,3,2,30,9.8,0,0,0,8,9.8,0,0,0,0,100,147.92000000000002,0.15,1021,2.5,179,0.8,0.0000,0.0000
2022,12,3,3,30,10,0,0,0,8,10,0,0,0,0,100,135.59,0.15,1020,2.4000000000000004,192,0.8,0.0000,0.0000
2022,12,3,4,30,10.3,0,0,0,7,10.3,0,0,0,0,100,123.18,0.15,1020,2.4000000000000004,202,0.9,0.0000,0.0000
2022,12,3,5,30,10.700000000000001,0,0,0,8,10.700000000000001,0,0,0,0,100,110.92,0.15,1020,2.4000000000000004,209,0.9,0.0000,0.0000
2022,12,3,6,30,10.9,0,0,0,8,10.9,0,0,0,0,100,99.03,0.15,1020,2.4000000000000004,214,0.9,0.0000,0.0000
2022,12,3,7,30,12.100000000000001,19,158,26,8,12.100000000000001,13,0,100,13,100,87.47,0.15,1020,2.3000000000000003,217,1.2000000000000002,0.0000,0.0000
2022,12,3,8,30,14.3,55,570,180,8,12.5,98,165,14,134,88.9,77.29,0.15,1020,2.4000000000000004,215,1.7000000000000002,6.4381,4.9268
2022,12,3,9,30,16.900000000000002,72,728,341,8,13.200000000000001,143,296,36,252,79.03,68.31,0.15,1020,2.6,210,2,13.0925,10.1588
2022,12,3,10,30,19.200000000000003,81,797,464,0,13.9,185,342,18,349,71.33,61.31,0.15,1019,2.9000000000000004,209,2.3000000000000003,19.0888,14.8975
2022,12,3,11,30,20.700000000000003,85,827,535,5,14,188,22,4,200,65.57000000000001,57.07,0.15,1018,3.2,215,2.6,11.2046,8.7641
2022,12,3,12,30,21.400000000000002,85,835,549,8,14.200000000000001,129,10,79,135,63.58,56.230000000000004,0.15,1017,3.3000000000000003,223,2.7,7.5949,5.9429
2022,12,3,13,30,21.5,79,819,502,8,14.3,71,1,54,72,63.77,58.93,0.15,1016,3.5,233,2.6,3.9938,3.1211
2022,12,3,14,30,20.8,72,763,398,8,14.700000000000001,39,1,0,39,67.9,64.74,0.15,1016,3.7,244,2.1,2.0842,1.6226
2022,12,3,15,30,19.400000000000002,60,648,251,8,15.200000000000001,70,11,0,73,76.73,72.88,0.15,1016,3.8000000000000003,253,1.5,3.6394,2.8069
2022,12,3,16,30,17.6,38,396,89,8,15.700000000000001,20,0,71,20,88.8,82.63,0.15,1016,3.7,258,1,0.0000,0.0000
2022,12,3,17,30,16.2,0,0,0,4,15.5,0,0,0,0,95.41,93.66,0.15,1016,3.5,261,0.9,0.0000,0.0000
2022,12,3,18,30,15.4,0,0,0,0,15.3,0,0,0,0,99.63,105.3,0.15,1017,3.1,264,0.9,0.0000,0.0000
2022,12,3,19,30,14.600000000000001,0,0,0,0,14.600000000000001,0,0,0,0,100,117.41,0.15,1017,2.8000000000000003,269,0.8,0.0000,0.0000
2022,12,3,20,30,13.700000000000001,0,0,0,0,13.700000000000001,0,0,0,0,100,129.78,0.15,1017,2.6,279,0.8,0.0000,0.0000
2022,12,3,21,30,13,0,0,0,3,13,0,0,0,0,100,142.19,0.15,1016,2.5,291,0.8,0.0000,0.0000
2022,12,3,22,30,12.5,0,0,0,3,12.5,0,0,0,0,100,154.28,0.15,1016,2.4000000000000004,303,0.8,0.0000,0.0000
2022,12,3,23,30,12,0,0,0,3,12,0,0,0,0,100,164.75,0.15,1016,2.2,315,0.8,0.0000,0.0000
2022,12,4,0,30,11.5,0,0,0,3,11.5,0,0,0,0,100,167.78,0.15,1016,2.1,327,0.9,0.0000,0.0000
2022,12,4,1,30,10.9,0,0,0,0,10.9,0,0,0,0,100,159.67000000000002,0.15,1016,1.9000000000000001,340,0.9,0.0000,0.0000
2022,12,4,2,30,10,0,0,0,3,10,0,0,0,0,100,148.06,0.15,1016,1.8,353,1,0.0000,0.0000
2022,12,4,3,30,9.1,0,0,0,3,9.1,0,0,0,0,100,135.74,0.15,1016,1.7000000000000002,183,1,0.0000,0.0000
2022,12,4,4,30,8.6,0,0,0,0,8.6,0,0,0,0,100,123.32000000000001,0.15,1016,1.6,14,1,0.0000,0.0000
2022,12,4,5,30,8.1,0,0,0,3,7.5,0,0,0,0,96.29,111.07000000000001,0.15,1016,1.6,27,1.1,0.0000,0.0000
2022,12,4,6,30,7.7,0,0,0,0,6.5,0,0,0,0,91.89,99.19,0.15,1016,1.5,38,1.2000000000000002,0.0000,0.0000
2022,12,4,7,30,8.4,19,170,26,0,5.9,19,170,0,26,84,87.62,0.15,1016,1.4000000000000001,45,1.5,0.0000,0.0000
2022,12,4,8,30,10.4,55,599,185,0,6,55,599,0,185,74.18,77.45,0.15,1017,1.3,49,1.7000000000000002,8.8797,6.7934
2022,12,4,9,30,12.8,70,774,354,0,5.6000000000000005,70,774,0,354,61.5,68.47,0.15,1017,1.3,54,1.8,18.3668,14.2487
2022,12,4,10,30,14.8,76,863,488,0,4.1000000000000005,97,793,0,476,48.77,61.47,0.15,1016,1.2000000000000002,60,1.6,26.0091,20.2963
2022,12,4,11,30,16.2,81,896,566,0,3.8000000000000003,96,843,0,552,43.45,57.22,0.15,1015,1.2000000000000002,65,1.2000000000000002,30.9009,24.1687
2022,12,4,12,30,17.1,83,898,580,0,4.1000000000000005,96,855,0,570,41.93,56.36,0.15,1014,1.2000000000000002,55,0.7000000000000001,32.0470,25.0747
2022,12,4,13,30,17.5,82,870,530,7,4.5,225,217,0,337,42.300000000000004,59.03,0.15,1014,1.3,23,0.5,18.6828,14.5996
2022,12,4,14,30,17.400000000000002,77,803,419,7,5.300000000000001,198,181,0,275,44.95,64.81,0.15,1013,1.4000000000000001,181,0.5,14.6886,11.4350
2022,12,4,15,30,16.400000000000002,66,679,265,8,6.4,115,400,0,232,51.72,72.92,0.15,1013,1.6,188,0.5,11.5619,8.9166
2022,12,4,16,30,14.3,40,419,94,7,9.1,57,17,86,59,70.9,82.64,0.15,1013,1.7000000000000002,23,0.6000000000000001,0.0000,0.0000
2022,12,4,17,30,12.600000000000001,0,0,0,7,7.9,0,0,0,0,73.04,93.66,0.15,1013,1.8,35,0.7000000000000001,0.0000,0.0000
2022,12,4,18,30,11.8,0,0,0,7,7.300000000000001,0,0,0,0,73.82000000000001,105.29,0.15,1013,2,45,0.8,0.0000,0.0000
2022,12,4,19,30,11.200000000000001,0,0,0,8,7,0,0,0,0,75.28,117.39,0.15,1014,2.1,56,1,0.0000,0.0000
2022,12,4,20,30,10.700000000000001,0,0,0,8,6.9,0,0,0,0,77.14,129.75,0.15,1013,2.2,67,1,0.0000,0.0000
2022,12,4,21,30,10,0,0,0,7,6.9,0,0,0,0,81.28,142.17000000000002,0.15,1013,2.2,77,1,0.0000,0.0000
2022,12,4,22,30,9.3,0,0,0,7,7,0,0,0,0,85.57000000000001,154.27,0.15,1013,2.3000000000000003,84,1,0.0000,0.0000
2022,12,4,23,30,8.9,0,0,0,8,6.9,0,0,0,0,87.41,164.8,0.15,1013,2.2,86,1,0.0000,0.0000
2022,12,5,0,30,8.6,0,0,0,4,6.7,0,0,0,0,87.93,167.93,0.15,1013,2.2,84,1,0.0000,0.0000
2022,12,5,1,30,8.200000000000001,0,0,0,4,6.300000000000001,0,0,0,0,88.06,159.83,0.15,1013,2.2,75,0.9,0.0000,0.0000
2022,12,5,2,30,7.800000000000001,0,0,0,4,6,0,0,0,0,88.52,148.21,0.15,1013,2.1,67,1,0.0000,0.0000
2022,12,5,3,30,7.300000000000001,0,0,0,4,5.7,0,0,0,0,89.3,135.88,0.15,1013,2.1,64,1,0.0000,0.0000
2022,12,5,4,30,7,0,0,0,4,5.300000000000001,0,0,0,0,89.14,123.46000000000001,0.15,1013,2,62,1,0.0000,0.0000
2022,12,5,5,30,6.7,0,0,0,8,5.1000000000000005,0,0,0,0,89.44,111.21000000000001,0.15,1014,2,63,1,0.0000,0.0000
2022,12,5,6,30,6.4,0,0,0,7,4.800000000000001,0,0,0,0,89.37,99.33,0.15,1014,2,69,1.1,0.0000,0.0000
2022,12,5,7,30,6.800000000000001,18,122,23,4,4.4,14,10,82,14,84.85000000000001,87.76,0.15,1014,2.1,77,1.3,0.0000,0.0000
2022,12,5,8,30,8.4,61,516,172,7,4.2,89,16,36,92,74.68,77.60000000000001,0.15,1014,2.2,83,1.5,4.4120,3.3745
2022,12,5,9,30,10.600000000000001,84,683,333,7,4.1000000000000005,136,22,64,144,64.03,68.63,0.15,1015,2.3000000000000003,85,1.5,7.4610,5.7871
2022,12,5,10,30,12.4,97,758,457,5,4,153,10,39,158,56.44,61.620000000000005,0.15,1015,2.5,88,1.5,8.6251,6.7300
2022,12,5,11,30,13.8,106,787,530,8,4,156,22,54,168,51.58,57.36,0.15,1014,2.6,95,1.4000000000000001,9.3978,7.3499
2022,12,5,12,30,14.4,109,782,541,7,4.6000000000000005,105,1,0,106,51.67,56.480000000000004,0.15,1013,2.8000000000000003,101,1.3,5.9561,4.6600
2022,12,5,13,30,14.100000000000001,108,751,493,7,5.6000000000000005,131,5,0,134,56.72,59.120000000000005,0.15,1013,2.9000000000000004,101,1.1,7.4250,5.8020
2022,12,5,14,30,13.4,95,697,391,7,7.1000000000000005,147,35,0,162,65.79,64.87,0.15,1013,3,100,0.9,8.6491,6.7330
2022,12,5,15,30,12.4,74,590,247,7,8.1,73,4,7,74,74.94,72.96000000000001,0.15,1013,3.1,98,0.8,3.6865,2.8428
2022,12,5,16,30,11.3,43,343,87,7,8.700000000000001,14,0,71,14,84.03,82.65,0.15,1013,3.2,95,0.8,0.0000,0.0000
2022,12,5,17,30,10.4,0,0,0,7,8.700000000000001,0,0,0,0,89.21000000000001,93.65,0.15,1013,3.3000000000000003,89,0.9,0.0000,0.0000
2022,12,5,18,30,9.8,0,0,0,6,8.6,0,0,0,0,92.05,105.27,0.15,1013,3.4000000000000004,86,1.2000000000000002,0.0000,0.0000
2022,12,5,19,30,9.5,0,0,0,7,8.5,0,0,0,0,93.42,117.36,0.14,1014,3.5,84,1.3,0.0000,0.0000
2022,12,5,20,30,9.3,0,0,0,6,8.6,0,0,0,0,95.19,129.72,0.14,1014,3.5,81,1.3,0.0000,0.0000
2022,12,5,21,30,9.200000000000001,0,0,0,6,8.6,0,0,0,0,96.3,142.14000000000001,0.14,1014,3.6,82,1.4000000000000001,0.0000,0.0000
2022,12,5,22,30,9.1,0,0,0,7,8.700000000000001,0,0,0,0,97.35000000000001,154.26,0.14,1014,3.6,83,1.3,0.0000,0.0000
2022,12,5,23,30,9.1,0,0,0,7,8.700000000000001,0,0,0,0,97.38,164.84,0.14,1014,3.7,85,1.3,0.0000,0.0000
2022,12,6,0,30,9.1,0,0,0,7,8.700000000000001,0,0,0,0,97.38,168.07,0.14,1014,3.7,87,1.2000000000000002,0.0000,0.0000
2022,12,6,1,30,9,0,0,0,7,8.700000000000001,0,0,0,0,97.94,159.98,0.14,1014,3.7,75,1,0.0000,0.0000
2022,12,6,2,30,8.9,0,0,0,7,8.6,0,0,0,0,98.10000000000001,148.35,0.14,1014,3.7,60,1,0.0000,0.0000
2022,12,6,3,30,8.9,0,0,0,7,8.5,0,0,0,0,97.25,136.02,0.14,1014,3.7,65,1,0.0000,0.0000
2022,12,6,4,30,8.9,0,0,0,7,8.5,0,0,0,0,97.08,123.60000000000001,0.14,1014,3.8000000000000003,83,1,0.0000,0.0000
2022,12,6,5,30,9,0,0,0,7,8.700000000000001,0,0,0,0,97.76,111.36,0.14,1014,3.8000000000000003,95,1.1,0.0000,0.0000
2022,12,6,6,30,9,0,0,0,7,8.700000000000001,0,0,0,0,97.94,99.48,0.14,1015,3.8000000000000003,97,1.2000000000000002,0.0000,0.0000
2022,12,6,7,30,9.200000000000001,17,104,21,4,8.700000000000001,2,0,86,2,96.45,87.9,0.14,1015,3.8000000000000003,98,1.2000000000000002,0.0000,0.0000
2022,12,6,8,30,9.8,61,474,161,4,9,24,0,4,24,94.49,77.76,0.14,1016,3.7,103,1.1,1.1500,0.8793
2022,12,6,9,30,10.8,87,632,316,8,9.700000000000001,71,9,0,74,92.86,68.78,0.14,1016,3.6,105,0.7000000000000001,3.8292,2.9696
2022,12,6,10,30,12.200000000000001,104,710,440,8,10.700000000000001,24,0,4,24,90.76,61.77,0.14,1016,3.5,112,0.5,1.3089,1.0212
2022,12,6,11,30,14.3,107,762,516,8,12.200000000000001,82,3,54,84,87.18,57.5,0.14,1016,3.5,149,0.7000000000000001,4.6955,3.6720
2022,12,6,12,30,16.400000000000002,101,788,535,4,14,137,2,0,138,85.64,56.59,0.14,1015,3.5,185,1,7.7499,6.0632
2022,12,6,13,30,17.8,93,780,492,4,15.3,83,0,0,83,85.18,59.21,0.14,1015,3.5,196,1.1,4.5967,3.5918
2022,12,6,14,30,18.400000000000002,82,730,391,3,16.1,41,0,0,41,86.2,64.92,0.14,1015,3.6,195,0.9,2.1882,1.7033
2022,12,6,15,30,18.2,67,615,247,3,16.5,20,0,0,20,89.88,72.98,0.14,1015,3.7,180,0.6000000000000001,0.9962,0.7682
2022,12,6,16,30,17,41,350,86,0,16.8,21,127,54,37,98.95,82.66,0.14,1015,3.8000000000000003,155,0.6000000000000001,0.0000,0.0000
2022,12,6,17,30,15.600000000000001,0,0,0,0,15.600000000000001,0,0,0,0,100,93.64,0.14,1015,3.9000000000000004,146,0.8,0.0000,0.0000
2022,12,6,18,30,15,0,0,0,0,15,0,0,0,0,100,105.25,0.14,1015,3.8000000000000003,155,0.7000000000000001,0.0000,0.0000
2022,12,6,19,30,14.700000000000001,0,0,0,3,14.700000000000001,0,0,0,0,100,117.33,0.15,1016,3.8000000000000003,166,0.7000000000000001,0.0000,0.0000
2022,12,6,20,30,14.4,0,0,0,0,14.4,0,0,0,0,100,129.69,0.15,1016,3.8000000000000003,172,0.7000000000000001,0.0000,0.0000
2022,12,6,21,30,14.100000000000001,0,0,0,4,14.100000000000001,0,0,0,0,100,142.11,0.15,1016,3.7,177,0.8,0.0000,0.0000
2022,12,6,22,30,13.8,0,0,0,0,13.8,0,0,0,0,100,154.24,0.15,1016,3.7,184,0.8,0.0000,0.0000
2022,12,6,23,30,13.600000000000001,0,0,0,0,13.600000000000001,0,0,0,0,100,164.87,0.15,1016,3.7,192,0.8,0.0000,0.0000
2022,12,7,0,30,13.4,0,0,0,7,13.4,0,0,0,0,100,168.21,0.15,1016,3.7,199,0.8,0.0000,0.0000
2022,12,7,1,30,13.5,0,0,0,8,13.5,0,0,0,0,99.95,160.13,0.15,1017,3.8000000000000003,208,0.8,0.0000,0.0000
2022,12,7,2,30,13.700000000000001,0,0,0,5,13.600000000000001,0,0,0,0,99.57000000000001,148.49,0.15,1017,3.8000000000000003,216,0.8,0.0000,0.0000
2022,12,7,3,30,13.8,0,0,0,0,13.8,0,0,0,0,100,136.16,0.15,1017,3.8000000000000003,222,0.7000000000000001,0.0000,0.0000
2022,12,7,4,30,13.600000000000001,0,0,0,3,13.600000000000001,0,0,0,0,99.84,123.74000000000001,0.15,1017,3.8000000000000003,227,0.7000000000000001,0.0000,0.0000
2022,12,7,5,30,13.600000000000001,0,0,0,0,13.4,0,0,0,0,98.66,111.5,0.15,1017,3.8000000000000003,231,0.7000000000000001,0.0000,0.0000
2022,12,7,6,30,13.9,0,0,0,3,13.700000000000001,0,0,0,0,98.74000000000001,99.63,0.15,1018,4,235,0.7000000000000001,0.0000,0.0000
2022,12,7,7,30,14.700000000000001,16,96,19,3,14,5,0,86,5,95.85000000000001,88.05,0.15,1018,4.1000000000000005,235,0.8,0.0000,0.0000
2022,12,7,8,30,15.9,60,473,159,5,15.100000000000001,46,0,7,46,95.24,77.91,0.15,1018,4,229,1.1,2.2024,1.6835
2022,12,7,9,30,17.2,80,656,316,4,16,74,225,7,155,92.72,68.93,0.15,1018,4,223,1.3,8.0102,6.2110
2022,12,7,10,30,19.200000000000003,89,749,442,0,17.2,145,403,18,335,88.47,61.92,0.15,1018,4,224,1.6,18.2525,14.2393
2022,12,7,11,30,21.400000000000002,90,797,517,8,18.2,232,116,54,294,81.93,57.63,0.15,1017,4,231,2,16.4231,12.8426
2022,12,7,12,30,23.1,89,808,533,5,18.5,253,65,18,289,75.57000000000001,56.7,0.15,1016,4,236,2.3000000000000003,16.2209,12.6899
2022,12,7,13,30,23.8,87,786,489,4,18.8,165,10,0,170,73.43,59.28,0.15,1015,4.1000000000000005,238,2.3000000000000003,9.4113,7.3534
2022,12,7,14,30,23.700000000000003,82,720,387,3,18.8,188,147,0,250,73.89,64.97,0.15,1015,4.1000000000000005,238,2.1,13.3376,10.3819
2022,12,7,15,30,22.700000000000003,70,591,243,3,18.900000000000002,139,59,0,156,79.32000000000001,73.01,0.15,1015,4.1000000000000005,236,1.5,7.7679,5.9898
2022,12,7,16,30,20.400000000000002,42,328,84,0,19.400000000000002,40,111,43,54,94.04,82.66,0.15,1015,4.2,232,1,0.0000,0.0000
2022,12,7,17,30,18.400000000000002,0,0,0,7,18.400000000000002,0,0,0,0,100,93.63,0.15,1016,4.2,229,0.8,0.0000,0.0000
2022,12,7,18,30,17.8,0,0,0,5,17.8,0,0,0,0,100,105.22,0.15,1016,4.2,231,0.9,0.0000,0.0000
2022,12,7,19,30,17.6,0,0,0,5,17.6,0,0,0,0,100,117.29,0.15,1016,4.2,237,0.9,0.0000,0.0000
2022,12,7,20,30,17.3,0,0,0,8,17.3,0,0,0,0,100,129.65,0.15,1016,4.3,243,0.8,0.0000,0.0000
2022,12,7,21,30,17,0,0,0,5,17,0,0,0,0,100,142.07,0.15,1016,4.4,248,0.8,0.0000,0.0000
2022,12,7,22,30,16.7,0,0,0,0,16.7,0,0,0,0,100,154.21,0.15,1016,4.4,252,0.8,0.0000,0.0000
2022,12,7,23,30,16.5,0,0,0,0,16.5,0,0,0,0,100,164.89000000000001,0.15,1015,4.3,257,0.8,0.0000,0.0000
2022,12,8,0,30,16.1,0,0,0,0,16.1,0,0,0,0,100,168.34,0.15,1015,4.3,262,0.8,0.0000,0.0000
2022,12,8,1,30,15.700000000000001,0,0,0,0,15.700000000000001,0,0,0,0,100,160.27,0.15,1015,4.2,263,0.8,0.0000,0.0000
2022,12,8,2,30,15.4,0,0,0,0,15.4,0,0,0,0,100,148.63,0.15,1015,4.1000000000000005,262,0.8,0.0000,0.0000
2022,12,8,3,30,15.200000000000001,0,0,0,0,15.200000000000001,0,0,0,0,100,136.3,0.15,1014,4.1000000000000005,261,0.7000000000000001,0.0000,0.0000
2022,12,8,4,30,15.200000000000001,0,0,0,0,15.200000000000001,0,0,0,0,100,123.88000000000001,0.15,1014,4,259,0.7000000000000001,0.0000,0.0000
2022,12,8,5,30,15.100000000000001,0,0,0,0,15.100000000000001,0,0,0,0,100,111.64,0.15,1014,4,259,0.8,0.0000,0.0000
2022,12,8,6,30,15.100000000000001,0,0,0,0,15.100000000000001,0,0,0,0,100,99.77,0.15,1014,3.9000000000000004,265,0.8,0.0000,0.0000
2022,12,8,7,30,15.9,14,114,18,0,15.3,14,114,0,18,96.41,88.18,0.15,1015,3.8000000000000003,273,0.8,0.0000,0.0000
2022,12,8,8,30,17.7,53,524,161,0,16.1,52,508,0,157,90.55,78.05,0.15,1015,3.6,287,0.8,7.5117,5.7406
2022,12,8,9,30,19.6,70,699,320,0,16.900000000000002,68,474,0,237,84.55,69.08,0.15,1015,3.4000000000000004,307,0.8,12.2319,9.4828
2022,12,8,10,30,21,81,781,447,3,17.6,112,0,0,112,80.71000000000001,62.06,0.15,1015,3.3000000000000003,317,0.9,6.0968,4.7559
2022,12,8,11,30,21.8,87,818,523,3,17.900000000000002,115,205,0,224,78.41,57.75,0.15,1014,3.2,315,1,12.5049,9.7781
2022,12,8,12,30,22.1,96,803,536,3,18,119,0,0,119,77.81,56.79,0.15,1013,3.2,316,1,6.6762,5.2227
2022,12,8,13,30,22.200000000000003,104,750,486,3,18.1,148,0,0,148,77.58,59.35,0.15,1013,3.2,319,1,8.1901,6.3990
2022,12,8,14,30,22,96,684,385,3,18,103,96,0,144,78.23,65.01,0.15,1012,3.3000000000000003,324,0.8,7.6802,5.9780
2022,12,8,15,30,21.200000000000003,80,551,241,0,18,80,551,0,241,81.87,73.02,0.15,1013,3.4000000000000004,342,0.5,11.9992,9.2524
2022,12,8,16,30,19.6,47,280,83,0,18.5,47,280,0,83,93.53,82.66,0.15,1013,3.5,208,0.4,0.0000,0.0000
2022,12,8,17,30,18.3,0,0,0,0,17.5,0,0,0,0,95.26,93.60000000000001,0.15,1013,3.5,72,0.5,0.0000,0.0000
2022,12,8,18,30,17.7,0,0,0,4,17.2,0,0,0,0,96.74000000000001,105.19,0.15,1013,3.6,94,0.7000000000000001,0.0000,0.0000
2022,12,8,19,30,17.1,0,0,0,4,16.900000000000002,0,0,0,0,98.83,117.25,0.14,1013,3.6,112,0.7000000000000001,0.0000,0.0000
2022,12,8,20,30,16.7,0,0,0,4,16.6,0,0,0,0,99.39,129.6,0.14,1013,3.7,130,0.6000000000000001,0.0000,0.0000
2022,12,8,21,30,16.2,0,0,0,3,16.2,0,0,0,0,100,142.02,0.14,1013,3.8000000000000003,150,0.6000000000000001,0.0000,0.0000
2022,12,8,22,30,15.9,0,0,0,0,15.9,0,0,0,0,100,154.18,0.14,1012,3.8000000000000003,171,0.6000000000000001,0.0000,0.0000
2022,12,8,23,30,15.700000000000001,0,0,0,3,15.700000000000001,0,0,0,0,100,164.9,0.14,1012,3.7,192,0.6000000000000001,0.0000,0.0000
2022,12,9,0,30,15.8,0,0,0,3,15.8,0,0,0,0,100,168.46,0.14,1012,3.7,212,0.7000000000000001,0.0000,0.0000
2022,12,9,1,30,16,0,0,0,3,15.9,0,0,0,0,99.33,160.41,0.14,1011,3.6,232,0.6000000000000001,0.0000,0.0000
2022,12,9,2,30,16.1,0,0,0,3,16,0,0,0,0,99.17,148.77,0.14,1011,3.5,272,0.4,0.0000,0.0000
2022,12,9,3,30,15.8,0,0,0,3,15.700000000000001,0,0,0,0,99.44,136.43,0.14,1011,3.4000000000000004,153,0.30000000000000004,0.0000,0.0000
2022,12,9,4,30,15.200000000000001,0,0,0,0,15.200000000000001,0,0,0,0,100,124.02,0.14,1011,3.3000000000000003,12,0.5,0.0000,0.0000
2022,12,9,5,30,14.600000000000001,0,0,0,0,14.600000000000001,0,0,0,0,100,111.78,0.14,1012,3.2,32,0.7000000000000001,0.0000,0.0000
2022,12,9,6,30,14.100000000000001,0,0,0,3,14.100000000000001,0,0,0,0,100,99.91,0.14,1013,3,50,1.3,0.0000,0.0000
2022,12,9,7,30,13.100000000000001,14,86,17,3,13.100000000000001,11,54,54,13,100,88.31,0.14,1013,2.8000000000000003,59,2.2,0.0000,0.0000
2022,12,9,8,30,12.4,61,486,160,3,12.100000000000001,28,59,4,40,98.06,78.19,0.14,1014,2.6,64,2.7,1.9126,1.4613
2022,12,9,9,30,12.600000000000001,92,628,315,3,10.8,47,0,0,47,88.56,69.22,0.14,1014,2.6,69,2.8000000000000003,2.4228,1.8780
2022,12,9,10,30,13.5,122,664,432,3,10,93,0,0,93,79.35000000000001,62.190000000000005,0.14,1014,2.8000000000000003,71,2.5,5.0583,3.9454
2022,12,9,11,30,14.600000000000001,127,708,504,3,9.8,134,3,29,136,72.78,57.870000000000005,0.14,1014,3.2,69,2.2,7.5875,5.9326
2022,12,9,12,30,15.200000000000001,125,723,520,4,9.9,102,2,32,103,70.86,56.89,0.14,1013,3.4000000000000004,62,1.8,5.7756,4.5180
2022,12,9,13,30,15.200000000000001,115,713,478,7,10.200000000000001,103,2,86,104,71.92,59.410000000000004,0.14,1013,3.5,60,1.7000000000000002,5.7532,4.4949
2022,12,9,14,30,15,101,667,382,5,10.4,90,3,0,91,73.75,65.04,0.14,1013,3.4000000000000004,67,1.7000000000000002,4.8524,3.7768
2022,12,9,15,30,14.4,82,546,241,4,10.600000000000001,32,0,0,32,77.86,73.03,0.14,1012,3.4000000000000004,71,1.5,1.5931,1.2284
2022,12,9,16,30,13.600000000000001,47,282,83,5,11,11,0,71,11,84.44,82.64,0.14,1013,3.4000000000000004,70,1.3,0.0000,0.0000
2022,12,9,17,30,12.9,0,0,0,4,11.4,0,0,0,0,90.49,93.58,0.14,1013,3.5,66,1.3,0.0000,0.0000
2022,12,9,18,30,12.5,0,0,0,4,11.4,0,0,0,0,92.75,105.15,0.14,1013,3.6,60,1.4000000000000001,0.0000,0.0000
2022,12,9,19,30,12.100000000000001,0,0,0,8,11.4,0,0,0,0,95.25,117.21000000000001,0.14,1014,3.6,56,1.4000000000000001,0.0000,0.0000
2022,12,9,20,30,11.8,0,0,0,8,11.200000000000001,0,0,0,0,96.26,129.55,0.14,1014,3.6,59,1.4000000000000001,0.0000,0.0000
2022,12,9,21,30,11.5,0,0,0,8,11,0,0,0,0,96.5,141.98,0.14,1014,3.5,67,1.4000000000000001,0.0000,0.0000
2022,12,9,22,30,11.100000000000001,0,0,0,8,10.600000000000001,0,0,0,0,96.96000000000001,154.14000000000001,0.14,1015,3.3000000000000003,71,1.4000000000000001,0.0000,0.0000
2022,12,9,23,30,10.8,0,0,0,4,10.200000000000001,0,0,0,0,96.33,164.91,0.14,1015,3.1,68,1.4000000000000001,0.0000,0.0000
2022,12,10,0,30,10.4,0,0,0,8,9.9,0,0,0,0,97,168.58,0.14,1015,3,63,1.4000000000000001,0.0000,0.0000
2022,12,10,1,30,10.100000000000001,0,0,0,8,9.700000000000001,0,0,0,0,97.06,160.55,0.14,1015,2.8000000000000003,58,1.3,0.0000,0.0000
2022,12,10,2,30,9.8,0,0,0,7,9.4,0,0,0,0,97.24000000000001,148.9,0.14,1015,2.6,56,1.3,0.0000,0.0000
2022,12,10,3,30,9.600000000000001,0,0,0,3,9.1,0,0,0,0,96.74000000000001,136.56,0.14,1014,2.4000000000000004,59,1.4000000000000001,0.0000,0.0000
2022,12,10,4,30,9.3,0,0,0,0,8.8,0,0,0,0,96.45,124.15,0.14,1015,2.3000000000000003,62,1.3,0.0000,0.0000
2022,12,10,5,30,9,0,0,0,0,8.5,0,0,0,0,96.82000000000001,111.91,0.14,1015,2.1,60,1.2000000000000002,0.0000,0.0000
2022,12,10,6,30,8.700000000000001,0,0,0,0,8.200000000000001,0,0,0,0,96.92,100.04,0.14,1015,2,58,1.2000000000000002,0.0000,0.0000
2022,12,10,7,30,8.700000000000001,15,79,17,0,7.9,15,79,0,17,94.7,88.43,0.14,1016,1.9000000000000001,60,1.4000000000000001,0.0000,0.0000
2022,12,10,8,30,9.1,63,481,160,0,7.7,60,442,0,149,90.82000000000001,78.33,0.14,1016,1.8,61,1.6,7.1203,5.4389
2022,12,10,9,30,9.9,85,680,325,0,7.300000000000001,78,383,7,213,83.82000000000001,69.35000000000001,0.14,1017,1.7000000000000002,61,1.7000000000000002,10.9673,8.4998
2022,12,10,10,30,10.8,94,782,457,7,6.9,106,4,46,108,77.01,62.31,0.14,1017,1.7000000000000002,60,1.7000000000000002,5.8695,4.5778
2022,12,10,11,30,11.700000000000001,99,825,536,3,6.6000000000000005,187,5,0,190,70.99,57.980000000000004,0.14,1016,1.7000000000000002,58,1.6,10.5939,8.2829
2022,12,10,12,30,12.4,103,827,554,7,6.5,187,19,0,197,67.39,56.97,0.14,1016,1.6,57,1.5,11.0421,8.6374
2022,12,10,13,30,12.8,104,793,507,3,6.6000000000000005,181,5,11,184,65.82000000000001,59.47,0.14,1015,1.6,56,1.5,10.1753,7.9496
2022,12,10,14,30,12.8,95,733,404,3,6.7,147,55,0,170,66.31,65.06,0.14,1015,1.7000000000000002,55,1.4000000000000001,9.0635,7.0544
2022,12,10,15,30,12.4,77,609,255,7,6.7,104,191,7,160,68.33,73.03,0.14,1015,1.9000000000000001,57,1.3,7.9656,6.1420
2022,12,10,16,30,11.5,46,339,90,0,6.9,47,281,21,83,73.59,82.62,0.14,1015,2,62,1.1,0.0000,0.0000
2022,12,10,17,30,10.8,0,0,0,8,7.7,0,0,0,0,80.95,93.54,0.14,1015,2.1,67,1,0.0000,0.0000
2022,12,10,18,30,10.5,0,0,0,8,7.4,0,0,0,0,80.95,105.10000000000001,0.14,1015,2.2,67,1,0.0000,0.0000
2022,12,10,19,30,10.4,0,0,0,7,7.4,0,0,0,0,81.49,117.16,0.14,1016,2.2,57,1,0.0000,0.0000
2022,12,10,20,30,10.3,0,0,0,8,7.300000000000001,0,0,0,0,81.83,129.5,0.14,1016,2.1,56,1,0.0000,0.0000
2022,12,10,21,30,10,0,0,0,3,7.2,0,0,0,0,82.47,141.92000000000002,0.14,1016,2.1,67,0.9,0.0000,0.0000
2022,12,10,22,30,9.600000000000001,0,0,0,7,7.2,0,0,0,0,85.16,154.1,0.14,1016,2,77,0.7000000000000001,0.0000,0.0000
2022,12,10,23,30,9,0,0,0,8,7.2,0,0,0,0,88.39,164.91,0.14,1016,2.1,78,0.6000000000000001,0.0000,0.0000
2022,12,11,0,30,8.200000000000001,0,0,0,7,6.800000000000001,0,0,0,0,90.95,168.69,0.14,1015,2.2,77,0.7000000000000001,0.0000,0.0000
2022,12,11,1,30,7.800000000000001,0,0,0,7,6.5,0,0,0,0,91.49,160.69,0.14,1015,2.3000000000000003,75,0.7000000000000001,0.0000,0.0000
2022,12,11,2,30,7.6000000000000005,0,0,0,8,6.5,0,0,0,0,92.56,149.04,0.14,1014,2.4000000000000004,70,0.7000000000000001,0.0000,0.0000
2022,12,11,3,30,7.2,0,0,0,7,6.300000000000001,0,0,0,0,93.73,136.70000000000002,0.14,1014,2.5,62,0.7000000000000001,0.0000,0.0000
2022,12,11,4,30,7,0,0,0,0,6.1000000000000005,0,0,0,0,93.82000000000001,124.28,0.14,1014,2.5,51,0.7000000000000001,0.0000,0.0000
2022,12,11,5,30,7.4,0,0,0,5,6.1000000000000005,0,0,0,0,91.64,112.04,0.14,1015,2.7,43,0.8,0.0000,0.0000
2022,12,11,6,30,7.7,0,0,0,4,6.1000000000000005,0,0,0,0,89.61,100.18,0.14,1015,2.8000000000000003,46,1,0.0000,0.0000
2022,12,11,7,30,8.1,13,83,15,5,6,3,0,71,3,86.4,88.55,0.14,1015,3,56,1.1,0.0000,0.0000
2022,12,11,8,30,8.8,60,467,153,5,5.9,20,0,36,20,82.28,78.46000000000001,0.14,1016,3,63,1,0.9553,0.7295
2022,12,11,9,30,9.8,89,624,308,8,5.9,59,2,29,60,76.60000000000001,69.48,0.14,1016,3,68,0.7000000000000001,3.0859,2.3912
2022,12,11,10,30,10.700000000000001,110,694,431,8,6.300000000000001,80,1,43,80,74.10000000000001,62.43,0.14,1015,3,83,0.5,4.3444,3.3880
2022,12,11,11,30,11.600000000000001,119,731,506,4,6.9,59,0,0,59,72.73,58.08,0.14,1014,3,105,0.30000000000000004,3.2879,2.5706
2022,12,11,12,30,12.4,127,724,521,4,7.6000000000000005,83,0,0,83,72.61,57.050000000000004,0.14,1013,3,215,0.2,4.6504,3.6375
2022,12,11,13,30,12.600000000000001,130,681,475,4,8.5,89,1,0,90,75.98,59.52,0.14,1013,3,320,0.2,4.9756,3.8872
2022,12,11,14,30,12.5,116,622,378,4,9,23,0,4,23,79.15,65.08,0.14,1012,3.1,324,0.4,1.2261,0.9543
2022,12,11,15,30,12,90,510,239,7,9.600000000000001,37,1,0,37,85.47,73.02,0.14,1012,3.1,317,0.5,1.8422,1.4205
2022,12,11,16,30,11.4,49,273,84,7,10,12,0,71,12,91,82.60000000000001,0.14,1012,3,288,0.4,0.0000,0.0000
2022,12,11,17,30,10.9,0,0,0,7,9.8,0,0,0,0,93.18,93.5,0.14,1012,2.9000000000000004,242,0.4,0.0000,0.0000
2022,12,11,18,30,10.5,0,0,0,7,9.600000000000001,0,0,0,0,94.11,105.05,0.14,1012,2.8000000000000003,216,0.5,0.0000,0.0000
2022,12,11,19,30,10.4,0,0,0,7,9.5,0,0,0,0,94.29,117.10000000000001,0.14,1012,2.6,238,0.5,0.0000,0.0000
2022,12,11,20,30,10.4,0,0,0,7,9.4,0,0,0,0,93.83,129.44,0.14,1012,2.4000000000000004,284,0.4,0.0000,0.0000
2022,12,11,21,30,10.100000000000001,0,0,0,7,9.4,0,0,0,0,95.4,141.86,0.14,1012,2.3000000000000003,306,0.5,0.0000,0.0000
2022,12,11,22,30,9.700000000000001,0,0,0,7,9.200000000000001,0,0,0,0,96.64,154.05,0.14,1012,2.1,311,0.5,0.0000,0.0000
2022,12,11,23,30,9.200000000000001,0,0,0,3,9,0,0,0,0,98.55,164.9,0.14,1012,2,324,0.6000000000000001,0.0000,0.0000
2022,12,12,0,30,8.8,0,0,0,0,8.700000000000001,0,0,0,0,99.26,168.79,0.14,1012,1.9000000000000001,341,0.7000000000000001,0.0000,0.0000
2022,12,12,1,30,8.4,0,0,0,3,8.4,0,0,0,0,100,160.82,0.14,1012,1.8,353,0.8,0.0000,0.0000
2022,12,12,2,30,7.9,0,0,0,0,7.9,0,0,0,0,100,149.17000000000002,0.14,1012,1.8,358,0.9,0.0000,0.0000
2022,12,12,3,30,7.7,0,0,0,3,7.7,0,0,0,0,100,136.83,0.14,1012,1.7000000000000002,181,0.9,0.0000,0.0000
2022,12,12,4,30,7.800000000000001,0,0,0,3,7.7,0,0,0,0,99.33,124.41,0.14,1012,1.7000000000000002,9,0.8,0.0000,0.0000
2022,12,12,5,30,8,0,0,0,3,7.9,0,0,0,0,99.26,112.18,0.14,1012,1.6,20,0.7000000000000001,0.0000,0.0000
2022,12,12,6,30,8.3,0,0,0,3,8.1,0,0,0,0,98.74000000000001,100.31,0.14,1012,1.6,34,0.6000000000000001,0.0000,0.0000
2022,12,12,7,30,9.200000000000001,13,75,15,3,8.3,9,29,54,10,94.27,88.67,0.14,1013,1.5,49,0.9,0.0000,0.0000
2022,12,12,8,30,10.4,64,477,158,0,9.200000000000001,64,387,0,141,91.98,78.59,0.14,1013,1.5,59,1.2000000000000002,6.7316,5.1398
2022,12,12,9,30,11.8,82,693,324,0,9.8,82,693,0,324,87.61,69.60000000000001,0.14,1013,1.5,64,1.5,16.6460,12.8969
2022,12,12,10,30,13.4,86,814,461,0,10.100000000000001,86,814,0,461,80.41,62.550000000000004,0.14,1013,1.4000000000000001,65,1.6,25.0146,19.5065
2022,12,12,11,30,14.5,93,850,541,0,9.700000000000001,93,850,0,541,73.10000000000001,58.17,0.14,1013,1.4000000000000001,61,1.5,30.1342,23.5584
2022,12,12,12,30,14.9,94,856,559,0,9.5,94,856,0,559,70,57.120000000000005,0.14,1012,1.4000000000000001,52,1.4000000000000001,31.3088,24.4888
2022,12,12,13,30,14.9,93,832,515,0,9.4,93,832,0,515,69.43,59.56,0.14,1012,1.4000000000000001,45,1.2000000000000002,28.4652,22.2376
2022,12,12,14,30,14.700000000000001,85,776,412,0,9.3,85,776,0,412,69.87,65.09,0.14,1012,1.4000000000000001,46,1.1,21.9608,17.0924
2022,12,12,15,30,14.200000000000001,72,658,264,0,9.3,72,658,0,264,72.21000000000001,73.01,0.14,1012,1.4000000000000001,48,1,13.1456,10.1365
2022,12,12,16,30,13.100000000000001,45,385,95,0,10.100000000000001,45,385,0,95,82,82.57000000000001,0.14,1013,1.4000000000000001,52,0.9,0.0000,0.0000
2022,12,12,17,30,12,0,0,0,0,9.4,0,0,0,0,83.92,93.46000000000001,0.14,1013,1.4000000000000001,59,0.9,0.0000,0.0000
2022,12,12,18,30,11.3,0,0,0,0,8.9,0,0,0,0,85.14,105,0.14,1014,1.4000000000000001,70,1,0.0000,0.0000
2022,12,12,19,30,10.700000000000001,0,0,0,0,8.4,0,0,0,0,85.8,117.04,0.14,1014,1.4000000000000001,81,1.1,0.0000,0.0000
2022,12,12,20,30,9.8,0,0,0,0,8,0,0,0,0,88.26,129.37,0.14,1014,1.4000000000000001,89,1.1,0.0000,0.0000
2022,12,12,21,30,9,0,0,0,0,7.4,0,0,0,0,89.49,141.8,0.14,1015,1.4000000000000001,93,1.3,0.0000,0.0000
2022,12,12,22,30,8.4,0,0,0,0,6.7,0,0,0,0,89.03,153.99,0.14,1015,1.3,94,1.5,0.0000,0.0000
2022,12,12,23,30,7.6000000000000005,0,0,0,0,5.9,0,0,0,0,89.08,164.88,0.14,1015,1.3,92,1.7000000000000002,0.0000,0.0000
2022,12,13,0,30,6.800000000000001,0,0,0,0,5,0,0,0,0,88.19,168.88,0.14,1015,1.2000000000000002,87,1.6,0.0000,0.0000
2022,12,13,1,30,5.9,0,0,0,0,4.1000000000000005,0,0,0,0,88.13,160.95000000000002,0.14,1016,1.1,81,1.5,0.0000,0.0000
2022,12,13,2,30,4.9,0,0,0,0,3.4000000000000004,0,0,0,0,90.06,149.29,0.14,1016,1.1,75,1.4000000000000001,0.0000,0.0000
2022,12,13,3,30,4.2,0,0,0,0,2.9000000000000004,0,0,0,0,91.15,136.95000000000002,0.14,1016,1.1,71,1.3,0.0000,0.0000
2022,12,13,4,30,3.5,0,0,0,0,2.5,0,0,0,0,92.93,124.54,0.14,1017,1,69,1.3,0.0000,0.0000
2022,12,13,5,30,2.9000000000000004,0,0,0,0,2.2,0,0,0,0,95.49,112.3,0.14,1017,1,69,1.2000000000000002,0.0000,0.0000
2022,12,13,6,30,2.5,0,0,0,0,2,0,0,0,0,96.65,100.44,0.14,1017,0.9,69,1.2000000000000002,0.0000,0.0000
2022,12,13,7,30,3,14,131,17,0,1.8,14,131,0,17,91.62,88.77,0.14,1018,0.9,69,1.4000000000000001,0.0000,0.0000
2022,12,13,8,30,5,51,602,169,0,1.5,51,602,0,169,77.93,78.71000000000001,0.14,1019,0.9,75,2,8.0654,6.1569
2022,12,13,9,30,7,68,781,339,0,0.30000000000000004,68,781,0,339,62.190000000000005,69.72,0.14,1019,0.9,81,2.3000000000000003,17.3981,13.4776
2022,12,13,10,30,8.8,77,864,474,0,0,77,864,0,474,54.09,62.65,0.14,1019,0.9,78,2.2,25.7030,20.0419
2022,12,13,11,30,10.200000000000001,83,900,556,0,0.5,98,849,0,545,51.06,58.26,0.14,1018,0.9,70,2,30.3423,23.7200
2022,12,13,12,30,11.200000000000001,83,909,576,0,1.3,83,909,0,576,50.660000000000004,57.18,0.14,1017,0.9,61,1.8,32.2510,25.2251
2022,12,13,13,30,11.600000000000001,79,893,531,0,2.2,79,893,0,531,52.32,59.59,0.14,1017,0.9,58,1.7000000000000002,29.3444,22.9242
2022,12,13,14,30,11.600000000000001,72,842,427,0,2.7,72,842,0,427,54.370000000000005,65.1,0.14,1016,1,59,1.6,22.7587,17.7132
2022,12,13,15,30,10.700000000000001,60,731,274,0,3,60,731,0,274,58.99,72.99,0.14,1016,1.1,62,1.4000000000000001,13.6461,10.5228
2022,12,13,16,30,8.4,39,476,101,0,3.9000000000000004,39,476,0,101,73.54,82.53,0.14,1016,1.1,64,1.2000000000000002,0.0000,0.0000
2022,12,13,17,30,6.300000000000001,0,0,0,0,3.5,0,0,0,0,82.10000000000001,93.41,0.14,1016,1.2000000000000002,68,1,0.0000,0.0000
2022,12,13,18,30,5.5,0,0,0,7,3.1,0,0,0,0,84.51,104.94,0.14,1017,1.3,74,1,0.0000,0.0000
2022,12,13,19,30,5,0,0,0,7,2.9000000000000004,0,0,0,0,86,116.97,0.14,1017,1.4000000000000001,82,1,0.0000,0.0000
2022,12,13,20,30,4.6000000000000005,0,0,0,7,2.5,0,0,0,0,86.48,129.3,0.14,1017,1.5,87,1,0.0000,0.0000
2022,12,13,21,30,4.4,0,0,0,0,2.3000000000000003,0,0,0,0,86.04,141.73,0.14,1017,1.6,90,1,0.0000,0.0000
2022,12,13,22,30,4.3,0,0,0,0,1.9000000000000001,0,0,0,0,84.58,153.93,0.14,1016,1.5,92,1,0.0000,0.0000
2022,12,13,23,30,3.7,0,0,0,7,1.5,0,0,0,0,85.38,164.85,0.14,1015,1.5,93,0.9,0.0000,0.0000
2022,12,14,0,30,3.2,0,0,0,7,1.2000000000000002,0,0,0,0,86.41,168.97,0.14,1015,1.5,93,0.9,0.0000,0.0000
2022,12,14,1,30,3.1,0,0,0,7,0.9,0,0,0,0,85.62,161.07,0.14,1015,1.5,89,0.9,0.0000,0.0000
2022,12,14,2,30,3.3000000000000003,0,0,0,0,0.7000000000000001,0,0,0,0,83.10000000000001,149.42000000000002,0.14,1015,1.7000000000000002,78,1,0.0000,0.0000
2022,12,14,3,30,3.4000000000000004,0,0,0,7,0.6000000000000001,0,0,0,0,82.09,137.08,0.14,1015,1.9000000000000001,69,1.1,0.0000,0.0000
2022,12,14,4,30,3.5,0,0,0,8,0.4,0,0,0,0,80.42,124.66,0.14,1015,2,71,1.2000000000000002,0.0000,0.0000
2022,12,14,5,30,3.6,0,0,0,7,0.4,0,0,0,0,79.57000000000001,112.43,0.14,1015,2,77,1.2000000000000002,0.0000,0.0000
2022,12,14,6,30,3.7,0,0,0,6,0.4,0,0,0,0,78.88,100.56,0.14,1015,2,83,1.3,0.0000,0.0000
2022,12,14,7,30,4.2,13,72,14,7,0.4,4,0,71,4,76.03,88.89,0.14,1014,2.1,87,1.3,0.0000,0.0000
2022,12,14,8,30,5.300000000000001,60,466,150,7,0.5,14,0,0,14,71.04,78.83,0.14,1014,2.2,91,1.3,0.6679,0.5098
2022,12,14,9,30,7,86,640,307,7,0.8,22,0,0,22,64.91,69.83,0.14,1014,2.4000000000000004,97,1.3,1.1280,0.8737
2022,12,14,10,30,8.6,102,721,432,6,0.7000000000000001,57,0,0,57,57.5,62.76,0.14,1013,2.6,98,1.4000000000000001,3.0886,2.4082
2022,12,14,11,30,9.3,109,763,509,6,1.1,52,0,0,52,56.44,58.34,0.14,1012,2.8000000000000003,97,1.5,2.8938,2.2621
2022,12,14,12,30,9.5,109,775,528,6,1.7000000000000002,80,1,0,81,58.38,57.230000000000004,0.14,1011,2.9000000000000004,99,1.5,4.5341,3.5463
2022,12,14,13,30,9.4,104,753,485,6,2.5,104,3,0,106,62.11,59.61,0.14,1011,3,98,1.4000000000000001,5.8572,4.5756
2022,12,14,14,30,9.1,95,690,386,7,3.4000000000000004,66,1,0,66,67.3,65.09,0.14,1011,3.1,94,1.3,3.5180,2.7381
2022,12,14,15,30,8.700000000000001,80,559,244,7,4.1000000000000005,49,1,0,49,73.05,72.96000000000001,0.14,1010,3.2,95,1.4000000000000001,2.4410,1.8824
2022,12,14,16,30,8.200000000000001,49,286,86,6,4.800000000000001,14,0,71,14,79.10000000000001,82.49,0.14,1010,3.2,95,1.5,0.0000,0.0000
2022,12,14,17,30,7.7,0,0,0,6,5.300000000000001,0,0,0,0,84.71000000000001,93.36,0.14,1010,3.3000000000000003,90,1.6,0.0000,0.0000
2022,12,14,18,30,7.6000000000000005,0,0,0,6,5.800000000000001,0,0,0,0,88.60000000000001,104.88,0.14,1010,3.5,93,1.8,0.0000,0.0000
2022,12,14,19,30,7.9,0,0,0,6,6.5,0,0,0,0,90.61,116.9,0.14,1010,3.6,101,1.9000000000000001,0.0000,0.0000
2022,12,14,20,30,8.3,0,0,0,6,7.300000000000001,0,0,0,0,93.63,129.23,0.14,1009,3.6,107,1.9000000000000001,0.0000,0.0000
2022,12,14,21,30,8.9,0,0,0,6,8.200000000000001,0,0,0,0,95.66,141.65,0.14,1008,3.5,110,1.9000000000000001,0.0000,0.0000
2022,12,14,22,30,9.600000000000001,0,0,0,6,8.9,0,0,0,0,95.64,153.86,0.14,1007,3.5,117,2,0.0000,0.0000
2022,12,14,23,30,10.9,0,0,0,6,9.8,0,0,0,0,92.99,164.82,0.14,1006,3.6,130,2.3000000000000003,0.0000,0.0000
2022,12,15,0,30,12.5,0,0,0,6,11.5,0,0,0,0,93.35000000000001,169.05,0.14,1005,3.7,139,2.5,0.0000,0.0000
2022,12,15,1,30,14.100000000000001,0,0,0,6,13.100000000000001,0,0,0,0,93.88,161.19,0.14,1004,3.8000000000000003,146,2.6,0.0000,0.0000
2022,12,15,2,30,15.3,0,0,0,6,14.600000000000001,0,0,0,0,95.82000000000001,149.54,0.14,1004,3.9000000000000004,153,2.8000000000000003,0.0000,0.0000
2022,12,15,3,30,15.9,0,0,0,6,15.700000000000001,0,0,0,0,98.56,137.20000000000002,0.14,1003,4,155,2.6,0.0000,0.0000
2022,12,15,4,30,16.1,0,0,0,6,15.9,0,0,0,0,98.49000000000001,124.79,0.14,1002,4.1000000000000005,157,2.4000000000000004,0.0000,0.0000
2022,12,15,5,30,16.3,0,0,0,6,16,0,0,0,0,98.24000000000001,112.55,0.14,1001,4,161,2.4000000000000004,0.0000,0.0000
2022,12,15,6,30,16.5,0,0,0,6,16.3,0,0,0,0,98.46000000000001,100.68,0.14,1001,3.9000000000000004,166,2.4000000000000004,0.0000,0.0000
2022,12,15,7,30,17,10,58,11,7,16.400000000000002,3,0,71,3,96.48,89.02,0.14,1000,3.9000000000000004,172,2.6,0.0000,0.0000
2022,12,15,8,30,17.900000000000002,53,475,144,7,17.2,42,5,0,43,95.58,78.95,0.14,1000,4,180,3,2.0509,1.5650
2022,12,15,9,30,18.900000000000002,71,674,302,4,18.1,66,1,0,66,95.14,69.94,0.14,1000,4,188,3,3.3806,2.6181
2022,12,15,10,30,19.900000000000002,80,767,430,3,19,68,4,0,70,94.73,62.85,0.14,1000,3.7,201,3,3.7907,2.9554
2022,12,15,11,30,20.5,83,821,513,3,19.700000000000003,61,2,14,62,94.88,58.42,0.14,999,3.3000000000000003,226,3,3.4488,2.6959
2022,12,15,12,30,19.900000000000002,83,841,538,3,19.1,170,289,0,326,95.21000000000001,57.28,0.14,999,2.9000000000000004,256,3.1,18.2438,14.2687
2022,12,15,13,30,18.1,78,840,503,3,16.900000000000002,188,223,0,301,92.83,59.63,0.14,999,2.4000000000000004,275,3,16.6302,12.9914
2022,12,15,14,30,16.3,67,832,417,3,13.8,112,180,0,188,85.09,65.09,0.14,1000,1.6,282,2.6,10.0210,7.7994
2022,12,15,15,30,14.600000000000001,53,770,279,0,11.3,43,546,0,203,80.38,72.94,0.14,1000,1,277,1.9000000000000001,10.1148,7.8003
2022,12,15,16,30,12.3,35,558,108,0,10.5,35,558,0,108,88.75,82.45,0.14,1001,0.7000000000000001,271,1.4000000000000001,0.0000,0.0000
2022,12,15,17,30,10.100000000000001,0,0,0,0,9.4,0,0,0,0,95.16,93.3,0.14,1002,0.7000000000000001,267,1.2000000000000002,0.0000,0.0000
2022,12,15,18,30,8.8,0,0,0,0,8.3,0,0,0,0,96.79,104.81,0.14,1003,0.7000000000000001,265,1.1,0.0000,0.0000
2022,12,15,19,30,7.800000000000001,0,0,0,0,7.300000000000001,0,0,0,0,96.87,116.83,0.14,1003,0.6000000000000001,264,1.1,0.0000,0.0000
2022,12,15,20,30,6.9,0,0,0,0,6.5,0,0,0,0,97.32000000000001,129.15,0.14,1004,0.6000000000000001,264,1.1,0.0000,0.0000
2022,12,15,21,30,6.300000000000001,0,0,0,0,5.9,0,0,0,0,97.27,141.58,0.14,1004,0.6000000000000001,266,1.1,0.0000,0.0000
2022,12,15,22,30,5.800000000000001,0,0,0,0,5.5,0,0,0,0,97.77,153.79,0.14,1004,0.7000000000000001,268,1.2000000000000002,0.0000,0.0000
2022,12,15,23,30,5.5,0,0,0,0,5.1000000000000005,0,0,0,0,97.46000000000001,164.78,0.14,1004,0.7000000000000001,270,1.2000000000000002,0.0000,0.0000
2022,12,16,0,30,5.1000000000000005,0,0,0,0,4.800000000000001,0,0,0,0,98.11,169.12,0.14,1005,0.7000000000000001,271,1.2000000000000002,0.0000,0.0000
2022,12,16,1,30,4.6000000000000005,0,0,0,0,4.6000000000000005,0,0,0,0,99.68,161.31,0.14,1005,0.7000000000000001,272,1.3,0.0000,0.0000
2022,12,16,2,30,4.3,0,0,0,0,4.3,0,0,0,0,100,149.66,0.14,1005,0.7000000000000001,274,1.3,0.0000,0.0000
2022,12,16,3,30,3.8000000000000003,0,0,0,0,3.8000000000000003,0,0,0,0,100,137.32,0.14,1006,0.7000000000000001,275,1.2000000000000002,0.0000,0.0000
2022,12,16,4,30,3.4000000000000004,0,0,0,0,3.4000000000000004,0,0,0,0,100,124.91,0.14,1006,0.7000000000000001,276,1.2000000000000002,0.0000,0.0000
2022,12,16,5,30,3.1,0,0,0,0,3.1,0,0,0,0,100,112.67,0.14,1006,0.7000000000000001,276,1.1,0.0000,0.0000
2022,12,16,6,30,3.2,0,0,0,0,3.2,0,0,0,0,100,100.8,0.14,1007,0.7000000000000001,273,1,0.0000,0.0000
2022,12,16,7,30,4,12,140,14,0,3,12,140,0,14,92.98,89.10000000000001,0.14,1007,0.7000000000000001,267,1.3,0.0000,0.0000
2022,12,16,8,30,5.9,40,673,168,0,3,40,673,0,168,81.81,79.06,0.14,1007,0.7000000000000001,264,1.6,8.0110,6.1121
2022,12,16,9,30,8.5,52,840,339,0,3.3000000000000003,52,840,0,339,69.64,70.05,0.14,1007,0.8,265,1.9000000000000001,17.3469,13.4325
2022,12,16,10,30,10.9,59,916,476,0,2.6,59,916,0,476,56.65,62.940000000000005,0.14,1007,0.8,266,2.2,25.7614,20.0834
2022,12,16,11,30,12.3,61,947,556,0,1.4000000000000001,61,947,0,556,47.33,58.480000000000004,0.14,1006,0.9,264,2.7,30.9177,24.1673
2022,12,16,12,30,13,62,953,577,0,0.8,62,953,0,577,43.24,57.32,0.14,1005,0.9,262,3,32.2837,25.2491
2022,12,16,13,30,13.100000000000001,62,931,533,0,0.8,62,931,0,533,42.93,59.64,0.14,1005,1,262,3.2,29.4465,23.0033
2022,12,16,14,30,12.8,59,882,431,0,0.9,59,882,0,431,44.19,65.07000000000001,0.14,1005,1,264,3.1,22.9770,17.8836
2022,12,16,15,30,11.8,51,780,280,0,1,51,780,0,280,47.5,72.9,0.14,1005,1.1,267,2.7,13.9566,10.7637
2022,12,16,16,30,9.700000000000001,33,548,106,0,1.5,33,548,0,106,56.620000000000005,82.39,0.14,1006,1.1,267,2,0.0000,0.0000
2022,12,16,17,30,7.6000000000000005,0,0,0,0,1.9000000000000001,0,0,0,0,67.34,93.23,0.14,1007,1.1,265,1.5,0.0000,0.0000
2022,12,16,18,30,6.5,0,0,0,0,2,0,0,0,0,73.16,104.73,0.14,1007,1.1,260,1.4000000000000001,0.0000,0.0000
2022,12,16,19,30,5.7,0,0,0,0,2.1,0,0,0,0,77.4,116.75,0.14,1007,1.1,256,1.3,0.0000,0.0000
2022,12,16,20,30,5.1000000000000005,0,0,0,0,2,0,0,0,0,80.37,129.07,0.14,1008,1.1,254,1.3,0.0000,0.0000
2022,12,16,21,30,4.6000000000000005,0,0,0,0,1.9000000000000001,0,0,0,0,82.84,141.49,0.14,1008,1.1,253,1.3,0.0000,0.0000
2022,12,16,22,30,4.2,0,0,0,0,1.8,0,0,0,0,84.65,153.72,0.14,1008,1.2000000000000002,254,1.3,0.0000,0.0000
2022,12,16,23,30,4,0,0,0,0,1.7000000000000002,0,0,0,0,85.26,164.74,0.14,1008,1.3,256,1.2000000000000002,0.0000,0.0000
2022,12,17,0,30,3.8000000000000003,0,0,0,0,1.7000000000000002,0,0,0,0,86.2,169.18,0.14,1008,1.4000000000000001,258,1.2000000000000002,0.0000,0.0000
2022,12,17,1,30,3.5,0,0,0,0,1.7000000000000002,0,0,0,0,87.73,161.42000000000002,0.14,1008,1.4000000000000001,259,1.2000000000000002,0.0000,0.0000
2022,12,17,2,30,3.4000000000000004,0,0,0,4,1.6,0,0,0,0,88.10000000000001,149.78,0.14,1008,1.5,258,1.2000000000000002,0.0000,0.0000
2022,12,17,3,30,3.2,0,0,0,0,1.6,0,0,0,0,89.17,137.44,0.14,1008,1.5,256,1.1,0.0000,0.0000
2022,12,17,4,30,3.1,0,0,0,0,1.6,0,0,0,0,89.72,125.02,0.14,1008,1.5,255,1.1,0.0000,0.0000
2022,12,17,5,30,2.8000000000000003,0,0,0,0,1.6,0,0,0,0,91.79,112.79,0.14,1008,1.5,254,1.1,0.0000,0.0000
2022,12,17,6,30,2.8000000000000003,0,0,0,7,1.6,0,0,0,0,91.55,100.92,0.14,1008,1.5,251,1,0.0000,0.0000
2022,12,17,7,30,4,10,61,11,8,1.6,5,0,71,5,84.63,89.2,0.14,1009,1.6,246,1.2000000000000002,0.0000,0.0000
2022,12,17,8,30,5.7,58,482,149,7,2,49,3,82,50,77.16,79.16,0.14,1009,1.6,237,1.3,2.3838,1.8185
2022,12,17,9,30,7.5,84,672,312,8,2.5,161,158,18,215,70.5,70.14,0.14,1009,1.6,227,1.3,10.9928,8.5113
2022,12,17,10,30,9.600000000000001,97,761,442,7,3.2,210,147,68,277,64.2,63.02,0.14,1008,1.7000000000000002,230,1.6,14.9833,11.6802
2022,12,17,11,30,11,107,794,521,7,2.9000000000000004,193,43,75,215,57.27,58.54,0.14,1008,1.8,238,2,11.9517,9.3419
2022,12,17,12,30,11.5,110,795,539,7,2.7,148,9,100,153,54.92,57.35,0.14,1007,1.9000000000000001,241,2.3000000000000003,8.5592,6.6940
2022,12,17,13,30,11.5,106,774,497,7,3.2,85,2,100,86,56.77,59.64,0.14,1006,2,242,2.5,4.7512,3.7116
2022,12,17,14,30,11.200000000000001,98,712,398,7,3.8000000000000003,133,16,11,140,60.27,65.04,0.14,1006,2,244,2.5,7.4652,5.8105
2022,12,17,15,30,10.5,81,589,255,7,4.4,69,3,0,70,66,72.85000000000001,0.14,1006,2,246,2.3000000000000003,3.4908,2.6924
2022,12,17,16,30,9.600000000000001,47,351,94,7,4.9,19,0,71,19,72.53,82.33,0.14,1006,1.9000000000000001,250,2,0.0000,0.0000
2022,12,17,17,30,8.8,0,0,0,7,5.2,0,0,14,0,77.87,93.16,0.14,1007,1.6,254,1.8,0.0000,0.0000
2022,12,17,18,30,8.1,0,0,0,6,5.2,0,0,0,0,82.11,104.66,0.14,1007,1.3,256,1.6,0.0000,0.0000
2022,12,17,19,30,7,0,0,0,0,5.2,0,0,0,0,88.09,116.67,0.14,1008,1,257,1.4000000000000001,0.0000,0.0000
2022,12,17,20,30,5.6000000000000005,0,0,0,0,5,0,0,0,0,96.01,128.98,0.14,1008,0.8,257,1.2000000000000002,0.0000,0.0000
2022,12,17,21,30,4.5,0,0,0,0,4.5,0,0,0,0,100,141.41,0.14,1009,0.6000000000000001,260,1.2000000000000002,0.0000,0.0000
2022,12,17,22,30,3.7,0,0,0,0,3.7,0,0,0,0,100,153.64000000000001,0.14,1009,0.6000000000000001,265,1.2000000000000002,0.0000,0.0000
2022,12,17,23,30,3,0,0,0,0,3,0,0,0,0,100,164.68,0.14,1009,0.6000000000000001,269,1.2000000000000002,0.0000,0.0000
2022,12,18,0,30,2.3000000000000003,0,0,0,0,2.3000000000000003,0,0,0,0,100,169.23,0.14,1009,0.6000000000000001,272,1.2000000000000002,0.0000,0.0000
2022,12,18,1,30,1.7000000000000002,0,0,0,0,1.7000000000000002,0,0,0,0,100,161.53,0.14,1010,0.6000000000000001,275,1.1,0.0000,0.0000
2022,12,18,2,30,1.2000000000000002,0,0,0,0,1.2000000000000002,0,0,0,0,99.89,149.9,0.14,1010,0.6000000000000001,279,1.1,0.0000,0.0000
2022,12,18,3,30,0.7000000000000001,0,0,0,0,0.7000000000000001,0,0,0,0,100,137.55,0.14,1010,0.6000000000000001,281,1.1,0.0000,0.0000
2022,12,18,4,30,0.2,0,0,0,0,0.2,0,0,0,0,100,125.14,0.14,1010,0.6000000000000001,282,1,0.0000,0.0000
2022,12,18,5,30,-0.1,0,0,0,0,-0.1,0,0,0,0,100,112.9,0.14,1010,0.5,284,1,0.0000,0.0000
2022,12,18,6,30,-0.4,0,0,0,0,-0.4,0,0,0,0,100,101.03,0.14,1011,0.5,288,1,0.0000,0.0000
2022,12,18,7,30,0.4,11,134,13,0,-0.6000000000000001,11,134,0,13,92.91,89.28,0.14,1012,0.5,291,1.2000000000000002,0.0000,0.0000
2022,12,18,8,30,2.9000000000000004,42,675,168,0,-0.4,42,675,0,168,79.01,79.26,0.14,1012,0.5,296,1.4000000000000001,8.0087,6.1086
2022,12,18,9,30,6,55,853,344,0,0,55,853,0,344,65.36,70.23,0.14,1012,0.4,309,1.5,17.5743,13.6055
2022,12,18,10,30,8.6,63,928,483,0,-0.9,63,928,0,483,51.32,63.1,0.14,1012,0.5,320,1.5,26.1120,20.3545
2022,12,18,11,30,9.9,66,961,567,0,-1.2000000000000002,66,961,0,567,46.08,58.6,0.14,1012,0.5,318,1.6,31.5087,24.6277
2022,12,18,12,30,10.600000000000001,67,970,590,0,-1.1,67,970,0,590,44.08,57.370000000000005,0.14,1012,0.5,317,1.7000000000000002,33.0025,25.8107
2022,12,18,13,30,10.9,64,955,547,0,-1.1,64,955,0,547,43.34,59.64,0.14,1012,0.5,319,1.8,30.2199,23.6075
2022,12,18,14,30,10.700000000000001,59,911,444,0,-1.2000000000000002,59,911,0,444,43.730000000000004,65.01,0.14,1012,0.5,322,1.8,23.6806,18.4321
2022,12,18,15,30,9.5,51,816,292,0,-1,51,816,0,292,47.74,72.8,0.14,1013,0.5,325,1.5,14.5683,11.2373
2022,12,18,16,30,6.6000000000000005,34,602,115,0,1,34,602,0,115,67.45,82.27,0.14,1014,0.4,328,1.1,0.0000,0.0000
2022,12,18,17,30,4.3,0,0,0,0,0.1,0,0,0,0,74.08,93.08,0.14,1015,0.4,332,1.2000000000000002,0.0000,0.0000
2022,12,18,18,30,3.7,0,0,0,0,-0.7000000000000001,0,0,0,0,73.05,104.57000000000001,0.14,1015,0.4,336,1.3,0.0000,0.0000
2022,12,18,19,30,3.1,0,0,0,0,-1.1,0,0,0,0,73.91,116.58,0.14,1016,0.4,341,1.3,0.0000,0.0000
2022,12,18,20,30,2.3000000000000003,0,0,0,0,-1.4000000000000001,0,0,0,0,76.34,128.89000000000001,0.14,1017,0.4,349,1.2000000000000002,0.0000,0.0000
2022,12,18,21,30,1.3,0,0,0,0,-1.6,0,0,0,0,80.85000000000001,141.32,0.14,1017,0.4,179,1.1,0.0000,0.0000
2022,12,18,22,30,0.5,0,0,0,0,-1.7000000000000002,0,0,0,0,85.02,153.55,0.14,1018,0.4,9,1.1,0.0000,0.0000
2022,12,18,23,30,-0.2,0,0,0,0,-2,0,0,0,0,87.91,164.62,0.14,1018,0.4,16,1.1,0.0000,0.0000
2022,12,19,0,30,-0.9,0,0,0,0,-2.1,0,0,0,0,91.24,169.28,0.14,1019,0.4,19,1.1,0.0000,0.0000
2022,12,19,1,30,-1.5,0,0,0,0,-2.3000000000000003,0,0,0,0,94.5,161.63,0.14,1019,0.5,22,1.1,0.0000,0.0000
2022,12,19,2,30,-2,0,0,0,0,-2.3000000000000003,0,0,0,0,97.68,150.01,0.14,1019,0.5,26,1,0.0000,0.0000
2022,12,19,3,30,-2.6,0,0,0,0,-2.6,0,0,0,0,100,137.67000000000002,0.14,1020,0.5,33,1,0.0000,0.0000
2022,12,19,4,30,-3,0,0,0,0,-3,0,0,0,0,100,125.25,0.14,1020,0.5,39,1.1,0.0000,0.0000
2022,12,19,5,30,-3,0,0,0,0,-3,0,0,0,0,100,113.01,0.14,1021,0.6000000000000001,42,1.2000000000000002,0.0000,0.0000
2022,12,19,6,30,-2.4000000000000004,0,0,0,0,-2.7,0,0,0,0,97.57000000000001,101.14,0.14,1022,0.6000000000000001,45,1.1,0.0000,0.0000
2022,12,19,7,30,-1.3,11,122,12,0,-2.8000000000000003,11,122,0,12,89.75,89.36,0.14,1022,0.6000000000000001,52,1.1,0.0000,0.0000
2022,12,19,8,30,0.6000000000000001,43,649,163,0,-2.6,47,616,0,161,79.13,79.36,0.14,1023,0.6000000000000001,62,1.2000000000000002,7.6743,5.8527
2022,12,19,9,30,3.2,59,826,337,0,-2.5,79,709,0,318,66.29,70.32000000000001,0.14,1023,0.6000000000000001,74,1.5,16.2328,12.5655
2022,12,19,10,30,5.6000000000000005,66,907,476,0,-3.4000000000000004,130,641,0,419,52.27,63.160000000000004,0.14,1023,0.6000000000000001,82,1.6,22.6428,17.6494
2022,12,19,11,30,7.4,69,946,561,0,-3.1,124,748,0,513,47.13,58.64,0.14,1023,0.6000000000000001,82,1.3,28.5016,22.2769
2022,12,19,12,30,8.8,71,952,584,0,-2.5,134,734,0,530,45.02,57.39,0.14,1021,0.6000000000000001,80,1.1,29.6433,23.1832
2022,12,19,13,30,9.5,70,927,539,0,-2,128,715,0,490,44.550000000000004,59.620000000000005,0.14,1020,0.7000000000000001,82,1.1,27.0740,21.1502
2022,12,19,14,30,9.700000000000001,65,879,437,0,-1.6,93,758,0,414,45.19,64.98,0.14,1019,0.7000000000000001,85,1,22.0854,17.1909
2022,12,19,15,30,9.1,58,760,283,7,-1.2000000000000002,134,219,0,199,48.49,72.74,0.14,1020,0.8,186,0.6000000000000001,9.9340,7.6633
2022,12,19,16,30,8,39,505,108,7,0.9,54,7,71,55,60.96,82.2,0.14,1021,0.8,161,0.30000000000000004,0.0000,0.0000
2022,12,19,17,30,6.9,0,0,0,7,-0.6000000000000001,0,0,14,0,59.04,93,0.14,1021,0.9,55,0.6000000000000001,0.0000,0.0000
2022,12,19,18,30,6.2,0,0,0,7,-0.1,0,0,0,0,64.06,104.49000000000001,0.14,1021,1,75,1,0.0000,0.0000
2022,12,19,19,30,5.5,0,0,0,7,0,0,0,0,0,67.85,116.49000000000001,0.14,1021,1,76,1,0.0000,0.0000
2022,12,19,20,30,5.1000000000000005,0,0,0,7,0.1,0,0,0,0,70.34,128.8,0.14,1021,1,80,1,0.0000,0.0000
2022,12,19,21,30,4.6000000000000005,0,0,0,7,0.1,0,0,0,0,72.61,141.22,0.14,1021,1,86,1,0.0000,0.0000
2022,12,19,22,30,4.1000000000000005,0,0,0,7,0.1,0,0,0,0,75.2,153.46,0.14,1021,1,89,1,0.0000,0.0000
2022,12,19,23,30,3.8000000000000003,0,0,0,7,-0.1,0,0,0,0,75.76,164.56,0.14,1021,1.1,88,1,0.0000,0.0000
2022,12,20,0,30,3.6,0,0,0,6,-0.30000000000000004,0,0,0,0,75.73,169.31,0.14,1021,1.1,86,1.1,0.0000,0.0000
2022,12,20,1,30,3.5,0,0,0,6,-0.4,0,0,0,0,75.55,161.73,0.14,1021,1.2000000000000002,84,1.2000000000000002,0.0000,0.0000
2022,12,20,2,30,3.5,0,0,0,6,-0.5,0,0,0,0,75.16,150.11,0.14,1021,1.3,82,1.2000000000000002,0.0000,0.0000
2022,12,20,3,30,3.5,0,0,0,7,-0.5,0,0,0,0,75.23,137.78,0.14,1021,1.4000000000000001,77,1.1,0.0000,0.0000
2022,12,20,4,30,3.4000000000000004,0,0,0,7,-0.30000000000000004,0,0,0,0,76.87,125.36,0.14,1021,1.5,70,1.1,0.0000,0.0000
2022,12,20,5,30,3.3000000000000003,0,0,0,7,0,0,0,0,0,78.79,113.12,0.14,1021,1.5,64,1.1,0.0000,0.0000
2022,12,20,6,30,3.4000000000000004,0,0,0,7,0.2,0,0,0,0,79.83,101.24000000000001,0.14,1022,1.6,59,1.2000000000000002,0.0000,0.0000
2022,12,20,7,30,3.7,9,60,10,7,0.6000000000000001,4,0,57,4,80.18,89.46000000000001,0.14,1022,1.7000000000000002,55,1.3,0.0000,0.0000
2022,12,20,8,30,4.5,54,492,144,7,0.9,21,0,0,21,77.22,79.45,0.14,1023,1.8,51,1.4000000000000001,1.0009,0.7633
2022,12,20,9,30,5.2,77,682,306,7,1.2000000000000002,58,2,0,59,75.38,70.4,0.14,1023,1.9000000000000001,50,1.4000000000000001,3.0096,2.3294
2022,12,20,10,30,6,90,771,437,8,1.6,135,6,29,138,73.49,63.22,0.14,1023,1.9000000000000001,52,1.5,7.4545,5.8103
2022,12,20,11,30,6.4,96,812,518,7,1.9000000000000001,45,0,0,45,73.06,58.68,0.14,1022,2,56,1.6,2.4996,1.9536
2022,12,20,12,30,6.4,98,819,539,7,1.9000000000000001,27,0,4,27,72.74,57.4,0.14,1022,2.1,60,1.6,1.5101,1.1810
2022,12,20,13,30,6.1000000000000005,97,797,500,7,2.1,74,1,0,75,75.46000000000001,59.6,0.14,1022,2.1,60,1.7000000000000002,4.1445,3.2377
2022,12,20,14,30,5.800000000000001,90,736,402,7,2.4000000000000004,43,0,0,43,79.06,64.93,0.14,1021,2.2,58,1.6,2.2947,1.7863
2022,12,20,15,30,5.4,75,614,258,7,2.9000000000000004,29,0,0,29,84.01,72.68,0.14,1022,2.2,54,1.5,1.4485,1.1175
2022,12,20,16,30,4.800000000000001,47,357,96,7,3.1,14,0,57,14,88.98,82.12,0.14,1022,2.2,50,1.5,0.0000,0.0000
2022,12,20,17,30,4.2,0,0,0,7,3,0,0,14,0,92.07000000000001,92.92,0.14,1022,2.2,49,1.5,0.0000,0.0000
2022,12,20,18,30,3.8000000000000003,0,0,0,7,2.8000000000000003,0,0,0,0,93.19,104.39,0.14,1022,2.2,52,1.7000000000000002,0.0000,0.0000
2022,12,20,19,30,3.5,0,0,0,6,2.6,0,0,0,0,93.56,116.39,0.15,1022,2.2,58,1.7000000000000002,0.0000,0.0000
2022,12,20,20,30,3.2,0,0,0,7,2.3000000000000003,0,0,0,0,93.76,128.7,0.15,1022,2.1,60,1.7000000000000002,0.0000,0.0000
2022,12,20,21,30,3,0,0,0,6,2.2,0,0,0,0,94.34,141.12,0.15,1022,2.1,56,1.6,0.0000,0.0000
2022,12,20,22,30,2.7,0,0,0,6,2,0,0,0,0,95.3,153.37,0.15,1022,2.1,54,1.7000000000000002,0.0000,0.0000
2022,12,20,23,30,2.5,0,0,0,7,1.7000000000000002,0,0,0,0,94.34,164.49,0.15,1021,2.1,52,1.8,0.0000,0.0000
2022,12,21,0,30,2.2,0,0,0,7,1.6,0,0,0,0,95.56,169.34,0.15,1021,2,48,1.7000000000000002,0.0000,0.0000
2022,12,21,1,30,2,0,0,0,8,1.4000000000000001,0,0,0,0,96.01,161.83,0.15,1021,1.9000000000000001,46,1.7000000000000002,0.0000,0.0000
2022,12,21,2,30,1.7000000000000002,0,0,0,4,1.2000000000000002,0,0,0,0,96.15,150.22,0.15,1020,1.8,45,1.7000000000000002,0.0000,0.0000
2022,12,21,3,30,1.3,0,0,0,4,0.9,0,0,0,0,97.16,137.88,0.15,1020,1.8,42,1.6,0.0000,0.0000
2022,12,21,4,30,0.9,0,0,0,4,0.5,0,0,0,0,97.28,125.47,0.15,1020,1.7000000000000002,40,1.5,0.0000,0.0000
2022,12,21,5,30,0.7000000000000001,0,0,0,4,0.2,0,0,0,0,96.56,113.22,0.15,1020,1.7000000000000002,37,1.5,0.0000,0.0000
2022,12,21,6,30,0.6000000000000001,0,0,0,4,0,0,0,0,0,95.47,101.34,0.15,1020,1.7000000000000002,38,1.6,0.0000,0.0000
2022,12,21,7,30,1.2000000000000002,9,75,10,4,-0.30000000000000004,6,22,46,6,89.65,89.53,0.15,1021,1.7000000000000002,44,1.9000000000000001,0.0000,0.0000
2022,12,21,8,30,2.4000000000000004,48,541,146,0,0,41,278,0,91,84.11,79.54,0.15,1021,1.7000000000000002,50,2.3000000000000003,4.3373,3.3070
2022,12,21,9,30,3.8000000000000003,66,735,312,4,0.30000000000000004,125,173,0,183,78.10000000000001,70.47,0.15,1021,1.7000000000000002,54,2.5,9.3289,7.2199
2022,12,21,10,30,5,77,817,444,0,0,130,536,0,371,70.07000000000001,63.28,0.15,1021,1.8,56,2.5,20.0324,15.6134
2022,12,21,11,30,5.800000000000001,83,854,527,4,0.1,207,11,0,213,66.96000000000001,58.71,0.15,1021,1.9000000000000001,54,2.4000000000000004,11.8294,9.2456
2022,12,21,12,30,6.300000000000001,86,859,549,0,0.7000000000000001,132,553,0,430,67.2,57.4,0.15,1020,1.9000000000000001,53,2.3000000000000003,24.0490,18.8080
2022,12,21,13,30,6.5,85,838,509,4,1.2000000000000002,117,330,0,284,68.8,59.58,0.15,1019,1.9000000000000001,52,2.3000000000000003,15.6955,12.2615
2022,12,21,14,30,6.5,78,787,412,4,1.6,93,30,0,106,70.94,64.88,0.15,1018,2,51,2.3000000000000003,5.6589,4.4052
2022,12,21,15,30,6,65,679,268,7,1.9000000000000001,89,139,0,131,75,72.61,0.15,1018,2,49,2.1,6.5474,5.0518
2022,12,21,16,30,5.2,42,432,102,7,2.3000000000000003,20,0,71,20,81.38,82.04,0.15,1017,2,46,1.9000000000000001,0.0000,0.0000
2022,12,21,17,30,4.5,0,0,0,7,2.5,0,0,14,0,86.60000000000001,92.83,0.15,1017,2.1,44,1.8,0.0000,0.0000
2022,12,21,18,30,4.1000000000000005,0,0,0,7,2.5,0,0,0,0,89.09,104.3,0.15,1017,2.2,44,2,0.0000,0.0000
2022,12,21,19,30,3.8000000000000003,0,0,0,7,2.4000000000000004,0,0,0,0,90.54,116.29,0.15,1017,2.2,47,2.3000000000000003,0.0000,0.0000
2022,12,21,20,30,3.6,0,0,0,0,2.2,0,0,0,0,90.63,128.6,0.15,1017,2.2,49,2.4000000000000004,0.0000,0.0000
2022,12,21,21,30,3.4000000000000004,0,0,0,7,2.2,0,0,0,0,91.99,141.02,0.15,1017,2.2,49,2.2,0.0000,0.0000
2022,12,21,22,30,3.4000000000000004,0,0,0,4,2.3000000000000003,0,0,0,0,92.65,153.27,0.15,1017,2.2,50,2.1,0.0000,0.0000
2022,12,21,23,30,3.4000000000000004,0,0,0,7,2.5,0,0,0,0,93.99,164.41,0.15,1016,2.3000000000000003,43,1.9000000000000001,0.0000,0.0000
2022,12,22,0,30,3.4000000000000004,0,0,0,7,2.7,0,0,0,0,95.2,169.36,0.15,1015,2.4000000000000004,32,1.7000000000000002,0.0000,0.0000
2022,12,22,1,30,3.4000000000000004,0,0,0,7,2.8000000000000003,0,0,0,0,95.87,161.92000000000002,0.15,1014,2.5,25,1.7000000000000002,0.0000,0.0000
2022,12,22,2,30,3.4000000000000004,0,0,0,8,2.8000000000000003,0,0,0,0,96.12,150.32,0.15,1013,2.6,16,1.7000000000000002,0.0000,0.0000
2022,12,22,3,30,3.4000000000000004,0,0,0,7,2.8000000000000003,0,0,0,0,96.10000000000001,137.99,0.15,1012,2.7,7,1.7000000000000002,0.0000,0.0000
2022,12,22,4,30,3.4000000000000004,0,0,0,7,2.9000000000000004,0,0,0,0,96.32000000000001,125.57000000000001,0.15,1011,2.7,179,1.7000000000000002,0.0000,0.0000
2022,12,22,5,30,3.6,0,0,0,7,3,0,0,0,0,95.77,113.32000000000001,0.15,1010,2.6,355,1.6,0.0000,0.0000
2022,12,22,6,30,3.9000000000000004,0,0,0,6,3.3000000000000003,0,0,0,0,95.54,101.44,0.15,1010,2.5,354,1.6,0.0000,0.0000
2022,12,22,7,30,4.2,8,39,8,9,3.5,1,0,57,1,95.43,89.62,0.15,1009,2.5,348,1.6,0.0000,0.0000
2022,12,22,8,30,4.6000000000000005,57,441,136,7,3.8000000000000003,31,1,0,31,94.86,79.62,0.15,1009,2.5,338,1.7000000000000002,1.4776,1.1265
2022,12,22,9,30,5.1000000000000005,81,648,297,7,4.3,122,25,0,130,94.64,70.54,0.15,1008,2.4000000000000004,328,1.7000000000000002,6.6229,5.1251
2022,12,22,10,30,5.800000000000001,95,742,428,7,4.800000000000001,174,37,0,191,93.31,63.33,0.15,1007,2.3000000000000003,316,1.7000000000000002,10.3097,8.0351
2022,12,22,11,30,6.6000000000000005,100,797,514,7,5.300000000000001,175,37,39,194,91.64,58.730000000000004,0.15,1006,2.2,306,1.7000000000000002,10.7730,8.4198
2022,12,22,12,30,7.4,100,820,542,7,6,162,12,0,168,91.07000000000001,57.4,0.15,1005,1.9000000000000001,296,1.8,9.3959,7.3482
2022,12,22,13,30,7.800000000000001,99,800,505,7,6.4,132,12,0,138,91.11,59.54,0.15,1004,1.8,285,1.8,7.6284,5.9596
2022,12,22,14,30,7.7,93,744,410,0,6.5,93,370,7,250,92.25,64.82000000000001,0.15,1004,1.6,277,1.8,13.3523,10.3946
2022,12,22,15,30,7.5,78,633,268,0,6.5,70,416,0,195,93.38,72.54,0.15,1004,1.5,270,1.6,9.7525,7.5256
2022,12,22,16,30,6.800000000000001,48,392,103,0,6.5,48,392,0,103,97.95,81.96000000000001,0.15,1004,1.3,257,1.1,0.0000,0.0000
2022,12,22,17,30,5.9,0,0,0,0,5.9,0,0,4,0,100,92.73,0.15,1004,1.2000000000000002,241,0.8,0.0000,0.0000
2022,12,22,18,30,5.6000000000000005,0,0,0,3,5.6000000000000005,0,0,0,0,100,104.2,0.15,1004,1.4000000000000001,229,1,0.0000,0.0000
2022,12,22,19,30,5.800000000000001,0,0,0,3,5.6000000000000005,0,0,0,0,98.93,116.19,0.15,1004,1.5,224,1.1,0.0000,0.0000
2022,12,22,20,30,5.800000000000001,0,0,0,3,5.7,0,0,0,0,99.09,128.49,0.15,1004,1.6,224,1.3,0.0000,0.0000
2022,12,22,21,30,5.800000000000001,0,0,0,3,5.6000000000000005,0,0,0,0,98.73,140.92000000000002,0.15,1003,1.8,225,1.4000000000000001,0.0000,0.0000
2022,12,22,22,30,5.800000000000001,0,0,0,4,5.6000000000000005,0,0,0,0,98.37,153.17000000000002,0.15,1002,2,219,1.4000000000000001,0.0000,0.0000
2022,12,22,23,30,5.9,0,0,0,4,5.6000000000000005,0,0,0,0,97.79,164.32,0.15,1001,2,210,1.5,0.0000,0.0000
2022,12,23,0,30,6,0,0,0,4,5.7,0,0,0,0,97.65,169.37,0.15,999,1.9000000000000001,204,1.8,0.0000,0.0000
2022,12,23,1,30,6.6000000000000005,0,0,0,4,5.800000000000001,0,0,0,0,94.55,162,0.15,998,1.9000000000000001,209,2.7,0.0000,0.0000
2022,12,23,2,30,7.9,0,0,0,4,6.9,0,0,0,0,93.09,150.42000000000002,0.15,998,1.9000000000000001,221,3.4000000000000004,0.0000,0.0000
2022,12,23,3,30,9.200000000000001,0,0,0,0,8.200000000000001,0,0,0,0,93.63,138.09,0.15,997,1.7000000000000002,233,3.8000000000000003,0.0000,0.0000
2022,12,23,4,30,9.600000000000001,0,0,0,0,9.3,0,0,0,0,98.32000000000001,125.67,0.15,997,1.4000000000000001,253,4.3,0.0000,0.0000
2022,12,23,5,30,7.300000000000001,0,0,0,4,7.300000000000001,0,0,0,0,100,113.42,0.15,999,0.9,271,4.9,0.0000,0.0000
2022,12,23,6,30,3,0,0,0,0,2,0,0,0,0,93.35000000000001,101.53,0.15,1002,0.5,278,4.9,0.0000,0.0000
2022,12,23,7,30,-0.1,10,113,11,0,-4.800000000000001,10,113,0,11,70.76,89.69,0.15,1004,0.4,279,4.6000000000000005,0.0000,0.0000
2022,12,23,8,30,-1.2000000000000002,43,675,164,0,-9.1,43,675,0,164,55.17,79.69,0.15,1006,0.30000000000000004,281,4.7,7.8170,5.9591
2022,12,23,9,30,-1.3,53,876,344,0,-11.9,53,876,0,344,44.5,70.60000000000001,0.15,1007,0.30000000000000004,283,4.7,17.5156,13.5535
2022,12,23,10,30,-0.9,55,961,486,0,-13.600000000000001,55,961,0,486,37.43,63.370000000000005,0.15,1008,0.30000000000000004,284,4.7,26.2258,20.4392
2022,12,23,11,30,-0.4,57,997,574,0,-14.9,57,997,0,574,32.65,58.75,0.15,1008,0.30000000000000004,284,4.6000000000000005,31.8714,24.9093
2022,12,23,12,30,-0.1,59,1004,600,0,-15.5,59,1004,0,600,30.35,57.38,0.15,1008,0.30000000000000004,285,4.5,33.5602,26.2467
2022,12,23,13,30,0.1,58,989,560,0,-15.600000000000001,58,989,0,560,29.580000000000002,59.5,0.15,1008,0.30000000000000004,284,4.3,30.9631,24.1899
2022,12,23,14,30,0,55,947,459,0,-15.5,55,947,0,459,30.02,64.76,0.15,1008,0.30000000000000004,282,4.1000000000000005,24.5257,19.0938
2022,12,23,15,30,-0.6000000000000001,47,847,302,0,-15.4,47,847,0,302,31.66,72.46000000000001,0.15,1008,0.4,281,3.7,15.1151,11.6651
2022,12,23,16,30,-1.9000000000000001,33,643,124,0,-15.4,33,643,0,124,34.96,81.86,0.15,1009,0.4,280,3.1,0.0000,0.0000
2022,12,23,17,30,-3.2,0,0,0,0,-15,0,0,0,0,39.7,92.63,0.15,1010,0.30000000000000004,279,2.6,0.0000,0.0000
2022,12,23,18,30,-4.1000000000000005,0,0,0,0,-14.700000000000001,0,0,0,0,43.46,104.09,0.15,1011,0.30000000000000004,279,2.5,0.0000,0.0000
2022,12,23,19,30,-4.800000000000001,0,0,0,0,-14.9,0,0,0,0,45.07,116.08,0.15,1012,0.30000000000000004,280,2.6,0.0000,0.0000
2022,12,23,20,30,-5.4,0,0,0,0,-15.3,0,0,0,0,45.730000000000004,128.38,0.15,1012,0.30000000000000004,281,2.6,0.0000,0.0000
2022,12,23,21,30,-6,0,0,0,0,-15.600000000000001,0,0,0,0,46.49,140.81,0.15,1013,0.30000000000000004,282,2.7,0.0000,0.0000
2022,12,23,22,30,-6.6000000000000005,0,0,0,0,-16,0,0,0,0,47.4,153.06,0.15,1013,0.30000000000000004,283,2.8000000000000003,0.0000,0.0000
2022,12,23,23,30,-7.1000000000000005,0,0,0,0,-16.3,0,0,0,0,47.94,164.23,0.15,1014,0.30000000000000004,283,2.9000000000000004,0.0000,0.0000
2022,12,24,0,30,-7.5,0,0,0,0,-16.7,0,0,0,0,47.92,169.37,0.15,1014,0.30000000000000004,284,2.9000000000000004,0.0000,0.0000
2022,12,24,1,30,-7.9,0,0,0,0,-17,0,0,0,0,47.83,162.08,0.15,1014,0.2,285,3,0.0000,0.0000
2022,12,24,2,30,-8.1,0,0,0,0,-17.400000000000002,0,0,0,0,47.17,150.51,0.15,1014,0.2,285,3,0.0000,0.0000
2022,12,24,3,30,-8.3,0,0,0,0,-17.7,0,0,0,0,46.86,138.18,0.15,1014,0.2,285,3,0.0000,0.0000
2022,12,24,4,30,-8.700000000000001,0,0,0,0,-17.900000000000002,0,0,0,0,47.410000000000004,125.77,0.15,1015,0.2,284,2.9000000000000004,0.0000,0.0000
2022,12,24,5,30,-9,0,0,0,0,-18,0,0,0,0,47.92,113.51,0.15,1015,0.2,284,2.9000000000000004,0.0000,0.0000
2022,12,24,6,30,-9.1,0,0,0,0,-18,0,0,0,0,48.28,101.62,0.15,1016,0.2,284,2.9000000000000004,0.0000,0.0000
2022,12,24,7,30,-8.9,10,149,11,0,-18,10,149,0,11,47.72,89.73,0.15,1016,0.2,284,2.9000000000000004,0.0000,0.0000
2022,12,24,8,30,-7.9,38,724,167,0,-17.900000000000002,38,724,0,167,44.69,79.76,0.15,1017,0.2,284,2.9000000000000004,7.9604,6.0679
2022,12,24,9,30,-6.4,52,893,348,0,-17.6,52,893,0,348,40.84,70.65,0.15,1017,0.2,283,2.9000000000000004,17.7112,13.7039
2022,12,24,10,30,-4.7,60,968,493,0,-17,60,968,0,493,37.58,63.4,0.15,1017,0.2,283,2.7,26.5980,20.7289
2022,12,24,11,30,-3.1,64,987,576,0,-16.3,64,987,0,576,35.4,58.76,0.15,1016,0.30000000000000004,281,2.6,31.9806,24.9946
2022,12,24,12,30,-1.9000000000000001,69,988,602,0,-15.5,69,988,0,602,34.730000000000004,57.36,0.15,1015,0.30000000000000004,277,2.6,33.6755,26.3371
2022,12,24,13,30,-1.2000000000000002,71,966,562,0,-14.600000000000001,71,966,0,562,35.36,59.45,0.15,1015,0.30000000000000004,273,2.6,31.0825,24.2838
2022,12,24,14,30,-1.1,65,911,455,0,-13.9,65,911,0,455,37.27,64.68,0.15,1014,0.4,270,2.6,24.3262,18.9397
2022,12,24,15,30,-1.5,55,818,303,0,-13.3,63,771,0,297,40.29,72.37,0.15,1015,0.4,270,2.4000000000000004,14.8773,11.4832
2022,12,24,16,30,-2.6,38,588,122,0,-12.600000000000001,50,401,21,107,46.21,81.76,0.15,1015,0.5,267,1.9000000000000001,0.0000,0.0000
2022,12,24,17,30,-3.5,0,0,0,7,-11.100000000000001,0,0,14,0,55.78,92.53,0.15,1015,0.5,260,1.5,0.0000,0.0000
2022,12,24,18,30,-3.8000000000000003,0,0,0,0,-10.4,0,0,0,0,60.39,103.99000000000001,0.15,1015,0.5,254,1.5,0.0000,0.0000
2022,12,24,19,30,-3.9000000000000004,0,0,0,0,-10,0,0,0,0,62.660000000000004,115.97,0.15,1015,0.6000000000000001,253,1.5,0.0000,0.0000
2022,12,24,20,30,-4.1000000000000005,0,0,0,0,-9.700000000000001,0,0,0,0,65.06,128.27,0.15,1015,0.6000000000000001,255,1.6,0.0000,0.0000
2022,12,24,21,30,-4.2,0,0,0,0,-9.5,0,0,0,0,66.79,140.69,0.15,1015,0.6000000000000001,261,1.7000000000000002,0.0000,0.0000
2022,12,24,22,30,-4.3,0,0,0,0,-9.200000000000001,0,0,0,0,68.45,152.95000000000002,0.15,1015,0.6000000000000001,268,1.7000000000000002,0.0000,0.0000
2022,12,24,23,30,-4.4,0,0,0,0,-9.1,0,0,0,0,69.76,164.13,0.15,1015,0.6000000000000001,274,1.7000000000000002,0.0000,0.0000
2022,12,25,0,30,-4.5,0,0,0,0,-9,0,0,0,0,70.59,169.36,0.15,1014,0.6000000000000001,277,1.6,0.0000,0.0000
2022,12,25,1,30,-4.6000000000000005,0,0,0,0,-9,0,0,0,0,71.54,162.15,0.15,1014,0.6000000000000001,277,1.5,0.0000,0.0000
2022,12,25,2,30,-4.800000000000001,0,0,0,0,-8.9,0,0,0,0,72.92,150.6,0.15,1014,0.6000000000000001,278,1.4000000000000001,0.0000,0.0000
2022,12,25,3,30,-5,0,0,0,0,-8.9,0,0,0,0,73.94,138.28,0.15,1015,0.5,278,1.4000000000000001,0.0000,0.0000
2022,12,25,4,30,-5.300000000000001,0,0,0,0,-9,0,0,0,0,75.33,125.86,0.15,1015,0.5,277,1.2000000000000002,0.0000,0.0000
2022,12,25,5,30,-5.800000000000001,0,0,0,0,-9,0,0,0,0,77.82000000000001,113.60000000000001,0.15,1015,0.4,276,1.1,0.0000,0.0000
2022,12,25,6,30,-6.2,0,0,0,0,-9.200000000000001,0,0,0,0,79.60000000000001,101.7,0.15,1016,0.4,276,1,0.0000,0.0000
2022,12,25,7,30,-5.800000000000001,8,100,8,0,-9.3,8,100,0,8,76.31,89.8,0.15,1016,0.4,278,1.1,0.0000,0.0000
2022,12,25,8,30,-3.9000000000000004,37,696,160,0,-9.600000000000001,37,696,0,160,64.83,79.82000000000001,0.15,1016,0.4,288,1.4000000000000001,7.6272,5.8135
2022,12,25,9,30,-1.4000000000000001,49,861,334,0,-10.5,49,861,0,334,50,70.7,0.15,1017,0.5,297,1.2000000000000002,16.9909,13.1458
2022,12,25,10,30,0.7000000000000001,56,936,475,0,-11.100000000000001,56,936,0,475,41.050000000000004,63.43,0.15,1017,0.5,293,1,25.6216,19.9675
2022,12,25,11,30,2.4000000000000004,60,972,564,0,-11.5,60,972,0,564,35.14,58.76,0.15,1016,0.5,276,0.9,31.3144,24.4738
2022,12,25,12,30,3.4000000000000004,62,979,590,0,-11.8,62,979,0,590,31.89,57.33,0.15,1015,0.5,265,1.1,33.0094,25.8165
2022,12,25,13,30,3.9000000000000004,61,965,552,0,-11.600000000000001,61,965,0,552,31.34,59.39,0.15,1014,0.5,264,1.4000000000000001,30.5399,23.8607
2022,12,25,14,30,3.7,56,933,456,0,-11.200000000000001,56,933,0,456,32.84,64.61,0.15,1014,0.4,267,1.5,24.3921,18.9921
2022,12,25,15,30,2.3000000000000003,48,845,305,0,-10.3,48,845,0,305,38.82,72.28,0.15,1014,0.4,273,1.2000000000000002,15.2909,11.8040
2022,12,25,16,30,-0.4,33,640,126,0,-6,33,640,0,126,65.84,81.66,0.15,1015,0.4,274,1,0.0000,0.0000
2022,12,25,17,30,-2.2,0,0,0,0,-7.7,0,0,0,0,66.04,92.42,0.15,1015,0.30000000000000004,270,1.1,0.0000,0.0000
2022,12,25,18,30,-2.5,0,0,0,0,-7.800000000000001,0,0,0,0,66.81,103.87,0.15,1015,0.30000000000000004,268,1.1,0.0000,0.0000
2022,12,25,19,30,-2.7,0,0,0,0,-7.7,0,0,0,0,68.48,115.85000000000001,0.15,1016,0.30000000000000004,265,1.1,0.0000,0.0000
2022,12,25,20,30,-2.8000000000000003,0,0,0,0,-7.6000000000000005,0,0,0,0,69.59,128.15,0.15,1016,0.30000000000000004,262,1.2000000000000002,0.0000,0.0000
2022,12,25,21,30,-2.9000000000000004,0,0,0,0,-7.5,0,0,0,0,70.44,140.58,0.15,1016,0.30000000000000004,263,1.2000000000000002,0.0000,0.0000
2022,12,25,22,30,-3.1,0,0,0,0,-7.6000000000000005,0,0,0,0,71.21000000000001,152.84,0.15,1016,0.30000000000000004,268,1.2000000000000002,0.0000,0.0000
2022,12,25,23,30,-3.5,0,0,0,0,-7.6000000000000005,0,0,0,0,73.52,164.03,0.15,1016,0.30000000000000004,275,1.1,0.0000,0.0000
2022,12,26,0,30,-4,0,0,0,0,-7.5,0,0,0,0,76.82000000000001,169.34,0.15,1016,0.30000000000000004,281,1.1,0.0000,0.0000
2022,12,26,1,30,-4.5,0,0,0,0,-7.4,0,0,0,0,80.46000000000001,162.22,0.15,1016,0.30000000000000004,286,1,0.0000,0.0000
2022,12,26,2,30,-5.300000000000001,0,0,0,0,-7.2,0,0,0,0,86.27,150.69,0.15,1017,0.30000000000000004,291,0.9,0.0000,0.0000
2022,12,26,3,30,-5.9,0,0,0,0,-7.2,0,0,0,0,90.62,138.37,0.15,1017,0.30000000000000004,299,0.8,0.0000,0.0000
2022,12,26,4,30,-6.300000000000001,0,0,0,0,-7.1000000000000005,0,0,0,0,93.76,125.95,0.15,1017,0.30000000000000004,305,0.6000000000000001,0.0000,0.0000
2022,12,26,5,30,-6.6000000000000005,0,0,0,0,-7.2,0,0,0,0,95.45,113.69,0.15,1017,0.30000000000000004,309,0.6000000000000001,0.0000,0.0000
2022,12,26,6,30,-6.800000000000001,0,0,0,0,-7.300000000000001,0,0,0,0,95.99000000000001,101.78,0.15,1018,0.30000000000000004,315,0.7000000000000001,0.0000,0.0000
2022,12,26,7,30,-6.1000000000000005,8,100,8,0,-7.5,8,100,0,8,89.95,89.86,0.15,1019,0.30000000000000004,322,0.7000000000000001,0.0000,0.0000
2022,12,26,8,30,-3.8000000000000003,38,700,161,0,-7.300000000000001,38,700,0,161,76.58,79.88,0.15,1019,0.30000000000000004,333,0.6000000000000001,7.6754,5.8499
2022,12,26,9,30,-0.9,51,863,336,0,-7.5,66,786,0,325,61.06,70.74,0.15,1019,0.4,228,0.4,16.5271,12.7862
2022,12,26,10,30,1.7000000000000002,58,941,479,0,-7.6000000000000005,81,844,0,458,50.07,63.45,0.15,1019,0.4,132,0.6000000000000001,24.7012,19.2499
2022,12,26,11,30,3.7,63,976,569,0,-7.9,63,976,0,569,42.51,58.75,0.15,1018,0.4,155,0.9,31.5937,24.6923
2022,12,26,12,30,4.9,64,985,596,0,-8.5,64,985,0,596,37.35,57.300000000000004,0.15,1017,0.4,173,0.9,33.3502,26.0834
2022,12,26,13,30,5.300000000000001,63,971,558,0,-8.3,63,971,0,558,36.79,59.33,0.15,1016,0.4,202,0.8,30.8824,24.1291
2022,12,26,14,30,5.2,57,932,458,0,-7.300000000000001,57,932,0,458,40.03,64.52,0.15,1017,0.4,228,0.7000000000000001,24.5151,19.0893
2022,12,26,15,30,4.3,49,833,304,0,-4.800000000000001,49,833,0,304,51.43,72.18,0.15,1017,0.5,245,0.6000000000000001,15.2549,11.7781
2022,12,26,16,30,2.9000000000000004,35,622,126,0,-5.1000000000000005,35,622,0,126,55.82,81.56,0.15,1017,0.5,271,0.7000000000000001,0.0000,0.0000
2022,12,26,17,30,1.9000000000000001,0,0,0,0,-7.9,0,0,0,0,48.370000000000005,92.31,0.15,1017,0.6000000000000001,300,0.9,0.0000,0.0000
2022,12,26,18,30,1.4000000000000001,0,0,0,0,-7.6000000000000005,0,0,0,0,51.050000000000004,103.76,0.15,1017,0.7000000000000001,322,1,0.0000,0.0000
2022,12,26,19,30,1,0,0,0,0,-7.300000000000001,0,0,0,0,53.75,115.74000000000001,0.15,1018,0.8,338,1.1,0.0000,0.0000
2022,12,26,20,30,0.8,0,0,0,0,-7.1000000000000005,0,0,0,0,55.53,128.04,0.15,1018,0.8,349,1,0.0000,0.0000
2022,12,26,21,30,0.8,0,0,0,0,-7,0,0,0,0,56.06,140.46,0.15,1018,0.9,178,0.9,0.0000,0.0000
2022,12,26,22,30,0.7000000000000001,0,0,0,0,-6.800000000000001,0,0,0,0,57.120000000000005,152.72,0.15,1018,1,179,0.8,0.0000,0.0000
2022,12,26,23,30,0.6000000000000001,0,0,0,0,-6.6000000000000005,0,0,0,0,58.54,163.93,0.15,1018,1,354,0.8,0.0000,0.0000
2022,12,27,0,30,0.30000000000000004,0,0,0,0,-6.4,0,0,0,0,60.89,169.32,0.15,1018,1.1,355,0.8,0.0000,0.0000
2022,12,27,1,30,-0.1,0,0,0,0,-6,0,0,0,0,64.34,162.28,0.15,1018,1.2000000000000002,180,0.9,0.0000,0.0000
2022,12,27,2,30,-0.7000000000000001,0,0,0,0,-5.7,0,0,0,0,68.96000000000001,150.77,0.15,1019,1.3,2,0.9,0.0000,0.0000
2022,12,27,3,30,-1.2000000000000002,0,0,0,0,-5.2,0,0,0,0,74.18,138.45000000000002,0.15,1019,1.4000000000000001,180,0.9,0.0000,0.0000
2022,12,27,4,30,-1.2000000000000002,0,0,0,4,-4.7,0,0,0,0,77.01,126.03,0.15,1019,1.4000000000000001,358,0.9,0.0000,0.0000
2022,12,27,5,30,-0.9,0,0,0,4,-4.4,0,0,0,0,76.92,113.77,0.15,1019,1.4000000000000001,179,0.9,0.0000,0.0000
2022,12,27,6,30,-0.7000000000000001,0,0,0,4,-4.3,0,0,0,0,76.46000000000001,101.86,0.15,1019,1.4000000000000001,5,0.9,0.0000,0.0000
2022,12,27,7,30,0.1,7,62,7,7,-4.3,2,0,57,2,72.47,89.92,0.15,1020,1.3,17,0.8,0.0000,0.0000
2022,12,27,8,30,1.9000000000000001,44,574,144,7,-3.3000000000000003,57,15,14,60,68.27,79.94,0.15,1020,1.3,31,0.7000000000000001,2.8607,2.1801
2022,12,27,9,30,4.3,60,773,314,7,-4.6000000000000005,124,417,0,261,52.550000000000004,70.78,0.15,1020,1.2000000000000002,53,0.5,13.2677,10.2640
2022,12,27,10,30,6.5,69,863,454,0,-4.6000000000000005,69,863,0,454,45.08,63.47,0.15,1020,1.1,103,0.30000000000000004,24.4821,19.0789
2022,12,27,11,30,7.800000000000001,73,904,542,0,-3.7,73,904,0,542,44.09,58.74,0.15,1019,1.1,174,0.30000000000000004,30.0962,23.5220
2022,12,27,12,30,8.6,73,917,569,0,-2.6,73,917,0,569,45.36,57.25,0.15,1019,1.1,225,0.4,31.8476,24.9088
2022,12,27,13,30,9,70,911,536,0,-1.6,146,679,0,493,47.42,59.26,0.15,1018,1,244,0.5,27.2958,21.3276
2022,12,27,14,30,8.8,64,872,440,0,-0.7000000000000001,64,872,0,440,51.410000000000004,64.43,0.15,1017,1,251,0.5,23.5669,18.3523
2022,12,27,15,30,7.6000000000000005,54,787,296,0,1.1,54,787,0,296,63.28,72.07000000000001,0.15,1017,0.9,260,0.6000000000000001,14.8687,11.4817
2022,12,27,16,30,6.1000000000000005,36,579,122,0,-0.2,36,579,0,122,64.12,81.45,0.15,1017,0.9,272,0.8,0.0000,0.0000
2022,12,27,17,30,5.5,0,0,0,0,-1.7000000000000002,0,0,0,0,59.94,92.19,0.15,1018,0.9,286,0.7000000000000001,0.0000,0.0000
2022,12,27,18,30,5.6000000000000005,0,0,0,0,-1.6,0,0,0,0,59.65,103.64,0.15,1018,0.9,292,0.4,0.0000,0.0000
2022,12,27,19,30,5.4,0,0,0,0,-1.6,0,0,0,0,60.49,115.62,0.15,1019,0.9,219,0.4,0.0000,0.0000
2022,12,27,20,30,4.5,0,0,0,0,-1.6,0,0,0,0,64.65,127.92,0.15,1019,0.8,151,0.7000000000000001,0.0000,0.0000
2022,12,27,21,30,3.1,0,0,0,0,-1.6,0,0,0,0,71.34,140.34,0.15,1018,0.8,156,1,0.0000,0.0000
2022,12,27,22,30,2,0,0,0,0,-1.6,0,0,0,0,77.04,152.6,0.15,1018,0.8,161,1.1,0.0000,0.0000
2022,12,27,23,30,1.2000000000000002,0,0,0,0,-1.6,0,0,0,0,81.3,163.81,0.15,1018,0.8,167,1.1,0.0000,0.0000
2022,12,28,0,30,0.6000000000000001,0,0,0,0,-1.7000000000000002,0,0,0,0,84.49,169.28,0.15,1018,0.8,176,1.1,0.0000,0.0000
2022,12,28,1,30,0.2,0,0,0,0,-1.8,0,0,0,0,86.31,162.34,0.15,1018,0.7000000000000001,186,1.1,0.0000,0.0000
2022,12,28,2,30,-0.2,0,0,0,0,-1.8,0,0,0,0,88.69,150.85,0.15,1018,0.7000000000000001,194,1.1,0.0000,0.0000
2022,12,28,3,30,-0.4,0,0,0,0,-1.8,0,0,0,0,90.37,138.53,0.15,1018,0.7000000000000001,201,1.1,0.0000,0.0000
2022,12,28,4,30,-0.2,0,0,0,0,-1.7000000000000002,0,0,0,0,89.59,126.11,0.15,1019,0.7000000000000001,210,1,0.0000,0.0000
2022,12,28,5,30,0.4,0,0,0,0,-1.6,0,0,0,0,86.18,113.85000000000001,0.15,1019,0.7000000000000001,216,0.8,0.0000,0.0000
2022,12,28,6,30,0.8,0,0,0,0,-1.6,0,0,0,0,84.17,101.93,0.15,1020,0.7000000000000001,210,0.6000000000000001,0.0000,0.0000
2022,12,28,7,30,1.4000000000000001,7,79,7,0,-1.5,7,79,0,7,80.83,89.98,0.15,1021,0.6000000000000001,173,0.4,0.0000,0.0000
2022,12,28,8,30,2.8000000000000003,41,633,151,0,-0.7000000000000001,41,633,0,151,77.64,79.98,0.15,1022,0.6000000000000001,135,0.4,7.1998,5.4868
2022,12,28,9,30,5.1000000000000005,55,826,327,0,-0.5,55,826,0,327,67.15,70.81,0.15,1022,0.6000000000000001,130,0.5,16.6181,12.8555
2022,12,28,10,30,8.4,60,918,470,0,0.6000000000000001,60,918,0,470,57.81,63.47,0.15,1022,0.6000000000000001,153,0.7000000000000001,25.3449,19.7512
2022,12,28,11,30,10.8,63,950,556,0,1.2000000000000002,63,950,0,556,51.45,58.72,0.15,1021,0.7000000000000001,177,0.9,30.8770,24.1325
2022,12,28,12,30,11.8,65,959,584,0,1.9000000000000001,65,959,0,584,50.63,57.2,0.15,1021,0.7000000000000001,187,1.1,32.6956,25.5726
2022,12,28,13,30,12.100000000000001,63,945,547,0,2.5,63,945,0,547,51.910000000000004,59.18,0.15,1020,0.7000000000000001,192,1.1,30.2993,23.6754
2022,12,28,14,30,11.700000000000001,58,905,450,0,3.2,58,905,0,450,55.88,64.34,0.15,1019,0.7000000000000001,189,0.9,24.1181,18.7829
2022,12,28,15,30,10.100000000000001,50,817,303,0,5.5,50,817,0,303,73.2,71.97,0.15,1019,0.7000000000000001,180,0.9,15.2345,11.7659
2022,12,28,16,30,7.9,35,618,128,0,2.7,35,618,0,128,69.55,81.33,0.15,1019,0.6000000000000001,171,1.1,0.0000,0.0000
2022,12,28,17,30,6.4,3,34,2,0,1,3,34,0,2,68.57000000000001,92.07000000000001,0.15,1020,0.6000000000000001,164,1.2000000000000002,0.0000,0.0000
2022,12,28,18,30,5.7,0,0,0,0,1,0,0,0,0,71.53,103.52,0.15,1020,0.6000000000000001,154,1.2000000000000002,0.0000,0.0000
2022,12,28,19,30,4.7,0,0,0,0,0.9,0,0,0,0,76.47,115.49000000000001,0.15,1020,0.6000000000000001,142,1.4000000000000001,0.0000,0.0000
2022,12,28,20,30,3,0,0,0,0,0.9,0,0,0,0,85.93,127.79,0.15,1021,0.6000000000000001,136,1.4000000000000001,0.0000,0.0000
2022,12,28,21,30,1.4000000000000001,0,0,0,0,0.8,0,0,0,0,96.11,140.22,0.15,1021,0.6000000000000001,135,1.3,0.0000,0.0000
2022,12,28,22,30,0.6000000000000001,0,0,0,0,0.6000000000000001,0,0,0,0,100,152.48,0.15,1021,0.6000000000000001,137,1.1,0.0000,0.0000
2022,12,28,23,30,0.1,0,0,0,0,0.1,0,0,0,0,100,163.70000000000002,0.15,1021,0.6000000000000001,139,1,0.0000,0.0000
2022,12,29,0,30,-0.30000000000000004,0,0,0,0,-0.30000000000000004,0,0,0,0,100,169.24,0.15,1021,0.6000000000000001,139,1,0.0000,0.0000
2022,12,29,1,30,-0.5,0,0,0,0,-0.5,0,0,0,0,100,162.39000000000001,0.15,1021,0.6000000000000001,140,1,0.0000,0.0000
2022,12,29,2,30,-0.30000000000000004,0,0,0,0,-0.30000000000000004,0,0,0,0,100,150.92000000000002,0.15,1021,0.7000000000000001,139,1.2000000000000002,0.0000,0.0000
2022,12,29,3,30,0.1,0,0,0,0,0,0,0,0,0,99.43,138.61,0.15,1021,0.7000000000000001,135,1.2000000000000002,0.0000,0.0000
2022,12,29,4,30,0.7000000000000001,0,0,0,0,-0.1,0,0,0,0,94.44,126.19,0.15,1021,0.8,125,1.1,0.0000,0.0000
2022,12,29,5,30,1.1,0,0,0,0,-0.1,0,0,0,0,91.77,113.92,0.15,1022,0.8,105,1,0.0000,0.0000
2022,12,29,6,30,1.1,0,0,0,0,-0.1,0,0,0,0,92.01,101.99000000000001,0.15,1022,0.9,81,0.9,0.0000,0.0000
2022,12,29,7,30,2,7,80,7,0,0,7,80,0,7,86.68,90.02,0.15,1022,1,64,0.9,0.0000,0.0000
2022,12,29,8,30,4.3,38,635,148,0,1.1,38,635,0,148,79.64,80.03,0.15,1023,1,61,0.9,0.0000,0.0000
2022,12,29,9,30,7,51,816,319,0,1.8,51,816,0,319,69.43,70.84,0.15,1023,1,61,0.8,16.2071,12.5370
2022,12,29,10,30,10.100000000000001,58,896,458,0,3.1,58,896,0,458,61.61,63.47,0.15,1023,1.1,63,0.7000000000000001,24.6978,19.2470
2022,12,29,11,30,13.200000000000001,61,935,547,0,5,61,935,0,547,57.53,58.69,0.15,1022,1.1,79,0.8,30.3822,23.7462
2022,12,29,12,30,15.3,62,942,573,0,6.6000000000000005,62,942,0,573,56.2,57.14,0.15,1021,1.2000000000000002,98,0.8,32.0896,25.0993
2022,12,29,13,30,16.2,59,930,537,0,8,59,930,0,537,58.46,59.1,0.15,1020,1.2000000000000002,107,0.8,29.7588,23.2540
2022,12,29,14,30,16.3,56,888,442,0,9.1,56,888,0,442,62.39,64.23,0.15,1019,1.2000000000000002,112,0.8,23.7080,18.4651
2022,12,29,15,30,14.8,52,789,298,0,10.3,52,789,0,298,74.53,71.85000000000001,0.15,1019,1.2000000000000002,114,0.9,14.9998,11.5867
2022,12,29,16,30,11.9,38,567,125,0,9.3,38,567,0,125,84.21000000000001,81.21000000000001,0.15,1019,1.2000000000000002,115,1.1,0.0000,0.0000
2022,12,29,17,30,9.4,3,27,2,0,6.9,3,27,0,2,84.54,91.95,0.15,1019,1.2000000000000002,113,1.3,0.0000,0.0000
2022,12,29,18,30,7.9,0,0,0,0,6.6000000000000005,0,0,0,0,91.66,103.39,0.15,1020,1.2000000000000002,114,1.3,0.0000,0.0000
2022,12,29,19,30,7.1000000000000005,0,0,0,0,6.5,0,0,0,0,95.94,115.37,0.15,1020,1.2000000000000002,115,1.2000000000000002,0.0000,0.0000
2022,12,29,20,30,6.7,0,0,0,0,6.5,0,0,0,0,98.48,127.67,0.15,1020,1.3,118,1.2000000000000002,0.0000,0.0000
2022,12,29,21,30,6.2,0,0,0,0,6.2,0,0,0,0,100,140.09,0.15,1020,1.3,121,1.2000000000000002,0.0000,0.0000
2022,12,29,22,30,5.800000000000001,0,0,0,0,5.800000000000001,0,0,0,0,100,152.35,0.15,1020,1.4000000000000001,122,1.1,0.0000,0.0000
2022,12,29,23,30,5.4,0,0,0,3,5.4,0,0,0,0,100,163.57,0.15,1020,1.4000000000000001,121,1.1,0.0000,0.0000
2022,12,30,0,30,5,0,0,0,3,5,0,0,0,0,100,169.18,0.15,1020,1.5,117,1.1,0.0000,0.0000
2022,12,30,1,30,4.7,0,0,0,3,4.7,0,0,0,0,100,162.43,0.15,1019,1.5,111,1.1,0.0000,0.0000
2022,12,30,2,30,4.6000000000000005,0,0,0,0,4.6000000000000005,0,0,0,0,100,150.99,0.15,1019,1.6,104,1,0.0000,0.0000
2022,12,30,3,30,4.6000000000000005,0,0,0,0,4.6000000000000005,0,0,0,0,100,138.68,0.15,1019,1.6,95,0.9,0.0000,0.0000
2022,12,30,4,30,4.800000000000001,0,0,0,0,4.800000000000001,0,0,0,0,100,126.26,0.15,1018,1.7000000000000002,87,0.8,0.0000,0.0000
2022,12,30,5,30,5.2,0,0,0,3,5.2,0,0,0,0,100,113.99000000000001,0.15,1019,1.8,80,0.7000000000000001,0.0000,0.0000
2022,12,30,6,30,5.6000000000000005,0,0,0,3,5.6000000000000005,0,0,0,0,100,102.05,0.15,1019,1.9000000000000001,77,0.7000000000000001,0.0000,0.0000
2022,12,30,7,30,6.6000000000000005,6,56,6,3,6.300000000000001,4,28,18,4,98.01,90.08,0.15,1019,2,79,0.9,0.0000,0.0000
2022,12,30,8,30,8.200000000000001,43,555,139,0,6.9,35,312,4,89,91.82000000000001,80.06,0.15,1019,2.1,84,1.1,0.0000,0.0000
2022,12,30,9,30,9.9,61,745,305,0,8.1,60,691,0,287,88.39,70.85000000000001,0.15,1019,2.1,87,1.1,14.5800,11.2782
2022,12,30,10,30,11.8,70,828,440,0,9.200000000000001,81,649,0,371,83.83,63.47,0.15,1018,2.2,83,1.1,20.0063,15.5909
2022,12,30,11,30,13.9,77,865,527,0,10.5,98,711,0,468,79.8,58.65,0.15,1017,2.2,78,1.1,26.0000,20.3215
2022,12,30,12,30,15.4,79,873,554,0,11.600000000000001,96,655,0,452,77.94,57.07,0.15,1016,2.2,82,1.2000000000000002,25.3223,19.8068
2022,12,30,13,30,16.3,79,854,519,0,12.600000000000001,95,766,0,489,78.60000000000001,59.01,0.15,1015,2.2,92,1.3,27.1125,21.1871
2022,12,30,14,30,16.5,75,804,426,3,13.4,127,213,0,220,82.17,64.12,0.15,1014,2.2,92,1.2000000000000002,11.8096,9.1988
2022,12,30,15,30,15.600000000000001,66,700,285,7,14.200000000000001,110,14,0,114,91.44,71.73,0.15,1014,2.2,85,0.9,5.7446,4.4382
2022,12,30,16,30,13.8,45,466,117,7,13.8,65,13,57,67,100,81.09,0.15,1014,2.3000000000000003,83,0.8,0.0000,0.0000
2022,12,30,17,30,12.700000000000001,2,14,2,7,12.700000000000001,1,0,29,1,100,91.82000000000001,0.15,1014,2.4000000000000004,89,0.9,0.0000,0.0000
2022,12,30,18,30,12.600000000000001,0,0,0,7,12.600000000000001,0,0,0,0,100,103.26,0.15,1014,2.6,99,0.9,0.0000,0.0000
2022,12,30,19,30,12.600000000000001,0,0,0,7,12.600000000000001,0,0,0,0,100,115.24000000000001,0.15,1014,2.8000000000000003,108,0.8,0.0000,0.0000
2022,12,30,20,30,12.9,0,0,0,7,12.9,0,0,0,0,100,127.54,0.15,1014,3,114,0.9,0.0000,0.0000
2022,12,30,21,30,12.8,0,0,0,7,12.8,0,0,0,0,100,139.96,0.15,1014,3.2,118,0.9,0.0000,0.0000
2022,12,30,22,30,12.4,0,0,0,7,12.4,0,0,0,0,100,152.22,0.15,1014,3.4000000000000004,120,0.9,0.0000,0.0000
2022,12,30,23,30,11.9,0,0,0,7,11.9,0,0,0,0,100,163.45000000000002,0.15,1013,3.6,120,0.8,0.0000,0.0000
2022,12,31,0,30,11.600000000000001,0,0,0,7,11.600000000000001,0,0,0,0,100,169.12,0.15,1012,3.7,122,0.8,0.0000,0.0000
2022,12,31,1,30,11.5,0,0,0,6,11.5,0,0,0,0,100,162.47,0.15,1012,3.8000000000000003,122,0.7000000000000001,0.0000,0.0000
2022,12,31,2,30,11.3,0,0,0,6,11.3,0,0,0,0,100,151.05,0.15,1011,3.7,123,0.7000000000000001,0.0000,0.0000
2022,12,31,3,30,10.9,0,0,0,6,10.9,0,0,0,0,100,138.75,0.15,1011,3.6,128,0.8,0.0000,0.0000
2022,12,31,4,30,10.5,0,0,0,7,10.5,0,0,0,0,100,126.33,0.15,1010,3.5,134,0.7000000000000001,0.0000,0.0000
2022,12,31,5,30,10.3,0,0,0,7,10.3,0,0,0,0,99.85000000000001,114.05,0.15,1011,3.3000000000000003,136,0.7000000000000001,0.0000,0.0000
2022,12,31,6,30,10.3,0,0,0,7,10.200000000000001,0,0,0,0,99.54,102.11,0.15,1011,3.3000000000000003,138,0.7000000000000001,0.0000,0.0000
2022,12,31,7,30,11.200000000000001,6,42,6,7,10.3,2,0,43,2,94.35000000000001,90.13,0.15,1011,3.3000000000000003,158,0.7000000000000001,0.0000,0.0000
2022,12,31,8,30,12.700000000000001,46,493,131,7,11.8,21,1,14,21,94.26,80.10000000000001,0.15,1011,3.4000000000000004,183,1,0.0000,0.0000
2022,12,31,9,30,13.700000000000001,67,679,290,7,12.9,60,1,0,60,94.64,70.87,0.15,1011,3.5,192,1.4000000000000001,3.0475,2.3573
2022,12,31,10,30,14.8,83,753,420,7,13.700000000000001,22,0,0,22,93.4,63.45,0.15,1010,3.7,192,1.5,1.1865,0.9247
2022,12,31,11,30,15.9,93,786,502,8,14.8,54,1,18,55,93.2,58.61,0.15,1009,3.9000000000000004,190,1.7000000000000002,3.0562,2.3888
2022,12,31,12,30,17,96,794,528,7,15.9,31,0,0,31,93.31,57,0.15,1008,4,187,1.9000000000000001,1.7373,1.3590
2022,12,31,13,30,17.900000000000002,92,782,496,6,17,24,0,0,24,94.41,58.910000000000004,0.15,1007,4,184,1.9000000000000001,1.3314,1.0405
2022,12,31,14,30,18.5,80,748,408,6,17.900000000000002,16,0,14,16,96.10000000000001,64.01,0.15,1006,4,191,1.9000000000000001,0.8596,0.6696
2022,12,31,15,30,18.8,66,658,274,7,18.5,57,2,0,58,98.10000000000001,71.61,0.15,1006,3.8000000000000003,209,2,2.9259,2.2609
2022,12,31,16,30,18.400000000000002,45,446,115,7,18.400000000000002,34,2,93,34,100,80.96000000000001,0.15,1006,3.4000000000000004,229,1.9000000000000001,0.0000,0.0000
2022,12,31,17,30,17.3,2,16,2,7,17.3,1,0,29,1,100,91.69,0.15,1007,3.1,248,1.5,0.0000,0.0000
2022,12,31,18,30,16.6,0,0,0,7,16.6,0,0,0,0,100,103.13,0.15,1008,2.9000000000000004,256,1.4000000000000001,0.0000,0.0000
2022,12,31,19,30,19.400000000000002,0,0,0,8,19.1,0,0,0,0,98.16,115.07000000000001,0.14,1007,4.2,194,1,0.0000,0.0000
2022,12,31,20,30,19.1,0,0,0,7,19.1,0,0,0,0,100,127.37,0.14,1007,4.2,195,1.1,0.0000,0.0000
2022,12,31,21,30,19,0,0,0,8,19,0,0,0,0,100,139.8,0.14,1007,4.1000000000000005,194,1.1,0.0000,0.0000
2022,12,31,22,30,18.8,0,0,0,7,18.8,0,0,0,0,100,152.05,0.14,1007,4,198,1.2000000000000002,0.0000,0.0000
2022,12,31,23,30,18.7,0,0,0,0,18.7,0,0,0,0,100,163.28,0.14,1007,3.9000000000000004,205,1.4000000000000001,0.0000,0.0000
